Iter | Sampling Pol | Evaluation Pol | Best (Sampled) 
   0 -7.17 -5.50 -100000000.00 
   1 -6.52 -4.49 -7.17 
   2 -5.93 -4.93 -6.52 
   3 -5.29 -4.35 -5.93 
   4 -4.99 -5.30 -5.29 
   5 -4.50 -4.94 -4.99 
   6 -4.00 -5.31 -4.50 
   7 -4.33 -5.09 -4.00 
   8 -4.49 -5.23 -4.00 
   9 -4.07 -5.45 -4.00 
  10 -3.47 -4.66 -4.00 
  11 -3.84 -3.84 -3.47 
  12 -3.38 -3.81 -3.47 
  13 -2.98 -4.05 -3.38 
  14 -3.19 -3.89 -2.98 
  15 -3.34 -4.20 -2.98 
  16 -3.28 -4.48 -2.98 
  17 -3.67 -4.79 -2.98 
  18 -2.12 -4.06 -2.98 
  19 -3.70 -5.82 -2.12 
  20 -3.21 -5.60 -2.12 
  21 -1.96 -5.09 -2.12 
  22 -2.63 -3.43 -1.96 
  23 -2.90 -4.94 -1.96 
  24 -3.05 -4.40 -1.96 
  25 -3.01 -4.01 -1.96 
  26 -2.25 -1.77 -1.96 
  27 -0.81 -1.85 -1.96 
  28 -2.45 -3.56 -0.81 
  29 -1.95 -3.47 -0.81 
  30 -2.54 -2.55 -0.81 
  31 -2.31 -3.61 -0.81 
  32 -2.87 -3.69 -0.81 
  33 -1.74 -3.64 -0.81 
  34 -2.17 -1.27 -0.81 
  35 -2.05 -3.55 -0.81 
  36 -1.68 -3.74 -0.81 
  37 -1.66 -4.03 -0.81 
  38 -2.02 -3.88 -0.81 
  39 -0.64 -3.54 -0.81 
  40 -1.31 -1.68 -0.64 
  41  0.08 -2.47 -0.64 
  42 -0.87 -3.20  0.08 
  43 -0.70 -3.43  0.08 
  44  0.20 -3.71  0.08 
  45 -0.84 -1.65  0.20 
  46 -0.25 -3.74  0.20 
  47  0.66 -3.48  0.20 
  48  0.83 -3.61  0.66 
  49  1.12 -1.49  0.83 
  50  1.04 -3.30  1.12 
  51 -0.12 -3.09  1.12 
  52  0.79 -2.33  1.12 
  53  1.75  0.09  1.12 
  54  1.74 -2.29  1.75 
  55  1.78 -3.18  1.75 
  56  0.52  0.83  1.78 
  57  2.75 -1.42  1.78 
  58  2.80  1.59  2.75 
  59  2.34  1.33  2.80 
  60  2.05  3.59  2.80 
  61  5.94  2.57  2.80 
  62  2.39  4.69  5.94 
  63  4.19  6.67  5.94 
  64  1.44  2.62  5.94 
  65  5.11 -0.88  5.94 
  66  4.00  1.01  5.94 
  67  3.30  2.17  5.94 
  68  7.00  3.23  5.94 
  69  3.72  1.23  7.00 
  70  5.64  3.01  7.00 
  71  4.67 10.35  7.00 
  72  2.91  6.70  7.00 
  73  7.90  6.41  7.00 
  74  4.90 28.40  7.90 
  75  5.10  7.10  7.90 
  76  8.01  2.53  7.90 
  77 10.95  3.83  8.01 
  78  6.76 11.52 10.95 
  79  5.12  3.03 10.95 
  80 10.18  4.71 10.95 
  81 12.40  8.18 10.95 
  82  8.67 10.07 12.40 
  83 12.17 15.56 12.40 
  84  9.62  7.99 12.40 
  85  6.47 10.75 12.40 
  86 13.85 55.70 12.40 
  87 23.05 29.44 13.85 
  88 16.26 38.10 23.05 
  89  7.70 10.41 23.05 
  90 22.59 83.32 23.05 
  91 18.29 66.97 23.05 
  92 16.33 19.07 23.05 
  93 17.98 15.06 23.05 
  94 11.40 10.68 23.05 
  95 17.02 31.68 23.05 
  96 20.92 36.95 23.05 
  97 10.62  7.79 23.05 
  98 19.09  9.46 23.05 
  99 18.30 22.64 23.05 
 100 18.43 36.54 23.05 
 101 16.86  8.76 23.05 
 102 15.24 12.77 23.05 
 103 36.66 13.55 23.05 
 104 28.03 22.79 36.66 
 105 14.94 11.78 36.66 
 106 22.03 33.41 36.66 
 107 20.39 14.80 36.66 
 108 31.03 21.58 36.66 
 109 18.22 29.62 36.66 
 110 33.94 10.99 36.66 
 111 26.83  9.90 36.66 
 112 31.13 28.55 36.66 
 113 22.46 31.94 36.66 
 114 21.45 44.36 36.66 
 115 27.37 31.02 36.66 
 116 26.23 24.34 36.66 
 117 31.00 83.07 36.66 
 118 31.93 16.84 36.66 
 119 49.24 16.08 36.66 
 120 28.69 21.18 49.24 
 121 23.53 24.78 49.24 
 122 25.99 38.60 49.24 
 123 37.97 55.89 49.24 
 124 21.45 90.67 49.24 
 125 33.92 38.04 49.24 
 126 34.46 52.02 49.24 
 127 42.42 39.60 49.24 
 128 30.78 30.02 49.24 
 129 34.75 14.29 49.24 
 130 22.37 24.85 49.24 
 131 33.03 44.99 49.24 
 132 46.26 46.39 49.24 
 133 32.97 84.18 49.24 
 134 29.28 68.56 49.24 
 135 35.65 12.71 49.24 
 136 32.00 14.58 49.24 
 137 34.09 41.15 49.24 
 138 53.75 27.20 49.24 
 139 41.45 25.66 53.75 
 140 54.85 49.91 53.75 
 141 43.22 44.30 54.85 
 142 36.10 71.75 54.85 
 143 43.55 44.91 54.85 
 144 41.58 39.28 54.85 
 145 59.22 26.45 54.85 
 146 52.70  8.00 59.22 
 147 37.33 26.18 59.22 
 148 67.19 13.87 59.22 
 149 50.82 11.96 67.19 
 150 45.62 11.69 67.19 
 151 44.85 27.13 67.19 
 152 46.38 29.66 67.19 
 153 37.92 42.73 67.19 
 154 68.97 100.27 67.19 
 155 59.57 144.11 68.97 
 156 42.97 63.95 68.97 
 157 49.05 69.35 68.97 
 158 37.96 131.52 68.97 
 159 52.52 51.13 68.97 
 160 62.67 57.04 68.97 
 161 54.72 87.67 68.97 
 162 46.12 68.57 68.97 
 163 36.54 39.69 68.97 
 164 52.66 36.35 68.97 
 165 47.30 30.70 68.97 
 166 53.32 113.75 68.97 
 167 46.18 34.69 68.97 
 168 64.57 37.68 68.97 
 169 66.45 128.26 68.97 
 170 42.94 67.19 68.97 
 171 56.52 95.10 68.97 
 172 75.80 34.79 68.97 
 173 50.70 41.90 75.80 
 174 65.34 63.96 75.80 
 175 65.65 39.87 75.80 
 176 74.35 26.41 75.80 
 177 51.08 37.19 75.80 
 178 59.30 47.12 75.80 
 179 86.76 80.01 75.80 
 180 51.79 86.22 86.76 
 181 105.22 102.42 86.76 
 182 90.36 73.84 105.22 
 183 69.50 46.49 105.22 
 184 74.13 11.10 105.22 
 185 79.14 18.01 105.22 
 186 98.77 46.68 105.22 
 187 96.61 54.04 105.22 
 188 105.51 34.35 105.22 
 189 90.13 52.05 105.51 
 190 117.62 47.99 105.51 
 191 99.91 50.21 117.62 
 192 109.05 29.84 117.62 
 193 84.95 30.01 117.62 
 194 95.82 43.60 117.62 
 195 146.05 77.54 117.62 
 196 138.18 40.70 146.05 
 197 86.26 29.78 146.05 
 198 78.08 121.90 146.05 
 199 128.12 75.55 146.05 
 200 154.83 106.07 146.05 
 201 145.11 108.83 154.83 
 202 101.55 186.02 154.83 
 203 158.05 112.56 154.83 
 204 121.27 121.81 158.05 
 205 107.86 152.59 158.05 
 206 145.62 88.41 158.05 
 207 149.98 63.70 158.05 
 208 151.98 92.05 158.05 
 209 129.23 43.10 158.05 
 210 121.87 85.45 158.05 
 211 139.02 101.58 158.05 
 212 180.25 87.17 158.05 
 213 162.12 131.03 180.25 
 214 116.75 45.53 180.25 
 215 92.87 86.06 180.25 
 216 138.16 44.19 180.25 
 217 119.04 97.63 180.25 
 218 231.99 103.30 180.25 
 219 131.84 49.03 231.99 
 220 130.46 87.60 231.99 
 221 189.38 103.93 231.99 
 222 122.16 67.05 231.99 
 223 142.74 177.46 231.99 
 224 110.58 84.09 231.99 
 225 111.21 217.64 231.99 
 226 100.72 90.55 231.99 
 227 170.67 123.43 231.99 
 228 165.01 55.05 231.99 
 229 128.56 138.73 231.99 
 230 142.43 70.45 231.99 
 231 150.07 80.37 231.99 
 232 121.26 12.84 231.99 
 233 152.60 55.65 231.99 
 234 164.56 101.40 231.99 
 235 168.04 67.37 231.99 
 236 144.99 197.93 231.99 
 237 234.35 72.72 231.99 
 238 204.92 208.21 234.35 
 239 228.79 170.28 234.35 
 240 172.93 171.49 234.35 
 241 198.07 131.45 234.35 
 242 214.65 140.91 234.35 
 243 212.45 178.46 234.35 
 244 181.48 72.00 234.35 
 245 203.00 91.40 234.35 
 246 235.61 178.21 234.35 
 247 248.97 254.64 235.61 
 248 272.64 363.64 248.97 
 249 259.91 391.13 272.64 
 250 238.26 454.78 272.64 
 251 243.38 448.29 272.64 
 252 198.94 362.60 272.64 
 253 233.87 365.75 272.64 
 254 282.37 404.12 272.64 
 255 189.97 386.61 282.37 
 256 291.70 346.36 282.37 
 257 197.12 319.43 291.70 
 258 246.79 244.77 291.70 
 259 278.86 375.10 291.70 
 260 246.45 312.39 291.70 
 261 178.82 315.67 291.70 
 262 267.33 249.99 291.70 
 263 177.26 378.98 291.70 
 264 234.13 279.49 291.70 
 265 218.62 412.80 291.70 
 266 343.28 302.87 291.70 
 267 328.75 396.17 343.28 
 268 287.08 452.94 343.28 
 269 330.38 439.12 343.28 
 270 303.60 478.96 343.28 
 271 326.30 613.37 343.28 
 272 276.46 402.38 343.28 
 273 270.44 383.53 343.28 
 274 234.22 493.78 343.28 
 275 357.95 645.58 343.28 
 276 230.42 562.88 357.95 
 277 284.30 466.28 357.95 
 278 267.67 484.71 357.95 
 279 362.99 353.06 357.95 
 280 241.56 563.62 362.99 
 281 228.02 557.26 362.99 
 282 280.70 618.74 362.99 
 283 342.95 588.91 362.99 
 284 264.10 539.52 362.99 
 285 268.80 511.64 362.99 
 286 316.62 611.19 362.99 
 287 324.22 538.11 362.99 
 288 376.14 316.26 362.99 
 289 300.85 290.86 376.14 
 290 319.16 389.94 376.14 
 291 318.72 494.82 376.14 
 292 366.45 444.45 376.14 
 293 332.74 618.26 376.14 
 294 366.23 591.88 376.14 
 295 320.21 615.42 376.14 
 296 381.20 526.37 376.14 
 297 405.70 513.83 381.20 
 298 309.86 626.07 405.70 
 299 302.27 496.37 405.70 
 276 318.29 307.72 -100000000.00 
 277 311.32 506.08 318.29 
 278 215.52 484.16 318.29 
 279 311.76 430.83 318.29 
 280 249.92 190.54 318.29 
 281 237.75 301.90 318.29 
 282 332.37 255.60 318.29 
 283 207.05 377.58 332.37 
 284 235.94 444.46 332.37 
 285 285.04 256.30 332.37 
 286 278.49 299.97 332.37 
 287 257.02 310.01 332.37 
 288 283.58 348.59 332.37 
 289 240.36 324.00 332.37 
 290 369.50 391.67 332.37 
 291 240.53 479.53 369.50 
 292 258.66 470.12 369.50 
 293 298.20 360.88 369.50 
 294 414.38 399.37 369.50 
 295 270.25 337.27 414.38 
 296 377.23 426.45 414.38 
 297 273.33 322.44 414.38 
 298 330.71 386.84 414.38 
 299 256.60 266.33 414.38 
 300 305.90 302.36 414.38 
 301 326.15 249.98 414.38 
 302 314.04 365.36 414.38 
 303 363.04 311.25 414.38 
 304 334.08 269.04 414.38 
 305 249.90 307.16 414.38 
 306 327.61 383.88 414.38 
 307 269.51 324.86 414.38 
 308 341.28 392.41 414.38 
 309 300.01 309.30 414.38 
 310 334.81 397.05 414.38 
 311 359.77 379.09 414.38 
 312 368.16 320.58 414.38 
 313 404.49 438.12 414.38 
 314 330.80 387.34 414.38 
 315 394.51 458.56 414.38 
 316 375.58 433.06 414.38 
 317 480.25 409.13 414.38 
 318 263.67 396.35 480.25 
 319 364.98 559.65 480.25 
 320 430.80 421.42 480.25 
 321 377.47 434.62 480.25 
 322 379.51 593.98 480.25 
 323 407.28 598.92 480.25 
 324 484.53 581.88 480.25 
 325 477.84 542.53 484.53 
 326 390.18 514.47 484.53 
 327 389.22 526.71 484.53 
 328 548.00 461.48 484.53 
 329 525.40 489.14 548.00 
 330 637.14 406.41 548.00 
 331 523.18 683.42 637.14 
 332 429.25 704.32 637.14 
 333 518.84 597.18 637.14 
 334 551.38 552.16 637.14 
 335 499.62 619.16 637.14 
 336 527.83 683.99 637.14 
 337 586.50 407.60 637.14 
 338 512.69 442.57 637.14 
 339 543.09 384.29 637.14 
 340 561.67 454.17 637.14 
 341 596.06 593.51 637.14 
 342 476.98 484.66 637.14 
 343 557.69 667.40 637.14 
 344 713.04 696.69 637.14 
 345 566.83 756.64 713.04 
 346 571.39 945.01 713.04 
 347 657.96 903.76 713.04 
 348 578.43 889.49 713.04 
 349 586.66 608.91 713.04 
 350 583.08 683.20 713.04 
 351 616.58 712.31 713.04 
 352 732.21 898.13 713.04 
 353 628.47 816.36 732.21 
 354 557.07 821.36 732.21 
 355 603.92 713.98 732.21 
 356 771.61 647.83 732.21 
 357 621.53 589.32 771.61 
 358 611.58 612.01 771.61 
 359 587.50 666.95 771.61 
 360 785.72 747.22 771.61 
 361 565.75 913.11 785.72 
 362 719.47 979.72 785.72 
 363 745.33 893.92 785.72 
 364 769.09 1051.37 785.72 
 365 791.49 1312.07 785.72 
 366 882.00 1294.57 791.49 
 367 859.11 937.00 882.00 
 368 802.20 975.88 882.00 
 369 800.90 923.69 882.00 
 370 786.82 993.55 882.00 
 371 814.25 1018.71 882.00 
 372 770.01 1098.20 882.00 
 373 885.05 1061.66 882.00 
 374 875.00 1141.50 885.05 
 375 800.75 1017.08 885.05 
 376 821.47 1199.22 885.05 
 377 846.47 1108.09 885.05 
 378 883.84 1258.15 885.05 
 379 898.83 1051.04 885.05 
 380 779.28 1201.82 898.83 
 381 787.02 1217.02 898.83 
 382 856.18 1153.96 898.83 
 383 783.56 1169.32 898.83 
 384 828.73 1087.21 898.83 
 385 976.69 1216.44 898.83 
 386 816.36 1081.42 976.69 
 387 810.63 1085.44 976.69 
 388 965.22 1135.74 976.69 
 389 949.80 1101.25 976.69 
 390 907.03 1153.97 976.69 
 391 925.86 1151.51 976.69 
 392 841.33 1033.79 976.69 
 393 952.25 974.47 976.69 
 394 888.17 1031.67 976.69 
 395 1072.27 1220.05 976.69 
 396 992.60 1309.63 1072.27 
 397 1117.59 1187.56 1072.27 
 398 1032.07 1247.74 1117.59 
 399 1050.36 1152.24 1117.59 
 400 1127.73 1417.83 1117.59 
 401 1176.03 1169.46 1127.73 
 402 1065.61 1378.85 1176.03 
 403 1130.57 1488.93 1176.03 
 404 1091.41 1552.87 1176.03 
 405 1041.72 1359.76 1176.03 
 406 1089.90 1467.86 1176.03 
 407 1057.13 1636.27 1176.03 
 408 1167.16 1403.15 1176.03 
 409 1143.24 1207.69 1176.03 
 410 1143.30 1392.81 1176.03 
 411 1328.19 1342.15 1176.03 
 412 1108.76 1569.12 1328.19 
 413 1253.96 1321.73 1328.19 
 414 1277.36 1559.47 1328.19 
 415 1293.11 1454.37 1328.19 
 416 1294.62 1369.83 1328.19 
 417 1219.57 1124.31 1328.19 
 418 1310.47 1413.38 1328.19 
 419 1246.86 1533.44 1328.19 
 420 1329.09 1581.12 1328.19 
 421 1238.65 1524.16 1329.09 
 422 1381.21 1548.33 1329.09 
 423 1289.61 1458.29 1381.21 
 424 1486.10 1481.47 1381.21 
 425 1282.23 1478.08 1486.10 
 426 1415.34 1372.81 1486.10 
 427 1300.24 1578.17 1486.10 
 428 1478.48 1658.19 1486.10 
 429 1292.93 1445.94 1486.10 
 430 1561.41 1574.68 1486.10 
 431 1473.22 1752.02 1561.41 
 432 1508.54 1654.42 1561.41 
 433 1546.34 1627.30 1561.41 
 434 1534.69 1387.01 1561.41 
 435 1536.32 1560.69 1561.41 
 436 1468.84 1608.01 1561.41 
 437 1361.80 1786.22 1561.41 
 438 1492.94 1642.98 1561.41 
 439 1477.56 1584.43 1561.41 
 440 1613.86 1542.35 1561.41 
 441 1656.81 1670.10 1613.86 
 442 1735.94 1522.58 1656.81 
 443 1540.58 1662.70 1735.94 
 444 1706.86 1411.82 1735.94 
 445 1547.91 1696.95 1735.94 
 446 1506.73 1476.54 1735.94 
 447 1558.70 1610.98 1735.94 
 448 1625.91 1570.70 1735.94 
 449 1709.36 1497.85 1735.94 
 450 1847.99 1671.19 1735.94 
 451 1648.61 1502.96 1847.99 
 452 1700.15 1554.76 1847.99 
 453 1631.30 1612.16 1847.99 
 454 1642.24 1336.68 1847.99 
 455 1620.74 1410.87 1847.99 
 456 1481.32 1535.67 1847.99 
 457 1716.54 1432.24 1847.99 
 458 1638.27 1613.20 1847.99 
 459 1670.64 1537.77 1847.99 
 460 1654.02 1613.65 1847.99 
 461 1794.17 1747.36 1847.99 
 462 1724.32 1856.50 1847.99 
 463 1917.02 1686.52 1847.99 
 464 1848.00 1977.15 1917.02 
 465 1748.76 1892.89 1917.02 
 466 1831.44 1731.30 1917.02 
 467 1741.33 1803.28 1917.02 
 468 1667.59 1661.90 1917.02 
 469 1734.39 1536.39 1917.02 
 470 1606.71 1933.50 1917.02 
 471 1802.39 1848.58 1917.02 
 472 1746.63 2006.91 1917.02 
 473 1779.92 1792.89 1917.02 
 474 1893.92 1850.17 1917.02 
 475 1859.03 2115.77 1917.02 
 476 2007.59 1994.87 1917.02 
 477 1880.60 1841.95 2007.59 
 478 1816.57 1976.88 2007.59 
 479 2100.93 1834.31 2007.59 
 480 1898.21 1740.89 2100.93 
 481 1915.98 1782.95 2100.93 
 482 2034.11 1677.84 2100.93 
 483 1784.12 1812.32 2100.93 
 484 1897.79 1735.72 2100.93 
 485 1862.03 1754.31 2100.93 
 486 1831.51 1897.97 2100.93 
 487 1849.97 1705.65 2100.93 
 488 2036.44 1710.63 2100.93 
 489 2130.12 1731.79 2100.93 
 490 1794.99 1798.97 2130.12 
 491 1884.77 1690.87 2130.12 
 492 1819.30 1866.76 2130.12 
 493 1881.21 1893.60 2130.12 
 494 2074.97 1654.00 2130.12 
 495 2158.02 1602.60 2130.12 
 496 1935.91 1668.46 2158.02 
 497 2115.73 1587.98 2158.02 
 498 2006.10 1603.41 2158.02 
 499 1875.36 1874.74 2158.02 
