Iter | Sampling Pol | Evaluation Pol | Best (Sampled) 
   0 -4.42 -5.43 -100000000.00 
   1 -4.98 -1.28 -4.42 
   2 -4.39 -3.89 -4.42 
   3 -4.97 -4.34 -4.39 
   4 -5.05 -3.04 -4.39 
   5 -4.28 -4.01 -4.39 
   6 -4.00 -4.02 -4.28 
   7 -4.02 -3.80 -4.00 
   8 -4.30 -3.94 -4.00 
   9 -2.95 -3.93 -4.00 
  10 -2.98 -3.81 -2.95 
  11 -4.18 -4.09 -2.95 
  12 -3.68 -4.08 -2.95 
  13 -3.42 -3.85 -2.95 
  14 -2.68 -4.09 -2.95 
  15 -3.60 -3.85 -2.68 
  16 -3.65 -3.91 -2.68 
  17 -2.53 -3.96 -2.68 
  18 -2.74 -4.24 -2.53 
  19 -2.77 -3.65 -2.53 
  20 -2.82 -3.84 -2.53 
  21  3.08 -3.85 -2.53 
  22 -0.44 -3.38  3.08 
  23 -3.03 -4.00  3.08 
  24 -3.41 -3.86  3.08 
  25 -1.47 -3.17  3.08 
  26 -2.38 -3.14  3.08 
  27 -1.75 -3.40  3.08 
  28 -1.27 -3.02  3.08 
  29 -3.41 -3.45  3.08 
  30 -2.49 -3.55  3.08 
  31 -1.00 -3.71  3.08 
  32 -1.85 30.35  3.08 
  33 -2.36 11.59  3.08 
  34 -1.17 16.38  3.08 
  35 -0.38 -0.45  3.08 
  36  0.24  3.64  3.08 
  37 -0.98 10.48  3.08 
  38  0.59  7.84  3.08 
  39  0.26  1.56  3.08 
  40 -2.02  7.21  3.08 
  41  1.11  8.88  3.08 
  42 -2.47 22.70  3.08 
  43 -1.38 10.43  3.08 
  44  1.02 16.03  3.08 
  45  2.21 26.78  3.08 
  46 -0.59  8.51  3.08 
  47 -0.53  7.24  3.08 
  48  2.51  1.48  3.08 
  49  1.03 -0.84  3.08 
  50  3.06  0.62  3.08 
  51  6.87 16.74  3.08 
  52  4.58 25.68  6.87 
  53  5.92  5.88  6.87 
  54  2.01 15.77  6.87 
  55  2.63 26.55  6.87 
  56  3.11 19.54  6.87 
  57  6.70  9.82  6.87 
  58  3.99  1.36  6.87 
  59  3.85  4.60  6.87 
  60  1.34 -1.59  6.87 
  61  1.23  7.99  6.87 
  62  4.50  8.04  6.87 
  63  2.40  6.98  6.87 
  64 10.68  8.24  6.87 
  65  5.92  9.12 10.68 
  66  8.39  5.01 10.68 
  67  7.90  4.36 10.68 
  68  3.88  5.16 10.68 
  69  7.06 13.82 10.68 
  70  4.01 12.70 10.68 
  71  4.61 26.40 10.68 
  72  3.52 20.68 10.68 
  73  9.08 52.79 10.68 
  74 10.09 69.18 10.68 
  75  3.20 37.39 10.68 
  76  4.41 46.01 10.68 
  77 12.87 38.56 10.68 
  78  5.16 30.21 12.87 
  79  5.28 48.82 12.87 
  80  9.07 53.27 12.87 
  81  8.47 11.48 12.87 
  82 11.14 35.93 12.87 
  83 11.86 29.84 12.87 
  84  4.67 34.34 12.87 
  85  5.73 34.65 12.87 
  86  4.47 38.56 12.87 
  87  8.84 24.34 12.87 
  88  8.31  6.15 12.87 
  89 10.15  2.31 12.87 
  90 10.16  2.51 12.87 
  91  5.76  5.14 12.87 
  92 12.97  2.49 12.87 
  93  6.62 -1.84 12.97 
  94  7.50 -0.86 12.97 
  95  6.33  8.47 12.97 
  96 15.02  7.19 12.97 
  97  7.94  5.82 15.02 
  98 13.15 13.85 15.02 
  99 17.16 45.75 15.02 
 100 17.95 14.66 17.16 
 101 13.72  0.64 17.95 
 102  9.80  4.02 17.95 
 103 11.99  2.95 17.95 
 104 10.19 26.18 17.95 
 105  7.94 19.33 17.95 
 106 18.30 25.28 17.95 
 107 10.86 56.22 18.30 
 108 25.19 117.65 18.30 
 109 24.28 58.93 25.19 
 110 24.02 43.71 25.19 
 111 26.41 41.51 25.19 
 112 15.13 27.31 26.41 
 113 13.45 60.51 26.41 
 114 19.30 100.33 26.41 
 115 21.89 40.47 26.41 
 116 16.11 48.84 26.41 
 117 19.38 55.97 26.41 
 118 24.98 65.58 26.41 
 119 30.52 57.36 26.41 
 120 32.69 91.39 30.52 
 121 26.46 72.53 32.69 
 122 23.70 79.24 32.69 
 123 46.45 94.41 32.69 
 124 37.73 46.92 46.45 
 125 40.03 71.36 46.45 
 126 45.20 167.51 46.45 
 127 53.60 82.20 46.45 
 128 38.30 111.59 53.60 
 129 54.01 110.31 53.60 
 130 72.27 128.01 54.01 
 131 58.13 78.37 72.27 
 132 63.37 79.72 72.27 
 133 35.97 131.58 72.27 
 134 68.17 150.07 72.27 
 135 60.24 165.24 72.27 
 136 75.94 103.74 72.27 
 137 66.57 128.07 75.94 
 138 48.06 81.91 75.94 
 139 55.11 105.95 75.94 
 140 72.18 118.20 75.94 
 141 88.73 174.81 75.94 
 142 86.06 152.01 88.73 
 143 58.08 222.57 88.73 
 144 96.18 134.00 88.73 
 145 85.67 111.09 96.18 
 146 122.13 140.33 96.18 
 147 93.88 138.20 122.13 
 148 65.80 147.87 122.13 
 149 112.90 86.45 122.13 
 150 94.53 130.62 122.13 
 151 115.15 141.32 122.13 
 152 86.16 124.63 122.13 
 153 110.97 69.64 122.13 
 154 121.59 58.55 122.13 
 155 128.09 68.21 122.13 
 156 98.71 106.16 128.09 
 157 157.97 57.24 128.09 
 158 139.76 50.82 157.97 
 159 158.15 88.90 157.97 
 160 152.44 171.01 158.15 
 161 184.87 80.17 158.15 
 162 179.15 69.35 184.87 
 163 166.16 113.13 184.87 
 164 156.93 166.92 184.87 
 165 123.23 148.77 184.87 
 166 173.35 117.40 184.87 
 167 188.67 111.98 184.87 
 168 262.32 191.51 188.67 
 169 148.42 150.38 262.32 
 170 192.88 124.52 262.32 
 171 202.33 177.94 262.32 
 172 204.70 170.69 262.32 
 173 225.13 165.45 262.32 
 174 235.67 141.66 262.32 
 175 199.11 173.79 262.32 
 176 252.88 141.84 262.32 
 177 288.57 159.92 262.32 
 178 228.79 206.11 288.57 
 179 214.38 296.43 288.57 
 180 260.49 240.56 288.57 
 181 292.82 345.99 288.57 
 182 347.72 201.09 292.82 
 183 341.73 308.20 347.72 
 184 278.62 199.63 347.72 
 185 279.92 193.86 347.72 
 186 339.74 222.11 347.72 
 187 361.36 192.73 347.72 
 188 319.97 291.22 361.36 
 189 341.60 260.13 361.36 
 190 420.77 264.34 361.36 
 191 307.58 273.25 420.77 
 192 386.17 271.20 420.77 
 193 414.05 276.50 420.77 
 194 360.28 329.92 420.77 
 195 390.50 267.40 420.77 
 196 425.93 303.10 420.77 
 197 395.02 383.27 425.93 
 198 451.78 292.73 425.93 
 199 514.06 269.26 451.78 
 200 451.99 323.90 514.06 
 201 580.05 238.65 514.06 
 202 537.49 306.89 580.05 
 203 582.09 358.41 580.05 
 204 546.89 492.89 582.09 
 205 539.50 297.32 582.09 
 206 701.40 300.96 582.09 
 207 596.70 366.57 701.40 
 208 599.15 258.74 701.40 
 209 642.86 340.37 701.40 
 210 682.18 332.80 701.40 
 211 688.53 318.71 701.40 
 212 623.28 475.39 701.40 
 213 772.45 607.68 701.40 
 214 678.85 293.45 772.45 
 215 766.28 409.47 772.45 
 216 817.89 382.94 772.45 
 217 698.97 501.00 817.89 
 218 845.20 348.84 817.89 
 219 830.51 242.11 845.20 
 220 939.34 423.58 845.20 
 221 877.25 395.53 939.34 
 222 996.20 613.34 939.34 
 223 1016.90 400.08 996.20 
 224 742.83 571.98 1016.90 
 225 831.37 695.71 1016.90 
 226 818.84 651.51 1016.90 
 227 813.20 864.35 1016.90 
 228 994.15 1002.75 1016.90 
 229 1084.44 722.59 1016.90 
 230 1042.07 1070.76 1084.44 
 231 1095.29 722.22 1084.44 
 232 974.86 766.58 1095.29 
 233 1088.53 696.05 1095.29 
 234 1084.51 796.18 1095.29 
 235 1151.59 718.36 1095.29 
 236 1092.50 739.48 1151.59 
 237 1284.75 867.64 1151.59 
 238 1159.30 728.91 1284.75 
 239 1349.40 900.79 1284.75 
 240 1148.46 982.02 1349.40 
 241 1035.00 965.16 1349.40 
 242 1303.88 823.23 1349.40 
 243 1139.08 882.29 1349.40 
 244 1359.66 649.94 1349.40 
 245 1343.01 900.65 1359.66 
 246 1429.02 813.65 1359.66 
 247 1395.12 999.75 1429.02 
 248 1344.80 865.83 1429.02 
 249 1463.61 893.59 1429.02 
 250 1363.26 929.06 1463.61 
 251 1397.86 1142.03 1463.61 
 252 1281.91 839.42 1463.61 
 253 1429.79 960.38 1463.61 
 254 1444.19 1102.32 1463.61 
 255 1541.18 1012.07 1463.61 
 256 1498.46 952.74 1541.18 
 257 1590.15 1045.09 1541.18 
 258 1533.25 1172.12 1590.15 
 259 1627.85 1323.15 1590.15 
 260 1601.63 1262.17 1627.85 
 261 1665.91 1301.91 1627.85 
 262 1756.62 1378.49 1665.91 
 263 1644.29 1276.07 1756.62 
 264 1847.07 1291.30 1756.62 
 265 1793.69 1299.48 1847.07 
 266 1829.38 1182.55 1847.07 
 267 1872.21 1466.78 1847.07 
 268 1890.73 1361.86 1872.21 
 269 1727.37 1134.30 1890.73 
 270 1873.96 1543.02 1890.73 
 271 1997.78 1600.07 1890.73 
 272 1955.63 1613.64 1997.78 
 273 1982.75 1290.10 1997.78 
 274 1966.46 1336.42 1997.78 
 275 1846.33 1574.88 1997.78 
 276 2016.02 1444.71 1997.78 
 277 1846.71 1583.57 2016.02 
 278 1958.13 1524.09 2016.02 
 279 1803.95 1768.20 2016.02 
 280 1876.57 1663.54 2016.02 
 281 1891.62 1690.94 2016.02 
 282 1924.77 1586.40 2016.02 
 283 1850.40 1645.60 2016.02 
 284 1840.32 1686.36 2016.02 
 285 2005.65 1581.19 2016.02 
 286 2043.35 1680.68 2016.02 
 287 1974.83 1866.69 2043.35 
 288 1928.44 1567.61 2043.35 
 289 1957.62 1434.03 2043.35 
 290 1966.55 1508.88 2043.35 
 291 2199.91 1612.78 2043.35 
 292 1965.70 1626.21 2199.91 
 293 2012.24 1844.06 2199.91 
 294 2062.65 1768.41 2199.91 
 295 2080.36 1884.03 2199.91 
 296 2027.60 1589.05 2199.91 
 297 2058.78 2118.16 2199.91 
 298 2154.37 1728.83 2199.91 
 299 2061.15 2006.73 2199.91 
