Iter | Sampling Pol | Evaluation Pol | Best (Sampled) 
   0 -7.47 -6.21 -100000000.00 
   1 -7.19 -5.85 -7.47 
   2 -6.92 -5.24 -7.19 
   3 -6.63 -4.74 -6.92 
   4 -6.45 -4.31 -6.63 
   5 -5.71 -4.01 -6.45 
   6 -5.62 -4.41 -5.71 
   7 -5.57 -4.28 -5.62 
   8 -5.11 -4.19 -5.57 
   9 -4.98 -3.97 -5.11 
  10 -4.82 -4.15 -4.98 
  11 -4.88 -4.07 -4.82 
  12 -4.53 -4.26 -4.82 
  13 -4.17 -3.91 -4.53 
  14 -4.32 -3.39 -4.17 
  15 -3.93 -3.49 -4.17 
  16 -4.28 -3.60 -3.93 
  17 -4.03 -3.45 -3.93 
  18 -4.28 -3.59 -3.93 
  19 -3.72 -3.73 -3.93 
  20 -3.68 -3.60 -3.72 
  21 -3.31 -3.51 -3.68 
  22 -3.15 -3.17 -3.31 
  23 -3.39 -3.39 -3.15 
  24 -3.38 -0.31 -3.15 
  25 -3.87 -2.78 -3.15 
  26 -3.53 -2.93 -3.15 
  27 -3.44 -2.83 -3.15 
  28 -3.61 -3.05 -3.15 
  29 -3.29 -0.94 -3.15 
  30 -1.76 -1.23 -3.15 
  31 -3.42 -0.60 -1.76 
  32 -3.10 -1.51 -1.76 
  33 -2.65 -1.37 -1.76 
  34 -1.92 -2.24 -1.76 
  35 -3.33 -0.63 -1.76 
  36 -2.47 -1.01 -1.76 
  37 -3.17 -0.39 -1.76 
  38 -2.49 -1.72 -1.76 
  39 -2.12 -2.11 -1.76 
  40 -0.28 -2.84 -1.76 
  41 -1.44  1.02 -0.28 
  42 -1.44  2.44 -0.28 
  43 -1.54 -1.51 -0.28 
  44 -1.23 -2.73 -0.28 
  45 -1.52 -2.57 -0.28 
  46 -1.03 -1.26 -0.28 
  47 -1.27  1.69 -0.28 
  48 -2.46  1.67 -0.28 
  49 -0.77 -1.92 -0.28 
  50 -1.39 -2.28 -0.28 
  51 -1.86 -1.98 -0.28 
  52 -0.68  2.34 -0.28 
  53 -1.04 -2.40 -0.28 
  54 -0.41 -2.56 -0.28 
  55 -1.31 -1.70 -0.28 
  56  0.69 -2.57 -0.28 
  57 -0.52 -2.14  0.69 
  58  0.15 -1.42  0.69 
  59  0.09  0.92  0.69 
  60 -0.49 -2.50  0.69 
  61  0.44 -1.94  0.69 
  62 -0.37 -1.06  0.69 
  63  0.99 -0.29  0.69 
  64  1.20 -0.79  0.99 
  65  2.13 -0.26  1.20 
  66  0.82 -1.82  2.13 
  67  1.55 -1.51  2.13 
  68  1.57  1.00  2.13 
  69  2.44  1.20  2.13 
  70  1.94 -2.18  2.44 
  71  5.12  0.99  2.44 
  72  1.81  0.73  5.12 
  73  3.30 -2.65  5.12 
  74  4.44  2.44  5.12 
  75  6.12  4.05  5.12 
  76  4.14  2.98  6.12 
  77  9.09  3.41  6.12 
  78  7.12  2.72  9.09 
  79 10.19  2.06  9.09 
  80  5.01 16.27 10.19 
  81 12.26  1.51 10.19 
  82 10.84  2.48 12.26 
  83  5.71  1.46 12.26 
  84  7.54  2.94 12.26 
  85  7.39  2.84 12.26 
  86  8.42  7.25 12.26 
  87 16.33  3.46 12.26 
  88 14.93  0.92 16.33 
  89 17.59  6.02 16.33 
  90 23.06  7.33 17.59 
  91 12.97  9.46 23.06 
  92 18.01 12.01 23.06 
  93 29.27 17.60 23.06 
  94 14.57 32.94 29.27 
  95 18.91 11.27 29.27 
  96 25.11 12.34 29.27 
  97 22.32  8.57 29.27 
  98 30.77 14.99 29.27 
  99 29.19 23.99 30.77 
 100 34.63 113.42 30.77 
 101 34.11 11.94 34.63 
 102 39.39 17.20 34.63 
 103 34.99 19.34 39.39 
 104 20.48  6.92 39.39 
 105 24.68  6.19 39.39 
 106 33.04 10.51 39.39 
 107 28.12  6.25 39.39 
 108 37.40 17.30 39.39 
 109 34.71 31.24 39.39 
 110 46.73 39.98 39.39 
 111 40.58 36.41 46.73 
 112 33.42 34.36 46.73 
 113 32.29 34.60 46.73 
 114 41.33 32.76 46.73 
 115 49.66 34.31 46.73 
 116 46.52 40.29 49.66 
 117 48.33 62.78 49.66 
 118 65.31 31.72 49.66 
 119 57.73 12.63 65.31 
 120 48.56 60.66 65.31 
 121 58.32 20.93 65.31 
 122 44.34 30.75 65.31 
 123 59.45 27.67 65.31 
 124 55.44 20.29 65.31 
 125 53.78 32.34 65.31 
 126 66.73 26.17 65.31 
 127 62.81 41.38 66.73 
 128 68.12 32.53 66.73 
 129 70.01 34.26 68.12 
 130 57.80 25.93 70.01 
 131 61.93 13.75 70.01 
 132 77.13 14.85 70.01 
 133 95.07 10.96 77.13 
 134 72.23 15.88 95.07 
 135 97.19 28.26 95.07 
 136 57.94 18.42 97.19 
 137 68.04 17.47 97.19 
 138 64.07 32.16 97.19 
 139 91.33 32.25 97.19 
 140 73.89 49.05 97.19 
 141 89.18 53.95 97.19 
 142 84.48 124.76 97.19 
 143 70.00 36.48 97.19 
 144 81.09 35.81 97.19 
 145 108.34 23.96 97.19 
 146 96.15 45.06 108.34 
 147 88.25 41.33 108.34 
 148 109.45 44.28 108.34 
 149 121.85 48.39 109.45 
 150 107.22 51.26 121.85 
 151 76.16 51.68 121.85 
 152 75.05 37.90 121.85 
 153 94.29 35.39 121.85 
 154 111.82 38.74 121.85 
 155 109.72 40.37 121.85 
 156 78.47 39.99 121.85 
 157 99.35 41.22 121.85 
 158 98.01 65.91 121.85 
 159 102.89 86.75 121.85 
 160 136.66 122.25 121.85 
 161 123.22 167.07 136.66 
 162 103.62 103.48 136.66 
 163 122.88 118.08 136.66 
 164 130.75 164.00 136.66 
 165 115.10 37.48 136.66 
 166 129.89 26.22 136.66 
 167 125.39 86.73 136.66 
 168 140.50 80.57 136.66 
 169 85.29 64.42 140.50 
 170 113.98 83.62 140.50 
 171 103.29 122.92 140.50 
 172 142.01 52.65 140.50 
 173 133.77 55.97 142.01 
 174 177.22 53.69 142.01 
 175 129.23 123.52 177.22 
 176 117.15 105.14 177.22 
 177 128.62 39.26 177.22 
 178 92.33 130.59 177.22 
 179 164.04 64.20 177.22 
 180 122.91 116.32 177.22 
 181 153.12 50.88 177.22 
 182 169.53 71.13 177.22 
 183 128.16 86.64 177.22 
 184 173.54 93.25 177.22 
 185 146.01 141.08 177.22 
 186 152.51 198.46 177.22 
 187 220.72 154.94 177.22 
 188 209.59 91.73 220.72 
 189 202.56 152.51 220.72 
 190 183.68 165.93 220.72 
 191 164.20 63.97 220.72 
 192 173.68 160.97 220.72 
 193 167.51 150.45 220.72 
 194 192.67 115.17 220.72 
 195 229.42 43.23 220.72 
 196 150.24 77.74 229.42 
 197 160.43 123.12 229.42 
 198 199.87 169.09 229.42 
 199 203.98 135.30 229.42 
 200 180.50 138.34 229.42 
 201 220.93 130.84 229.42 
 202 206.96 151.26 229.42 
 203 182.09 174.83 229.42 
 204 185.83 90.94 229.42 
 205 179.52 88.73 229.42 
 206 217.68 87.97 229.42 
 207 200.83 111.72 229.42 
 208 200.76 225.13 229.42 
 209 222.47 343.75 229.42 
 210 273.18 369.34 229.42 
 211 227.36 236.70 273.18 
 212 237.02 257.53 273.18 
 213 295.93 189.79 273.18 
 214 246.93 141.73 295.93 
 215 276.49 143.91 295.93 
 216 298.11 354.80 295.93 
 217 173.97 325.91 298.11 
 218 329.24 157.50 298.11 
 219 324.43 117.18 329.24 
 220 323.18 169.39 329.24 
 221 293.43 200.99 329.24 
 222 275.16 215.80 329.24 
 223 309.71 217.24 329.24 
 224 275.51 265.48 329.24 
 225 295.26 143.08 329.24 
 226 338.30 217.55 329.24 
 227 331.55 214.07 338.30 
 228 353.27 190.10 338.30 
 229 313.30 180.06 353.27 
 230 362.46 170.25 353.27 
 231 335.50 178.50 362.46 
 232 333.61 292.23 362.46 
 233 381.46 278.33 362.46 
 234 437.78 242.59 381.46 
 235 398.77 452.89 437.78 
 236 348.13 287.31 437.78 
 237 388.37 332.38 437.78 
 238 371.59 339.10 437.78 
 239 418.22 366.84 437.78 
 240 356.42 409.41 437.78 
 241 409.23 391.30 437.78 
 242 451.65 303.38 437.78 
 243 442.71 332.69 451.65 
 244 387.17 194.84 451.65 
 245 422.33 301.98 451.65 
 246 481.45 286.80 451.65 
 247 417.80 221.89 481.45 
 248 470.20 280.64 481.45 
 249 411.81 357.45 481.45 
 250 486.88 357.88 481.45 
 251 453.89 386.96 486.88 
 252 531.64 388.29 486.88 
 253 453.02 441.73 531.64 
 254 508.16 508.17 531.64 
 255 536.81 348.16 531.64 
 256 525.67 516.62 536.81 
 257 526.65 306.87 536.81 
 258 599.01 372.87 536.81 
 259 433.22 250.12 599.01 
 260 533.91 378.14 599.01 
 261 527.48 395.56 599.01 
 262 523.61 357.81 599.01 
 263 616.33 438.77 599.01 
 264 666.22 492.49 616.33 
 265 560.21 369.19 666.22 
 266 499.69 513.18 666.22 
 267 579.99 278.12 666.22 
 268 626.75 432.46 666.22 
 269 545.15 510.35 666.22 
 270 511.55 395.48 666.22 
 271 653.84 411.49 666.22 
 272 771.12 546.08 666.22 
 273 663.62 500.02 771.12 
 274 589.59 419.19 771.12 
 275 685.52 312.47 771.12 
 276 717.95 532.96 771.12 
 277 693.02 490.34 771.12 
 278 828.27 440.82 771.12 
 279 819.26 562.49 828.27 
 280 750.73 697.81 828.27 
 281 686.08 587.12 828.27 
 282 740.38 578.81 828.27 
 283 874.29 488.78 828.27 
 284 585.68 539.07 874.29 
 285 782.29 494.31 874.29 
 286 772.26 619.71 874.29 
 287 883.08 759.60 874.29 
 288 847.84 639.04 883.08 
 289 868.10 673.32 883.08 
 290 785.52 746.22 883.08 
 291 790.73 944.66 883.08 
 292 819.04 960.91 883.08 
 293 822.47 931.62 883.08 
 294 835.13 929.27 883.08 
 295 854.26 886.11 883.08 
 296 807.25 844.43 883.08 
 297 938.74 874.80 883.08 
 298 817.11 977.55 938.74 
 299 751.25 901.04 938.74 
 276 785.07 601.30 -100000000.00 
 277 632.94 705.43 785.07 
 278 649.91 631.53 785.07 
 279 741.50 642.22 785.07 
 280 702.04 516.69 785.07 
 281 589.71 423.35 785.07 
 282 607.49 482.67 785.07 
 283 596.30 443.41 785.07 
 284 564.16 658.72 785.07 
 285 627.42 428.57 785.07 
 286 600.08 585.14 785.07 
 287 563.58 496.70 785.07 
 288 625.11 414.28 785.07 
 289 539.32 564.01 785.07 
 290 653.79 559.25 785.07 
 291 589.72 541.86 785.07 
 292 663.29 673.29 785.07 
 293 601.25 658.07 785.07 
 294 672.99 616.71 785.07 
 295 596.55 483.00 785.07 
 296 653.46 602.14 785.07 
 297 630.17 618.44 785.07 
 298 600.73 389.00 785.07 
 299 573.88 465.81 785.07 
 300 707.99 426.39 785.07 
 301 680.09 542.94 785.07 
 302 624.83 528.97 785.07 
 303 749.96 529.06 785.07 
 304 651.80 390.10 785.07 
 305 626.92 483.97 785.07 
 306 646.90 710.83 785.07 
 307 635.89 626.96 785.07 
 308 689.84 536.46 785.07 
 309 595.68 534.37 785.07 
 310 736.04 552.62 785.07 
 311 747.80 642.30 785.07 
 312 782.84 639.97 785.07 
 313 768.08 722.80 785.07 
 314 769.22 818.25 785.07 
 315 807.12 481.47 785.07 
 316 803.34 659.05 807.12 
 317 809.43 742.41 807.12 
 318 839.25 673.86 809.43 
 319 804.86 524.02 839.25 
 320 815.78 703.26 839.25 
 321 776.63 495.34 839.25 
 322 695.58 499.94 839.25 
 323 779.97 604.03 839.25 
 324 859.87 830.78 839.25 
 325 923.40 706.51 859.87 
 326 734.45 680.89 923.40 
 327 814.02 499.28 923.40 
 328 943.47 364.53 923.40 
 329 905.31 498.56 943.47 
 330 902.46 659.22 943.47 
 331 997.97 356.88 943.47 
 332 850.21 538.88 997.97 
 333 918.92 459.88 997.97 
 334 960.21 677.02 997.97 
 335 1034.74 866.78 997.97 
 336 971.42 724.26 1034.74 
 337 890.17 674.58 1034.74 
 338 812.66 786.80 1034.74 
 339 1057.24 750.00 1034.74 
 340 1124.23 702.98 1057.24 
 341 1013.02 595.67 1124.23 
 342 1102.36 686.62 1124.23 
 343 896.54 690.27 1124.23 
 344 1210.68 702.01 1124.23 
 345 1092.53 788.98 1210.68 
 346 1155.70 989.36 1210.68 
 347 1064.83 1073.90 1210.68 
 348 1101.07 1128.01 1210.68 
 349 1111.64 1123.97 1210.68 
 350 1075.04 970.78 1210.68 
 351 1105.52 861.61 1210.68 
 352 1116.89 842.78 1210.68 
 353 1106.97 836.80 1210.68 
 354 1114.26 1024.96 1210.68 
 355 1040.72 921.02 1210.68 
 356 1145.89 1157.53 1210.68 
 357 1070.82 1160.62 1210.68 
 358 1124.08 1106.04 1210.68 
 359 1157.12 1188.75 1210.68 
 360 1198.47 1430.71 1210.68 
 361 1049.82 1524.63 1210.68 
 362 1223.68 1439.86 1210.68 
 363 1237.02 1209.53 1223.68 
 364 1349.77 1516.12 1237.02 
 365 1362.89 1283.25 1349.77 
 366 1282.75 1389.21 1362.89 
 367 1311.84 1339.38 1362.89 
 368 1352.00 1264.44 1362.89 
 369 1311.14 1523.14 1362.89 
 370 1270.64 1570.42 1362.89 
 371 1325.02 1350.08 1362.89 
 372 1137.53 1528.59 1362.89 
 373 1420.19 1267.18 1362.89 
 374 1408.97 1468.42 1420.19 
 375 1365.47 1054.03 1420.19 
 376 1251.31 1163.49 1420.19 
 377 1272.72 1284.47 1420.19 
 378 1291.84 1386.05 1420.19 
 379 1283.69 1544.25 1420.19 
 380 1331.89 1579.53 1420.19 
 381 1299.48 1531.70 1420.19 
 382 1496.41 1497.35 1420.19 
 383 1320.88 1299.28 1496.41 
 384 1431.38 1655.48 1496.41 
 385 1402.28 1358.05 1496.41 
 386 1425.77 1600.20 1496.41 
 387 1348.67 1325.74 1496.41 
 388 1514.62 1437.95 1496.41 
 389 1242.25 1406.85 1514.62 
 390 1639.79 1489.32 1514.62 
 391 1473.46 1543.83 1639.79 
 392 1345.86 1317.91 1639.79 
 393 1429.60 1705.50 1639.79 
 394 1580.29 1641.13 1639.79 
 395 1534.29 1701.20 1639.79 
 396 1585.51 1566.07 1639.79 
 397 1706.50 1608.42 1639.79 
 398 1494.15 1689.01 1706.50 
 399 1540.48 1483.93 1706.50 
 400 1577.28 1557.62 1706.50 
 401 1561.63 1562.84 1706.50 
 402 1526.93 1722.21 1706.50 
 403 1658.84 1583.74 1706.50 
 404 1607.66 1496.81 1706.50 
 405 1622.22 1350.98 1706.50 
 406 1566.80 1346.01 1706.50 
 407 1471.13 1460.92 1706.50 
 408 1615.03 1236.90 1706.50 
 409 1714.10 1517.14 1706.50 
 410 1579.37 1739.41 1714.10 
 411 1570.70 1538.74 1714.10 
 412 1590.50 1577.05 1714.10 
 413 1797.36 1895.15 1714.10 
 414 1748.01 1773.96 1797.36 
 415 1691.04 1774.07 1797.36 
 416 1695.19 1966.31 1797.36 
 417 1728.05 2065.59 1797.36 
 418 1680.34 1871.89 1797.36 
 419 1740.72 1999.52 1797.36 
 420 1664.43 1821.79 1797.36 
 421 1707.61 1683.75 1797.36 
 422 1743.57 1651.09 1797.36 
 423 1841.88 1680.62 1797.36 
 424 1835.65 1719.85 1841.88 
 425 1863.55 1813.29 1841.88 
 426 1772.09 1747.18 1863.55 
 427 1776.64 1548.13 1863.55 
 428 1915.21 1960.72 1863.55 
 429 1715.24 1732.14 1915.21 
 430 1887.07 1586.53 1915.21 
 431 1854.69 1693.82 1915.21 
 432 1910.40 1886.50 1915.21 
 433 1729.30 1930.06 1915.21 
 434 1709.49 1830.60 1915.21 
 435 1804.63 1813.02 1915.21 
 436 1815.15 1871.20 1915.21 
 437 1660.31 1921.23 1915.21 
 438 1793.25 1867.88 1915.21 
 439 1688.18 1572.42 1915.21 
 440 1951.16 1845.06 1915.21 
 441 1935.51 1919.24 1951.16 
 442 2008.55 1689.74 1951.16 
 443 1809.32 1874.62 2008.55 
 444 2041.96 1931.98 2008.55 
 445 1735.90 1625.26 2041.96 
 446 1844.02 1811.31 2041.96 
 447 1833.08 1622.55 2041.96 
 448 1968.46 1765.62 2041.96 
 449 1928.18 1707.05 2041.96 
 450 1940.74 1719.06 2041.96 
 451 1648.82 1754.42 2041.96 
 452 1806.74 1706.13 2041.96 
 453 1895.04 1746.43 2041.96 
 454 1733.99 2047.77 2041.96 
 455 1864.67 1803.92 2041.96 
 456 1861.48 1892.74 2041.96 
 457 1920.45 1694.75 2041.96 
 458 1775.69 2056.24 2041.96 
 459 1979.30 1958.11 2041.96 
 460 1947.17 2191.49 2041.96 
 461 2034.35 1903.53 2041.96 
 462 2057.87 1961.01 2041.96 
 463 2046.22 2000.60 2057.87 
 464 1951.83 1843.17 2057.87 
 465 1989.02 1687.04 2057.87 
 466 2003.90 2025.46 2057.87 
 467 1915.46 1956.34 2057.87 
 468 1934.26 2015.10 2057.87 
 469 2004.45 1803.01 2057.87 
 470 1905.99 1712.24 2057.87 
 471 2009.23 1874.18 2057.87 
 472 2054.93 2033.13 2057.87 
 473 1854.89 1915.38 2057.87 
 474 1972.81 1985.60 2057.87 
 475 1991.65 2026.24 2057.87 
 476 2053.16 1810.41 2057.87 
 477 2094.71 1944.61 2057.87 
 478 1968.07 1851.32 2094.71 
 479 2127.32 1867.86 2094.71 
 480 1838.46 1642.11 2127.32 
 481 2113.64 1640.78 2127.32 
 482 2051.17 1988.38 2127.32 
 483 2104.28 2029.00 2127.32 
 484 1929.55 1925.62 2127.32 
 485 2052.31 1975.15 2127.32 
 486 2010.14 1788.60 2127.32 
 487 2176.26 2039.04 2127.32 
 488 2144.43 2128.11 2176.26 
 489 2113.11 1822.83 2176.26 
 490 1983.20 1871.64 2176.26 
 491 2173.29 2060.60 2176.26 
 492 2143.25 2106.88 2176.26 
 493 2138.31 1916.67 2176.26 
 494 2255.45 1896.37 2176.26 
 495 2201.99 2100.10 2255.45 
 496 2289.29 2049.29 2255.45 
 497 2173.33 2226.21 2289.29 
 498 2175.42 1945.95 2289.29 
 499 2065.29 2201.23 2289.29 
