Iter | Sampling Pol | Evaluation Pol | Best (Sampled) 
   0 -7.14 -2.50 -100000000.00 
   1 -6.37 -3.81 -7.14 
   2 -5.35 -3.70 -6.37 
   3 -4.77 -3.56 -5.35 
   4 -4.08  0.20 -4.77 
   5 -3.90  0.41 -4.08 
   6 -3.53  0.73 -3.90 
   7 -3.53 -3.85 -3.53 
   8 -3.71 -3.40 -3.53 
   9 -2.86 -2.94 -3.53 
  10 -2.02 -3.44 -2.86 
  11 -2.78 -3.48 -2.02 
  12 -2.37 -3.78 -2.02 
  13 -2.59 -4.55 -2.02 
  14 -3.13 -3.43 -2.02 
  15 -2.70 -3.70 -2.02 
  16 -3.03 -4.80 -2.02 
  17 -2.62 -4.79 -2.02 
  18 -2.38 -4.15 -2.02 
  19 -2.82 -3.88 -2.02 
  20 -1.26 -3.20 -2.02 
  21 -1.84 -1.12 -1.26 
  22 -2.19 -2.71 -1.26 
  23  0.25 -2.73 -1.26 
  24 -2.71 -2.93  0.25 
  25 -2.45 -1.49  0.25 
  26 -1.26 -2.71  0.25 
  27 -2.14 -2.65  0.25 
  28 -2.48 -1.38  0.25 
  29 -2.02 -1.13  0.25 
  30 -1.55 -0.86  0.25 
  31 -1.87 -2.82  0.25 
  32 -0.28 -0.80  0.25 
  33 -1.84 -1.98  0.25 
  34 -2.07 -2.30  0.25 
  35 -0.04 -0.27  0.25 
  36  0.64 -2.20  0.25 
  37 -0.71 -1.85  0.64 
  38 -0.47 -1.27  0.64 
  39  1.11 -0.22  0.64 
  40  0.14 -3.03  1.11 
  41  0.89 -1.90  1.11 
  42 -0.13 -2.74  1.11 
  43  0.28 -2.70  1.11 
  44  0.94 -3.18  1.11 
  45 -0.13 -2.55  1.11 
  46  2.41 -2.70  1.11 
  47  1.42 -1.08  2.41 
  48  1.74 -2.06  2.41 
  49  3.69  0.54  2.41 
  50  3.24 -1.98  3.69 
  51  5.47 -2.51  3.69 
  52  2.33 -1.71  5.47 
  53  1.65 -1.80  5.47 
  54  6.26  1.82  5.47 
  55  4.06 -1.46  6.26 
  56  3.49 -1.06  6.26 
  57  4.15 -1.33  6.26 
  58  3.50 -0.63  6.26 
  59  3.37  7.40  6.26 
  60  2.96  4.06  6.26 
  61  6.72  4.32  6.26 
  62  5.35  8.91  6.72 
  63  2.74  3.72  6.72 
  64  4.98  0.15  6.72 
  65 12.85  3.70  6.72 
  66 10.94 15.44 12.85 
  67 12.17 17.76 12.85 
  68 12.38  8.22 12.85 
  69  6.57 11.33 12.85 
  70 10.10  8.69 12.85 
  71 15.13 30.98 12.85 
  72  9.87 24.12 15.13 
  73  9.89 17.48 15.13 
  74 12.89 19.24 15.13 
  75 11.96  8.46 15.13 
  76 11.80 23.57 15.13 
  77 10.81 12.55 15.13 
  78  8.42 19.28 15.13 
  79 21.07  7.81 15.13 
  80 31.23 14.07 21.07 
  81 25.24 24.67 31.23 
  82 16.10 40.37 31.23 
  83 24.05 33.72 31.23 
  84 38.30 26.39 31.23 
  85 29.95 38.41 38.30 
  86 47.59 22.51 38.30 
  87 45.66 19.35 47.59 
  88 46.31 22.12 47.59 
  89 47.42 23.20 47.59 
  90 49.69 25.65 47.59 
  91 53.98 20.32 49.69 
  92 70.01 38.02 53.98 
  93 50.48 69.54 70.01 
  94 57.42 16.95 70.01 
  95 61.35 13.37 70.01 
  96 59.88 24.50 70.01 
  97 81.47 36.34 70.01 
  98 64.65 24.53 81.47 
  99 53.80 31.84 81.47 
 100 48.45 40.48 81.47 
 101 67.37 14.94 81.47 
 102 76.59 46.50 81.47 
 103 73.72 32.58 81.47 
 104 136.57 37.71 81.47 
 105 110.11 29.48 136.57 
 106 93.96 37.18 136.57 
 107 153.03 26.33 136.57 
 108 140.60 56.02 153.03 
 109 155.03 79.33 153.03 
 110 156.93 121.92 155.03 
 111 160.02 75.53 156.93 
 112 205.36 38.48 160.02 
 113 203.81 66.06 205.36 
 114 171.35 116.00 205.36 
 115 202.85 38.43 205.36 
 116 211.92 122.61 205.36 
 117 188.05 139.55 211.92 
 118 205.76 142.31 211.92 
 119 220.05 144.88 211.92 
 120 224.52 46.35 220.05 
 121 336.08 76.77 224.52 
 122 334.79 162.13 336.08 
 123 336.32 226.27 336.08 
 124 260.06 82.16 336.32 
 125 290.18 148.01 336.32 
 126 336.86 105.56 336.32 
 127 372.40 139.07 336.86 
 128 372.79 245.38 372.40 
 129 348.92 206.95 372.79 
 130 320.10 165.80 372.79 
 131 345.19 128.37 372.79 
 132 477.99 146.46 372.79 
 133 418.16 263.52 477.99 
 134 417.05 258.48 477.99 
 135 508.14 206.23 477.99 
 136 457.13 262.85 508.14 
 137 556.99 124.99 508.14 
 138 429.66 261.72 556.99 
 139 490.13 190.02 556.99 
 140 540.28 121.52 556.99 
 141 536.73 157.65 556.99 
 142 584.21 283.64 556.99 
 143 539.78 200.48 584.21 
 144 614.47 158.33 584.21 
 145 561.13 248.88 614.47 
 146 657.85 177.75 614.47 
 147 638.45 177.09 657.85 
 148 630.13 238.32 657.85 
 149 786.71 242.65 657.85 
 150 681.24 206.71 786.71 
 151 690.54 200.97 786.71 
 152 659.20 203.05 786.71 
 153 583.78 277.46 786.71 
 154 800.99 352.56 786.71 
 155 689.40 220.99 800.99 
 156 661.22 364.87 800.99 
 157 738.32 232.85 800.99 
 158 697.31 341.06 800.99 
 159 746.99 244.70 800.99 
 160 783.71 259.64 800.99 
 161 856.48 260.08 800.99 
 162 800.00 187.00 856.48 
 163 842.63 358.78 856.48 
 164 958.10 434.25 856.48 
 165 939.08 331.27 958.10 
 166 935.42 398.08 958.10 
 167 1033.82 392.96 958.10 
 168 1060.37 515.66 1033.82 
 169 935.75 432.69 1060.37 
 170 914.83 375.78 1060.37 
 171 807.31 486.30 1060.37 
 172 1032.63 497.98 1060.37 
 173 1018.38 575.53 1060.37 
 174 1136.57 414.92 1060.37 
 175 1136.68 471.07 1136.57 
 176 1051.84 398.88 1136.68 
 177 1071.47 371.21 1136.68 
 178 1155.97 308.52 1136.68 
 179 1123.78 246.28 1155.97 
 180 1059.88 373.18 1155.97 
 181 1251.39 421.15 1155.97 
 182 1054.77 375.68 1251.39 
 183 1197.89 389.00 1251.39 
 184 1315.95 506.60 1251.39 
 185 1359.03 576.57 1315.95 
 186 1315.99 638.69 1359.03 
 187 1366.95 420.78 1359.03 
 188 1306.96 844.39 1366.95 
 189 1291.44 701.47 1366.95 
 190 1480.95 709.93 1366.95 
 191 1404.96 624.48 1480.95 
 192 1368.35 606.53 1480.95 
 193 1504.54 602.46 1480.95 
 194 1489.93 649.62 1504.54 
 195 1469.66 636.42 1504.54 
 196 1456.11 758.15 1504.54 
 197 1331.64 695.12 1504.54 
 198 1255.43 604.67 1504.54 
 199 1443.84 664.61 1504.54 
 200 1517.38 751.11 1504.54 
 201 1466.00 686.00 1517.38 
 202 1406.16 814.33 1517.38 
 203 1671.80 334.96 1517.38 
 204 1767.36 520.87 1671.80 
 205 1458.08 635.11 1767.36 
 206 1660.52 465.13 1767.36 
 207 1642.78 604.48 1767.36 
 208 1672.36 751.06 1767.36 
 209 1630.19 888.90 1767.36 
 210 1635.92 1017.70 1767.36 
 211 1653.16 798.13 1767.36 
 212 1713.18 854.29 1767.36 
 213 1812.17 823.28 1767.36 
 214 1689.18 572.07 1812.17 
 215 1606.40 425.97 1812.17 
 216 1807.46 564.26 1812.17 
 217 1715.28 683.87 1812.17 
 218 1978.79 561.23 1812.17 
 219 1821.20 659.51 1978.79 
 220 1790.13 715.82 1978.79 
 221 1735.92 616.48 1978.79 
 222 1797.29 461.39 1978.79 
 223 1857.83 613.01 1978.79 
 224 1771.18 897.22 1978.79 
 225 1821.70 775.23 1978.79 
 226 1643.03 763.51 1978.79 
 227 1657.50 825.93 1978.79 
 228 1805.10 919.14 1978.79 
 229 1864.54 722.27 1978.79 
 230 1807.54 713.68 1978.79 
 231 1845.68 673.99 1978.79 
 232 1746.83 894.82 1978.79 
 233 1976.88 848.73 1978.79 
 234 1708.94 792.43 1978.79 
 235 2007.23 927.89 1978.79 
 236 1914.98 872.96 2007.23 
 237 1982.63 666.13 2007.23 
 238 1899.89 602.52 2007.23 
 239 1982.29 593.30 2007.23 
 240 2014.94 735.25 2007.23 
 241 2063.92 677.30 2014.94 
 242 2198.09 758.21 2063.92 
 243 2172.83 701.15 2198.09 
 244 1921.08 894.72 2198.09 
 245 1902.12 711.43 2198.09 
 246 2087.21 706.06 2198.09 
 247 2126.87 518.54 2198.09 
 248 2207.39 706.83 2198.09 
 249 2243.45 686.36 2207.39 
 250 2142.97 550.85 2243.45 
 251 2259.45 962.36 2243.45 
 252 2120.21 605.71 2259.45 
 253 2354.20 776.11 2259.45 
 254 2284.24 745.41 2354.20 
 255 2165.82 768.21 2354.20 
 256 2191.03 895.99 2354.20 
 257 2039.46 936.23 2354.20 
 258 2249.12 969.50 2354.20 
 259 2105.89 864.40 2354.20 
 260 2330.48 639.41 2354.20 
 261 2334.24 1368.11 2354.20 
 262 2332.59 988.79 2354.20 
 263 2294.58 701.60 2354.20 
 264 2318.87 1070.74 2354.20 
 265 2343.00 942.62 2354.20 
 266 2269.40 1248.39 2354.20 
 267 2404.59 1046.20 2354.20 
 268 2300.22 1039.89 2404.59 
 269 2145.77 1086.53 2404.59 
 270 2363.13 1084.27 2404.59 
 271 2500.77 1219.08 2404.59 
 272 2394.03 1531.89 2500.77 
 273 2622.51 1182.81 2500.77 
 274 2521.58 1002.35 2622.51 
 275 2433.69 1394.76 2622.51 
 276 2322.80 1279.15 2622.51 
 277 2602.67 919.54 2622.51 
 278 2471.40 1233.76 2622.51 
 279 2484.42 928.60 2622.51 
 280 2475.17 934.53 2622.51 
 281 2540.90 1166.37 2622.51 
 282 2632.38 1061.50 2622.51 
 283 2552.01 1098.13 2632.38 
 284 2468.99 1129.90 2632.38 
 285 2699.59 1355.80 2632.38 
 286 2602.42 1132.19 2699.59 
 287 2719.26 1203.68 2699.59 
 288 2529.06 1100.65 2719.26 
 289 2558.98 1148.31 2719.26 
 290 2625.76 1314.73 2719.26 
 291 2857.69 1158.74 2719.26 
 292 2658.31 1169.73 2857.69 
 293 2536.20 1127.15 2857.69 
 294 2743.62 1453.65 2857.69 
 295 2752.44 1430.46 2857.69 
 296 2582.71 1230.75 2857.69 
 297 2662.33 1521.17 2857.69 
 298 2751.67 1597.54 2857.69 
 299 2700.56 1490.97 2857.69 
