Iter | Sampling Pol | Evaluation Pol | Best (Sampled) 
   0 -6.51 -8.77 -100000000.00 
   1 -6.54 -6.83 -6.51 
   2 -5.28 -6.49 -6.51 
   3 -5.82 -5.63 -5.28 
   4 -4.47 -5.55 -5.28 
   5 -4.91 -5.26 -4.47 
   6 -4.04 -5.22 -4.47 
   7 -5.04 -5.06 -4.04 
   8 -4.76 -4.77 -4.04 
   9 -4.47 -4.75 -4.04 
  10 -4.54 -4.33 -4.04 
  11 -4.08 -4.11 -4.04 
  12 -4.01 -3.99 -4.04 
  13 -3.48 -2.53 -4.01 
  14 -3.78 -3.66 -3.48 
  15 -2.53 -1.59 -3.48 
  16 -2.68 -2.58 -2.53 
  17 -3.67 -2.83 -2.53 
  18 -2.80 -3.42 -2.53 
  19 -3.46 -3.15 -2.53 
  20 -2.72 -3.16 -2.53 
  21 -2.64 -3.00 -2.53 
  22 -2.54 -2.95 -2.53 
  23 -2.56 -2.76 -2.53 
  24 -2.81 -2.97 -2.53 
  25 -2.46 -2.98 -2.53 
  26 -1.31 -1.93 -2.46 
  27 -1.37  0.28 -1.31 
  28 -1.72 -1.95 -1.31 
  29 -1.65 -2.60 -1.31 
  30 -0.25 -2.74 -1.31 
  31 -1.13 -1.24 -0.25 
  32 -1.47 -2.36 -0.25 
  33  0.40 -2.62 -0.25 
  34 -1.67 -2.95  0.40 
  35 -1.49 -2.92  0.40 
  36  0.72 -3.19  0.40 
  37 -0.89 -3.18  0.72 
  38 -1.15 -3.21  0.72 
  39 -1.68 -2.17  0.72 
  40 -1.07 -3.27  0.72 
  41 -0.86 -2.76  0.72 
  42 -1.17 -2.81  0.72 
  43 -1.97 -3.31  0.72 
  44 -0.08 -2.83  0.72 
  45  0.61 -3.03  0.72 
  46 -0.04 -2.74  0.72 
  47  0.62 -2.45  0.72 
  48  0.86 -1.74  0.72 
  49  2.12 -2.75  0.86 
  50  4.15 -2.76  2.12 
  51  2.17 -1.74  4.15 
  52  0.57  0.06  4.15 
  53  3.25 -1.77  4.15 
  54  1.30  1.35  4.15 
  55  2.80 -0.27  4.15 
  56  6.87  6.43  4.15 
  57  2.66  2.74  6.87 
  58  2.34  2.85  6.87 
  59  2.96  0.46  6.87 
  60  4.58  4.30  6.87 
  61  9.42  0.86  6.87 
  62  2.96  8.56  9.42 
  63  4.31  0.03  9.42 
  64  5.11  0.21  9.42 
  65  4.74  5.07  9.42 
  66  5.63  9.01  9.42 
  67  8.03  2.71  9.42 
  68  6.47 -2.15  9.42 
  69  8.73  2.08  9.42 
  70 19.00  0.86  9.42 
  71  5.52  1.82 19.00 
  72 13.62 14.50 19.00 
  73  6.40  1.86 19.00 
  74  9.23 -2.23 19.00 
  75 12.24 10.30 19.00 
  76  5.11 26.22 19.00 
  77 10.91 45.78 19.00 
  78  6.15 39.99 19.00 
  79  3.66 13.03 19.00 
  80 13.45 12.39 19.00 
  81  4.80 12.23 19.00 
  82  7.84 36.51 19.00 
  83 10.97 13.87 19.00 
  84  7.25 13.80 19.00 
  85 11.54 20.76 19.00 
  86 17.67  7.25 19.00 
  87 19.22  5.48 19.00 
  88 16.44 10.99 19.22 
  89 18.22 10.47 19.22 
  90 19.48 20.49 19.22 
  91 11.23  4.28 19.48 
  92 10.51  1.69 19.48 
  93 19.10  5.99 19.48 
  94 20.11  5.02 19.48 
  95 13.62  5.02 20.11 
  96 35.65 10.26 20.11 
  97 15.98  8.05 35.65 
  98 14.82  4.01 35.65 
  99 23.45 12.43 35.65 
 100 20.30 16.43 35.65 
 101 22.06 12.93 35.65 
 102 18.71  0.52 35.65 
 103 27.72  1.39 35.65 
 104 17.91  7.87 35.65 
 105 27.95 20.22 35.65 
 106 22.20  9.79 35.65 
 107 21.69 42.95 35.65 
 108 27.61 17.52 35.65 
 109 50.55 31.19 35.65 
 110 32.07 38.88 50.55 
 111 25.50 49.42 50.55 
 112 31.58 39.63 50.55 
 113 26.37 37.91 50.55 
 114 36.13 48.04 50.55 
 115 28.35 129.93 50.55 
 116 19.27 10.77 50.55 
 117 39.19 43.13 50.55 
 118 32.95 45.63 50.55 
 119 23.46 85.73 50.55 
 120 35.28 13.72 50.55 
 121 24.45 42.98 50.55 
 122 23.07 81.44 50.55 
 123 25.25 44.04 50.55 
 124 46.07 24.73 50.55 
 125 29.07 18.30 50.55 
 126 39.49 51.53 50.55 
 127 27.80 37.42 50.55 
 128 46.53 27.31 50.55 
 129 35.86 33.43 50.55 
 130 60.92 35.00 50.55 
 131 30.05 27.27 60.92 
 132 43.07 18.83 60.92 
 133 60.31 41.41 60.92 
 134 48.15 46.46 60.92 
 135 49.74 57.81 60.92 
 136 44.08 67.36 60.92 
 137 65.19 68.45 60.92 
 138 37.47 45.18 65.19 
 139 53.27 50.48 65.19 
 140 58.06 49.90 65.19 
 141 61.68 54.59 65.19 
 142 59.14 70.39 65.19 
 143 87.86 42.75 65.19 
 144 50.14 33.16 87.86 
 145 71.96 102.79 87.86 
 146 64.38 56.50 87.86 
 147 61.23 43.80 87.86 
 148 62.00 63.82 87.86 
 149 75.12 65.82 87.86 
 150 50.82 81.19 87.86 
 151 55.67 98.95 87.86 
 152 74.31 38.70 87.86 
 153 46.38 69.80 87.86 
 154 68.49 48.08 87.86 
 155 69.32 104.90 87.86 
 156 61.57 54.56 87.86 
 157 65.64 142.17 87.86 
 158 69.18 145.80 87.86 
 159 77.85 102.25 87.86 
 160 76.67 129.40 87.86 
 161 74.99 94.38 87.86 
 162 70.34 113.97 87.86 
 163 51.87 76.81 87.86 
 164 78.66 110.55 87.86 
 165 85.29 92.66 87.86 
 166 81.53 57.86 87.86 
 167 78.24 69.19 87.86 
 168 81.74 73.66 87.86 
 169 82.74 37.38 87.86 
 170 54.81 59.22 87.86 
 171 57.25 62.37 87.86 
 172 75.31 52.33 87.86 
 173 73.32 38.83 87.86 
 174 86.06 91.90 87.86 
 175 82.25 88.10 87.86 
 176 93.68 82.91 87.86 
 177 84.47 78.95 93.68 
 178 96.97 71.23 93.68 
 179 82.18 106.06 96.97 
 180 76.49 112.04 96.97 
 181 105.05 109.69 96.97 
 182 85.00 103.74 105.05 
 183 97.19 126.78 105.05 
 184 116.33 134.71 105.05 
 185 100.96 75.25 116.33 
 186 110.96 72.97 116.33 
 187 93.29 75.95 116.33 
 188 113.76 92.49 116.33 
 189 113.23 67.61 116.33 
 190 124.13 74.67 116.33 
 191 111.62 80.10 124.13 
 192 103.32 72.95 124.13 
 193 98.32 91.07 124.13 
 194 111.15 95.64 124.13 
 195 128.38 69.59 124.13 
 196 114.89 75.53 128.38 
 197 101.37 55.39 128.38 
 198 121.91 55.17 128.38 
 199 105.16 91.88 128.38 
 200 137.24 152.01 128.38 
 201 75.25 154.34 137.24 
 202 134.63 205.89 137.24 
 203 99.21 209.38 137.24 
 204 138.93 224.49 137.24 
 205 115.01 106.26 138.93 
 206 94.30 105.38 138.93 
 207 128.95 130.92 138.93 
 208 105.38 119.53 138.93 
 209 94.77 176.26 138.93 
 210 112.07 90.25 138.93 
 211 118.55 108.48 138.93 
 212 116.28 111.57 138.93 
 213 146.48 93.07 138.93 
 214 89.86 138.65 146.48 
 215 113.00 88.13 146.48 
 216 156.38 108.05 146.48 
 217 159.28 137.94 156.38 
 218 170.10 202.16 159.28 
 219 134.12 142.34 170.10 
 220 131.55 103.59 170.10 
 221 124.11 131.46 170.10 
 222 144.94 154.36 170.10 
 223 147.64 121.76 170.10 
 224 145.76 125.09 170.10 
 225 157.91 144.33 170.10 
 226 131.51 130.84 170.10 
 227 168.06 140.00 170.10 
 228 187.36 154.16 170.10 
 229 110.57 245.22 187.36 
 230 139.56 154.59 187.36 
 231 162.71 158.97 187.36 
 232 157.06 182.60 187.36 
 233 142.54 207.00 187.36 
 234 127.03 127.97 187.36 
 235 174.49 149.78 187.36 
 236 204.93 148.50 187.36 
 237 184.67 194.87 204.93 
 238 177.95 161.17 204.93 
 239 163.48 199.04 204.93 
 240 176.77 226.73 204.93 
 241 158.69 198.04 204.93 
 242 208.51 221.11 204.93 
 243 194.71 116.59 208.51 
 244 185.42 85.36 208.51 
 245 209.43 116.36 208.51 
 246 234.21 168.31 209.43 
 247 227.27 269.20 234.21 
 248 186.06 107.82 234.21 
 249 211.15 151.48 234.21 
 250 206.43 168.14 234.21 
 251 200.62 222.92 234.21 
 252 175.17 312.91 234.21 
 253 221.57 250.41 234.21 
 254 226.38 259.20 234.21 
 255 238.25 190.04 234.21 
 256 207.31 178.75 238.25 
 257 224.05 189.08 238.25 
 258 291.46 187.10 238.25 
 259 246.18 238.28 291.46 
 260 262.53 270.23 291.46 
 261 247.80 218.52 291.46 
 262 267.28 232.42 291.46 
 263 235.99 227.25 291.46 
 264 305.62 296.50 291.46 
 265 241.41 350.41 305.62 
 266 234.83 244.31 305.62 
 267 180.49 308.46 305.62 
 268 293.18 216.35 305.62 
 269 300.38 134.10 305.62 
 270 321.26 205.67 305.62 
 271 327.40 268.48 321.26 
 272 383.58 242.05 327.40 
 273 306.21 131.95 383.58 
 274 293.13 285.81 383.58 
 275 354.35 181.69 383.58 
 276 290.40 269.70 383.58 
 277 350.30 369.19 383.58 
 278 339.71 281.59 383.58 
 279 357.13 213.90 383.58 
 280 387.86 406.87 383.58 
 281 388.28 250.94 387.86 
 282 399.69 220.12 388.28 
 283 456.91 302.34 399.69 
 284 340.30 351.72 456.91 
 285 389.24 285.85 456.91 
 286 307.54 329.56 456.91 
 287 372.36 382.78 456.91 
 288 483.15 380.38 456.91 
 289 424.00 328.76 483.15 
 290 410.09 337.33 483.15 
 291 414.10 168.22 483.15 
 292 436.09 286.07 483.15 
 293 474.28 291.35 483.15 
 294 502.23 297.24 483.15 
 295 406.57 353.78 502.23 
 296 410.40 574.41 502.23 
 297 526.23 590.53 502.23 
 298 471.51 376.56 526.23 
 299 471.63 480.38 526.23 
 276 370.20 299.96 -100000000.00 
 277 294.60 319.84 370.20 
 278 327.01 243.22 370.20 
 279 338.54 484.95 370.20 
 280 285.13 641.22 370.20 
 281 327.99 356.87 370.20 
 282 385.22 359.48 370.20 
 283 431.52 337.19 385.22 
 284 357.31 477.42 431.52 
 285 402.61 387.14 431.52 
 286 337.02 422.17 431.52 
 287 372.37 467.44 431.52 
 288 403.79 369.06 431.52 
 289 370.67 470.58 431.52 
 290 394.17 448.93 431.52 
 291 386.80 370.51 431.52 
 292 382.16 409.00 431.52 
 293 439.89 353.50 431.52 
 294 449.24 490.22 439.89 
 295 395.48 442.21 449.24 
 296 496.20 445.59 449.24 
 297 425.52 564.25 496.20 
 298 430.74 445.79 496.20 
 299 486.34 425.93 496.20 
 300 417.34 574.51 496.20 
 301 440.99 427.92 496.20 
 302 493.77 650.88 496.20 
 303 459.17 589.49 496.20 
 304 371.37 440.52 496.20 
 305 458.91 342.81 496.20 
 306 485.13 478.46 496.20 
 307 422.10 428.08 496.20 
 308 519.57 470.29 496.20 
 309 507.92 379.06 519.57 
 310 412.85 496.14 519.57 
 311 531.57 393.76 519.57 
 312 556.64 310.61 531.57 
 313 543.08 310.07 556.64 
 314 479.06 529.26 556.64 
 315 544.19 397.87 556.64 
 316 537.31 503.33 556.64 
 317 537.27 581.65 556.64 
 318 490.84 519.80 556.64 
 319 616.75 437.96 556.64 
 320 577.10 370.02 616.75 
 321 591.85 522.44 616.75 
 322 677.55 532.02 616.75 
 323 693.92 462.95 677.55 
 324 691.78 590.43 693.92 
 325 602.06 618.91 693.92 
 326 689.97 466.09 693.92 
 327 700.34 501.77 693.92 
 328 694.47 492.63 700.34 
 329 719.38 488.84 700.34 
 330 939.86 382.93 719.38 
 331 765.45 299.78 939.86 
 332 827.13 427.86 939.86 
 333 756.75 487.73 939.86 
 334 827.12 554.40 939.86 
 335 824.96 621.60 939.86 
 336 887.27 471.59 939.86 
 337 935.64 442.97 939.86 
 338 848.64 498.80 939.86 
 339 832.92 556.32 939.86 
 340 990.42 454.79 939.86 
 341 897.14 712.82 990.42 
 342 925.79 485.30 990.42 
 343 861.70 514.82 990.42 
 344 997.34 584.85 990.42 
 345 942.49 358.56 997.34 
 346 868.09 299.58 997.34 
 347 1071.20 479.82 997.34 
 348 966.34 623.31 1071.20 
 349 1012.31 536.80 1071.20 
 350 1051.35 472.54 1071.20 
 351 1164.46 520.30 1071.20 
 352 1168.38 342.49 1164.46 
 353 1325.61 714.98 1168.38 
 354 1385.31 467.77 1325.61 
 355 1072.26 642.14 1385.31 
 356 1343.29 578.35 1385.31 
 357 1165.26 534.11 1385.31 
 358 1144.66 673.23 1385.31 
 359 1205.07 817.45 1385.31 
 360 1307.48 731.90 1385.31 
 361 1158.33 694.73 1385.31 
 362 1283.86 599.44 1385.31 
 363 1279.41 1055.31 1385.31 
 364 1384.96 859.62 1385.31 
 365 1380.84 670.73 1385.31 
 366 1466.55 894.31 1385.31 
 367 1388.00 844.78 1466.55 
 368 1443.84 665.79 1466.55 
 369 1331.74 720.42 1466.55 
 370 1294.41 736.03 1466.55 
 371 1493.38 567.32 1466.55 
 372 1517.49 878.80 1493.38 
 373 1522.42 855.28 1517.49 
 374 1560.34 696.80 1522.42 
 375 1507.56 593.81 1560.34 
 376 1567.84 856.66 1560.34 
 377 1691.75 699.89 1567.84 
 378 1716.80 994.94 1691.75 
 379 1774.03 1028.52 1716.80 
 380 1500.47 1010.78 1774.03 
 381 1681.44 1050.86 1774.03 
 382 1734.65 950.94 1774.03 
 383 1416.78 794.39 1774.03 
 384 1822.47 811.39 1774.03 
 385 1576.92 870.68 1822.47 
 386 1732.21 997.57 1822.47 
 387 1685.22 1144.84 1822.47 
 388 1808.59 1180.65 1822.47 
 389 1614.65 1196.02 1822.47 
 390 1511.52 996.28 1822.47 
 391 1624.47 1245.91 1822.47 
 392 1613.37 1329.22 1822.47 
 393 1505.31 1210.55 1822.47 
 394 1768.39 1554.52 1822.47 
 395 1860.48 1299.51 1822.47 
 396 1803.80 1163.55 1860.48 
 397 1967.83 1594.19 1860.48 
 398 1763.24 1115.53 1967.83 
 399 1834.46 1094.18 1967.83 
 400 1792.17 1253.39 1967.83 
 401 1850.89 1152.27 1967.83 
 402 1728.52 1165.25 1967.83 
 403 1935.32 1369.21 1967.83 
 404 1877.07 1266.83 1967.83 
 405 1773.12 1034.95 1967.83 
 406 1803.77 1217.82 1967.83 
 407 1865.45 1384.34 1967.83 
 408 1952.01 1042.32 1967.83 
 409 1881.45 1237.77 1967.83 
 410 1877.73 1275.32 1967.83 
 411 2014.25 1463.49 1967.83 
 412 1905.29 1381.04 2014.25 
 413 2035.85 1692.21 2014.25 
 414 2181.22 1818.44 2035.85 
 415 1988.49 1863.67 2181.22 
 416 2017.14 1887.61 2181.22 
 417 2081.76 1773.75 2181.22 
 418 2093.67 1749.90 2181.22 
 419 2207.24 1886.33 2181.22 
 420 2069.30 1804.47 2207.24 
 421 2094.06 1891.06 2207.24 
 422 2204.71 1455.87 2207.24 
 423 2252.76 1682.39 2207.24 
 424 2226.53 1626.91 2252.76 
 425 2065.90 1605.27 2252.76 
 426 2110.64 1515.45 2252.76 
 427 2054.10 1749.17 2252.76 
 428 2226.91 1723.31 2252.76 
 429 2084.44 1788.85 2252.76 
 430 2309.87 1849.18 2252.76 
 431 2107.52 1658.06 2309.87 
 432 2080.00 1619.40 2309.87 
 433 2208.49 1936.17 2309.87 
 434 2145.49 1560.50 2309.87 
 435 2265.96 1830.11 2309.87 
 436 2201.17 1755.27 2309.87 
 437 2249.92 1813.79 2309.87 
 438 2354.09 1770.18 2309.87 
 439 2206.10 1943.19 2354.09 
 440 2200.78 1915.35 2354.09 
 441 2372.40 1958.58 2354.09 
 442 2408.24 2087.97 2372.40 
 443 2334.05 1746.02 2408.24 
 444 2534.44 2214.82 2408.24 
 445 2353.25 1893.41 2534.44 
 446 2521.25 2100.71 2534.44 
 447 2397.92 2171.43 2534.44 
 448 2296.81 1774.29 2534.44 
 449 2280.33 1515.59 2534.44 
 450 2270.40 1883.90 2534.44 
 451 2259.18 1641.48 2534.44 
 452 2336.64 1389.86 2534.44 
 453 2334.41 1944.07 2534.44 
 454 2498.57 1942.86 2534.44 
 455 2450.20 2239.33 2534.44 
 456 2470.91 2130.07 2534.44 
 457 2505.73 2097.74 2534.44 
 458 2463.41 2401.67 2534.44 
 459 2343.42 2310.34 2534.44 
 460 2443.02 2517.15 2534.44 
 461 2313.81 2285.82 2534.44 
 462 2494.35 1896.36 2534.44 
 463 2466.01 2140.04 2534.44 
 464 2404.70 2502.87 2534.44 
 465 2603.56 2530.62 2534.44 
 466 2623.99 2300.14 2603.56 
 467 2459.66 2389.22 2623.99 
 468 2449.98 2354.68 2623.99 
 469 2397.98 2553.41 2623.99 
 470 2497.71 2632.05 2623.99 
 471 2520.10 2565.45 2623.99 
 472 2505.05 2504.74 2623.99 
 473 2598.31 2421.68 2623.99 
 474 2595.74 2585.60 2623.99 
 475 2546.53 2520.78 2623.99 
 476 2527.12 2308.35 2623.99 
 477 2622.82 1968.51 2623.99 
 478 2426.19 2302.68 2623.99 
 479 2664.16 2384.33 2623.99 
 480 2631.19 2255.45 2664.16 
 481 2563.98 2502.61 2664.16 
 482 2757.30 2513.62 2664.16 
 483 2695.31 2424.32 2757.30 
 484 2679.95 2295.49 2757.30 
 485 2662.30 2516.76 2757.30 
 486 2645.03 2491.22 2757.30 
 487 2771.97 2276.52 2757.30 
 488 2688.65 2371.44 2771.97 
 489 2790.04 2171.17 2771.97 
 490 2732.00 2114.97 2790.04 
 491 2704.93 2313.51 2790.04 
 492 2862.20 2275.28 2790.04 
 493 2684.78 2475.10 2862.20 
 494 2901.72 2610.07 2862.20 
 495 2588.03 2571.53 2901.72 
 496 2844.51 2414.67 2901.72 
 497 2728.72 2539.59 2901.72 
 498 2881.51 2496.34 2901.72 
 499 2872.89 2609.75 2901.72 
 500 2846.61 2632.17 2901.72 
 501 2878.35 2661.70 2901.72 
 502 2856.24 2885.44 2901.72 
 503 2725.65 2588.00 2901.72 
 504 2852.51 2593.53 2901.72 
 505 2875.51 2541.00 2901.72 
 506 2913.02 2740.49 2901.72 
 507 2871.94 2956.48 2913.02 
 508 2814.39 2636.78 2913.02 
 509 3023.50 2493.50 2913.02 
 510 2916.78 2763.05 3023.50 
 511 3103.67 2586.09 3023.50 
 512 2985.19 2609.98 3103.67 
 513 3063.57 2744.86 3103.67 
 514 2993.85 2750.58 3103.67 
 515 2742.65 2831.58 3103.67 
 516 2783.63 2770.84 3103.67 
 517 2691.66 2748.15 3103.67 
 518 2884.59 2594.91 3103.67 
 519 3009.55 2390.26 3103.67 
 520 2918.78 2857.47 3103.67 
 521 2887.71 2698.20 3103.67 
 522 2920.84 2385.62 3103.67 
 523 2884.38 2461.38 3103.67 
 524 2996.25 2207.73 3103.67 
 525 2891.11 2404.83 3103.67 
 526 2765.52 2852.69 3103.67 
 527 2793.01 2874.32 3103.67 
 528 2756.57 2597.49 3103.67 
 529 2933.40 2269.38 3103.67 
 530 2995.30 2476.78 3103.67 
 531 3094.21 2721.14 3103.67 
 532 2927.62 2530.01 3103.67 
 533 2921.80 2615.15 3103.67 
 534 2991.88 2714.68 3103.67 
 535 3028.74 2934.00 3103.67 
 536 2961.31 3100.21 3103.67 
 537 2973.38 2952.48 3103.67 
 538 2964.51 2598.75 3103.67 
 539 2850.78 2575.25 3103.67 
 540 3100.31 2831.80 3103.67 
 541 2941.77 2603.30 3103.67 
 542 2802.94 2486.40 3103.67 
 543 3136.80 2539.55 3103.67 
 544 3115.50 2588.80 3136.80 
 545 3019.18 2775.44 3136.80 
 546 3064.07 2894.09 3136.80 
 547 2901.34 2778.14 3136.80 
 548 3103.50 2974.63 3136.80 
 549 3052.22 2843.52 3136.80 
 550 3023.91 2925.16 3136.80 
 551 2801.58 2969.31 3136.80 
 552 2839.71 2822.25 3136.80 
 553 2931.76 2819.62 3136.80 
 554 2797.85 2871.65 3136.80 
 555 2997.03 2710.58 3136.80 
 556 2828.35 2210.35 3136.80 
 557 2824.75 2615.82 3136.80 
 558 2833.56 2587.70 3136.80 
 559 2898.49 2491.67 3136.80 
 560 3118.34 2850.18 3136.80 
 561 3061.04 2836.74 3136.80 
 562 3008.68 2962.34 3136.80 
 563 3088.11 2970.72 3136.80 
 564 2983.30 2874.98 3136.80 
 565 3014.37 2939.56 3136.80 
 566 2869.07 2806.26 3136.80 
 567 3150.71 3006.50 3136.80 
 568 3011.28 2695.87 3150.71 
 569 3103.44 2857.46 3150.71 
 570 2997.62 2662.84 3150.71 
 571 3072.65 2807.47 3150.71 
 572 2765.93 2807.71 3150.71 
 573 3046.87 2951.05 3150.71 
 574 3103.87 2875.92 3150.71 
 575 3090.62 2926.15 3150.71 
 576 3034.14 3158.63 3150.71 
 577 2981.17 2891.17 3150.71 
 578 3197.79 3068.01 3150.71 
 579 2956.34 2993.26 3197.79 
 580 3017.75 3264.32 3197.79 
 581 3079.58 3127.30 3197.79 
 582 3129.82 2978.05 3197.79 
 583 3050.28 2931.16 3197.79 
 584 3209.79 2732.00 3197.79 
 585 3173.50 2877.15 3209.79 
 586 3173.91 2745.93 3209.79 
 587 3185.19 2834.26 3209.79 
 588 3285.46 2938.57 3209.79 
 589 3193.03 2896.77 3285.46 
 590 3300.23 3032.91 3285.46 
 591 3164.13 3060.83 3300.23 
 592 3308.39 2888.26 3300.23 
 593 3098.56 2885.74 3308.39 
 594 3203.16 3175.84 3308.39 
 595 3206.48 3327.37 3308.39 
 596 3133.93 2849.69 3308.39 
 597 3169.81 3136.89 3308.39 
 598 3209.32 2895.27 3308.39 
 599 3225.09 3075.13 3308.39 
 600 3201.31 2721.55 3308.39 
 601 3214.92 3080.37 3308.39 
 602 3332.86 3273.33 3308.39 
 603 3177.03 2810.01 3332.86 
 604 3241.97 2636.26 3332.86 
 605 2947.65 3261.59 3332.86 
 606 3270.64 3217.60 3332.86 
 607 3338.14 3295.79 3332.86 
 608 3193.72 3270.26 3338.14 
 609 3208.94 3290.65 3338.14 
 610 3224.33 2879.76 3338.14 
 611 3265.73 3121.45 3338.14 
 612 3187.56 2889.11 3338.14 
 613 3204.09 3072.51 3338.14 
 614 3339.51 3022.11 3338.14 
 615 3290.09 3047.12 3339.51 
 616 3193.76 3026.01 3339.51 
 617 3348.83 3057.49 3339.51 
 618 3349.94 2965.52 3348.83 
 619 3045.87 2976.38 3349.94 
 620 3198.34 3102.20 3349.94 
 621 3269.19 3117.70 3349.94 
 622 3015.40 3168.72 3349.94 
 623 3055.66 2996.27 3349.94 
 624 3112.68 2740.19 3349.94 
 625 3237.73 3170.08 3349.94 
 626 3233.90 3279.46 3349.94 
 627 3323.83 3271.01 3349.94 
 628 3278.04 3280.29 3349.94 
 629 3356.64 3249.86 3349.94 
 630 3138.06 3349.19 3356.64 
 631 3185.01 3171.74 3356.64 
 632 3204.01 3220.64 3356.64 
 633 3261.49 3297.72 3356.64 
 634 3253.36 3312.65 3356.64 
 635 3434.71 3353.40 3356.64 
 636 3326.69 3323.66 3434.71 
 637 3234.27 3387.52 3434.71 
 638 3066.11 3290.73 3434.71 
 639 3425.27 3280.04 3434.71 
 640 3215.56 3110.85 3434.71 
 641 3340.40 3062.47 3434.71 
 642 3350.95 3260.55 3434.71 
 643 3216.68 3275.82 3434.71 
 644 3236.49 3161.13 3434.71 
 645 3171.71 3083.00 3434.71 
 646 3015.56 3284.24 3434.71 
 647 3340.14 3347.86 3434.71 
 648 3516.98 3222.37 3434.71 
 649 3370.53 3325.72 3516.98 
 650 3309.87 3405.37 3516.98 
 651 3257.52 3395.44 3516.98 
 652 3207.88 3312.26 3516.98 
 653 3231.41 3189.72 3516.98 
 654 3253.50 3137.42 3516.98 
 655 3264.89 3186.57 3516.98 
 656 3326.96 3129.63 3516.98 
 657 3349.73 3158.00 3516.98 
 658 3178.79 3189.89 3516.98 
 659 3303.20 3297.57 3516.98 
 660 3340.23 3220.47 3516.98 
 661 3321.98 3199.35 3516.98 
 662 3327.70 3136.65 3516.98 
 663 3215.63 3178.00 3516.98 
 664 3331.07 3187.04 3516.98 
 665 3210.35 3192.04 3516.98 
 666 3248.01 3243.19 3516.98 
 667 3342.34 3166.85 3516.98 
 668 3181.88 3172.45 3516.98 
 669 3069.49 3249.41 3516.98 
 670 3269.09 3001.35 3516.98 
 671 3381.91 3495.16 3516.98 
 672 3328.95 3630.54 3516.98 
 673 3245.79 3356.94 3516.98 
 674 3145.17 3007.49 3516.98 
 675 3279.40 3220.57 3516.98 
 676 3095.56 3360.36 3516.98 
 677 3220.07 3459.37 3516.98 
 678 3283.09 3441.04 3516.98 
 679 3296.62 3485.98 3516.98 
 680 3307.82 3582.79 3516.98 
 681 3255.52 3590.74 3516.98 
 682 3479.34 3614.31 3516.98 
 683 3252.16 3082.61 3516.98 
 684 3146.82 3582.95 3516.98 
 685 3476.48 3281.21 3516.98 
 686 3264.55 3266.42 3516.98 
 687 3408.59 3489.89 3516.98 
 688 3364.32 3504.85 3516.98 
 689 3066.18 3345.49 3516.98 
 690 3416.05 3535.11 3516.98 
 691 3347.96 3549.71 3516.98 
 692 3446.28 3566.92 3516.98 
 693 3274.17 3468.67 3516.98 
 694 3347.88 3231.42 3516.98 
 695 3337.64 3518.02 3516.98 
 696 3528.97 3512.67 3516.98 
 697 3522.99 3555.74 3528.97 
 698 3212.23 3523.99 3528.97 
 699 3486.54 3362.55 3528.97 
 700 3385.31 3335.05 3528.97 
 701 3484.10 3238.07 3528.97 
 702 3270.66 3412.49 3528.97 
 703 3399.47 3425.53 3528.97 
 704 3477.04 3386.54 3528.97 
 705 3374.58 3431.79 3528.97 
 706 3456.01 3373.46 3528.97 
 707 3523.67 3464.64 3528.97 
 708 3561.42 3371.12 3528.97 
 709 3326.36 3183.35 3561.42 
 710 3389.27 3306.24 3561.42 
 711 3562.76 3352.60 3561.42 
 712 3598.69 3258.55 3562.76 
 713 3409.65 3343.46 3598.69 
 714 3513.06 3204.35 3598.69 
 715 3529.94 3385.96 3598.69 
 716 3412.79 3452.88 3598.69 
 717 3571.31 3244.65 3598.69 
 718 3462.78 3327.10 3598.69 
 719 3350.92 3284.04 3598.69 
 720 3492.14 3010.06 3598.69 
 721 3368.43 3252.27 3598.69 
 722 3316.21 3137.25 3598.69 
 723 3476.54 3392.85 3598.69 
 724 3480.60 3327.50 3598.69 
 725 3581.81 3236.56 3598.69 
 726 3366.51 3271.01 3598.69 
 727 3445.14 3187.39 3598.69 
 728 3569.17 3239.29 3598.69 
 729 3424.92 3382.73 3598.69 
 730 3367.83 3590.98 3598.69 
 731 3532.80 3500.92 3598.69 
 732 3527.30 3469.56 3598.69 
 733 3518.07 3330.80 3598.69 
 734 3519.38 3334.53 3598.69 
 735 3532.05 3508.13 3598.69 
 736 3433.24 3370.86 3598.69 
 737 3595.08 3497.77 3598.69 
 738 3456.03 3524.74 3598.69 
 739 3523.29 3506.04 3598.69 
 740 3559.64 3360.98 3598.69 
 741 3488.44 3395.28 3598.69 
 742 3514.66 3494.61 3598.69 
 743 3496.42 3426.97 3598.69 
 744 3452.90 3329.26 3598.69 
 745 3568.69 3408.69 3598.69 
 746 3503.18 3365.33 3598.69 
 747 3589.83 3400.29 3598.69 
 748 3504.08 3232.98 3598.69 
 749 3612.03 3297.71 3598.69 
 750 3421.79 3543.11 3612.03 
 751 3575.30 3496.10 3612.03 
 752 3624.18 3516.22 3612.03 
 753 3473.97 3521.76 3624.18 
 754 3476.10 3462.68 3624.18 
 755 3575.98 3350.38 3624.18 
 756 3696.63 3500.26 3624.18 
 757 3481.16 3376.12 3696.63 
 758 3659.16 3413.67 3696.63 
 759 3658.53 3471.20 3696.63 
 760 3526.62 3407.65 3696.63 
 761 3585.86 3396.47 3696.63 
 762 3591.10 3548.58 3696.63 
 763 3621.61 3365.59 3696.63 
 764 3590.35 3338.34 3696.63 
 765 3526.60 3278.62 3696.63 
 766 3457.95 3321.22 3696.63 
 767 3500.39 3105.00 3696.63 
 768 3620.58 3169.85 3696.63 
 769 3467.07 3369.90 3696.63 
 770 3510.71 3293.66 3696.63 
 771 3566.95 3275.54 3696.63 
 772 3460.02 3423.50 3696.63 
 773 3384.78 3332.27 3696.63 
 774 3514.83 3400.42 3696.63 
 775 3416.41 3430.83 3696.63 
 776 3480.74 3382.47 3696.63 
 777 3610.37 3481.14 3696.63 
 778 3491.14 3538.16 3696.63 
 779 3446.92 3558.03 3696.63 
 780 3523.74 3448.15 3696.63 
 781 3492.87 3508.67 3696.63 
 782 3421.08 3506.42 3696.63 
 783 3556.25 3397.97 3696.63 
 784 3530.68 3368.10 3696.63 
 785 3532.60 3254.68 3696.63 
 786 3528.09 3316.72 3696.63 
 787 3662.86 3315.76 3696.63 
 788 3565.69 3251.55 3696.63 
 789 3345.89 3018.23 3696.63 
 790 3374.23 3334.29 3696.63 
 791 3537.19 3365.32 3696.63 
 792 3429.11 3256.97 3696.63 
 793 3614.06 3455.18 3696.63 
 794 3605.66 3479.58 3696.63 
 795 3564.32 3466.97 3696.63 
 796 3422.09 3437.04 3696.63 
 797 3366.03 3434.98 3696.63 
 798 3487.55 3475.66 3696.63 
 799 3661.33 3498.68 3696.63 
