Iter | Sampling Pol | Evaluation Pol | Best (Sampled) 
   0 -7.19 -7.56 -100000000.00 
   1 -6.90 -6.99 -7.19 
   2 -6.20 -6.66 -6.90 
   3 -5.85 -5.88 -6.20 
   4 -5.46 -4.96 -5.85 
   5 -5.31 -4.87 -5.46 
   6 -4.44 -4.02 -5.31 
   7 -4.41 -3.83 -4.44 
   8 -4.72 -4.36 -4.41 
   9 -4.55 -3.89 -4.41 
  10 -4.52 -4.53 -4.41 
  11 -4.27 -4.09 -4.41 
  12 -3.81 -4.05 -4.27 
  13 -3.49 -2.53 -3.81 
  14 -3.96 -3.18 -3.49 
  15 -3.36 -4.17 -3.49 
  16 -4.01 -3.14 -3.36 
  17 -3.09 -3.08 -3.36 
  18 -3.49 -3.04 -3.09 
  19 -3.60 -3.70 -3.09 
  20 -3.45 -3.64 -3.09 
  21 -2.80 -2.73 -3.09 
  22 -2.93 -4.03 -2.80 
  23 -2.71 -3.38 -2.80 
  24 -2.48 -2.89 -2.71 
  25 -2.98 -3.70 -2.48 
  26 -2.07 -3.31 -2.48 
  27 -2.35 -0.70 -2.07 
  28 -2.90 -0.60 -2.07 
  29 -1.81  0.96 -2.07 
  30 -1.98 -2.26 -1.81 
  31 -1.99 -1.17 -1.81 
  32 -1.85 -1.07 -1.81 
  33 -2.50 -0.27 -1.81 
  34 -1.91  0.13 -1.81 
  35 -0.72 -0.36 -1.81 
  36  1.09 -2.11 -0.72 
  37 -0.65 -1.56  1.09 
  38 -1.46 -2.43  1.09 
  39 -0.07 -3.02  1.09 
  40  1.39 -2.82  1.09 
  41  0.36 -2.82  1.39 
  42  1.34 -2.41  1.39 
  43  1.09 -2.61  1.39 
  44  2.38 -2.20  1.39 
  45 -0.26 -1.74  2.38 
  46  0.12 -1.49  2.38 
  47  0.16 -0.00  2.38 
  48  1.69  0.06  2.38 
  49  1.45  0.88  2.38 
  50 -0.84  0.17  2.38 
  51  1.03  1.27  2.38 
  52  0.61  1.09  2.38 
  53  2.18  1.74  2.38 
  54  7.19 -1.60  2.38 
  55  1.89  7.43  7.19 
  56  3.45  3.87  7.19 
  57  4.33  0.11  7.19 
  58  2.92  1.98  7.19 
  59  1.63  6.35  7.19 
  60  4.38  6.76  7.19 
  61  4.48  1.32  7.19 
  62  5.45  6.10  7.19 
  63  7.03 13.14  7.19 
  64  2.87  3.92  7.19 
  65  7.33  8.15  7.19 
  66  6.57  1.78  7.33 
  67  8.31  4.34  7.33 
  68  8.56  4.65  8.31 
  69  6.15  8.09  8.56 
  70  7.16 13.51  8.56 
  71  5.81  5.34  8.56 
  72 10.94  4.93  8.56 
  73 11.48  9.08 10.94 
  74 11.51 21.66 11.48 
  75 12.89  6.23 11.51 
  76  6.87 10.22 12.89 
  77 16.59  7.51 12.89 
  78 10.99  6.14 16.59 
  79  8.66  9.45 16.59 
  80 10.33 11.50 16.59 
  81 12.63  9.37 16.59 
  82 16.54 13.01 16.59 
  83 12.99  7.17 16.59 
  84 16.28 14.56 16.59 
  85 11.53 17.00 16.59 
  86 17.36  8.04 16.59 
  87  9.68  4.69 17.36 
  88 15.53 26.99 17.36 
  89  9.85  5.16 17.36 
  90 13.51  5.07 17.36 
  91 17.22  7.97 17.36 
  92 11.14  2.18 17.36 
  93 12.94  4.21 17.36 
  94 14.88 11.86 17.36 
  95 24.90 10.41 17.36 
  96 22.86  9.30 24.90 
  97 20.22 13.19 24.90 
  98 20.17 13.59 24.90 
  99 15.36  9.00 24.90 
 100 22.90 10.25 24.90 
 101 23.15  8.48 24.90 
 102 28.37 10.84 24.90 
 103 22.02 13.33 28.37 
 104 30.66 14.83 28.37 
 105 24.21 21.48 30.66 
 106 31.92 22.05 30.66 
 107 23.97 25.92 31.92 
 108 30.40 12.64 31.92 
 109 25.53 18.23 31.92 
 110 33.31 19.96 31.92 
 111 31.22 10.18 33.31 
 112 36.78 10.94 33.31 
 113 34.06 13.92 36.78 
 114 34.69 11.10 36.78 
 115 37.68 30.10 36.78 
 116 30.47 35.19 37.68 
 117 36.81 43.89 37.68 
 118 46.10 25.86 37.68 
 119 43.66 26.71 46.10 
 120 36.45 29.07 46.10 
 121 48.96 18.60 46.10 
 122 55.44 39.93 48.96 
 123 46.75 36.52 55.44 
 124 47.13 31.04 55.44 
 125 52.38 39.94 55.44 
 126 71.18 81.53 55.44 
 127 62.50 37.10 71.18 
 128 53.38 44.87 71.18 
 129 62.39 27.04 71.18 
 130 51.55 57.39 71.18 
 131 61.09 52.92 71.18 
 132 77.37 63.42 71.18 
 133 73.27 44.91 77.37 
 134 90.65 51.55 77.37 
 135 72.21 57.20 90.65 
 136 71.89 90.32 90.65 
 137 98.89 54.30 90.65 
 138 82.64 80.88 98.89 
 139 72.68 90.95 98.89 
 140 109.17 49.38 98.89 
 141 84.43 55.75 109.17 
 142 95.07 99.33 109.17 
 143 88.85 55.65 109.17 
 144 120.10 132.57 109.17 
 145 86.32 115.99 120.10 
 146 98.49 77.28 120.10 
 147 144.32 126.75 120.10 
 148 98.10 145.42 144.32 
 149 116.51 75.56 144.32 
 150 128.07 41.51 144.32 
 151 127.81 33.09 144.32 
 152 126.59 43.86 144.32 
 153 108.25 42.49 144.32 
 154 150.34 37.55 144.32 
 155 143.80 61.24 150.34 
 156 114.51 72.17 150.34 
 157 167.16 102.70 150.34 
 158 156.28 102.38 167.16 
 159 152.57 105.34 167.16 
 160 119.61 126.74 167.16 
 161 167.26 76.53 167.16 
 162 180.13 116.62 167.26 
 163 117.64 141.55 180.13 
 164 169.37 116.35 180.13 
 165 183.14 165.65 180.13 
 166 150.42 153.40 183.14 
 167 154.98 172.41 183.14 
 168 176.20 152.70 183.14 
 169 173.31 166.43 183.14 
 170 166.05 97.15 183.14 
 171 161.29 114.89 183.14 
 172 222.74 222.87 183.14 
 173 232.02 120.31 222.74 
 174 205.43 253.80 232.02 
 175 157.66 301.41 232.02 
 176 189.71 210.00 232.02 
 177 239.90 242.85 232.02 
 178 224.66 205.99 239.90 
 179 190.63 123.48 239.90 
 180 218.80 201.44 239.90 
 181 240.61 225.14 239.90 
 182 209.94 190.10 240.61 
 183 242.39 256.99 240.61 
 184 229.06 189.82 242.39 
 185 225.82 175.63 242.39 
 186 238.91 93.94 242.39 
 187 304.92 135.51 242.39 
 188 295.17 217.62 304.92 
 189 312.86 168.75 304.92 
 190 324.00 250.76 312.86 
 191 276.79 311.78 324.00 
 192 276.57 406.24 324.00 
 193 331.21 288.43 324.00 
 194 316.02 392.68 331.21 
 195 342.98 158.47 331.21 
 196 352.19 215.23 342.98 
 197 290.63 276.27 352.19 
 198 266.27 192.29 352.19 
 199 351.83 296.87 352.19 
 200 368.18 263.94 352.19 
 201 318.68 286.38 368.18 
 202 357.01 251.84 368.18 
 203 374.18 241.76 368.18 
 204 367.41 334.13 374.18 
 205 329.85 286.24 374.18 
 206 493.51 359.60 374.18 
 207 432.08 262.57 493.51 
 208 265.83 328.03 493.51 
 209 369.01 341.70 493.51 
 210 459.21 408.88 493.51 
 211 413.29 288.97 493.51 
 212 488.71 349.44 493.51 
 213 516.45 384.42 493.51 
 214 393.07 441.35 516.45 
 215 440.19 419.18 516.45 
 216 450.89 315.85 516.45 
 217 424.66 367.08 516.45 
 218 526.54 405.00 516.45 
 219 460.14 371.79 526.54 
 220 558.73 415.39 526.54 
 221 505.07 493.86 558.73 
 222 535.12 437.16 558.73 
 223 645.22 527.37 558.73 
 224 423.96 480.99 645.22 
 225 540.56 554.19 645.22 
 226 537.92 526.65 645.22 
 227 592.31 576.39 645.22 
 228 607.54 753.09 645.22 
 229 590.04 499.68 645.22 
 230 549.76 564.21 645.22 
 231 683.11 531.08 645.22 
 232 586.82 469.79 683.11 
 233 573.11 390.44 683.11 
 234 650.90 448.36 683.11 
 235 660.17 420.56 683.11 
 236 644.85 525.18 683.11 
 237 689.30 439.86 683.11 
 238 553.27 273.28 689.30 
 239 710.20 300.39 689.30 
 240 610.79 523.57 710.20 
 241 569.36 336.74 710.20 
 242 682.61 464.45 710.20 
 243 672.86 496.20 710.20 
 244 706.34 549.93 710.20 
 245 724.86 615.95 710.20 
 246 838.21 469.80 724.86 
 247 849.80 449.30 838.21 
 248 837.80 564.04 849.80 
 249 788.95 626.10 849.80 
 250 768.71 649.91 849.80 
 251 810.15 717.64 849.80 
 252 793.20 533.22 849.80 
 253 844.28 736.50 849.80 
 254 861.76 547.52 849.80 
 255 893.05 621.47 861.76 
 256 881.95 611.18 893.05 
 257 836.02 662.07 893.05 
 258 906.68 548.29 893.05 
 259 953.40 472.96 906.68 
 260 882.42 533.32 953.40 
 261 922.54 577.48 953.40 
 262 904.34 560.82 953.40 
 263 918.92 729.82 953.40 
 264 831.99 761.60 953.40 
 265 903.05 733.18 953.40 
 266 945.48 660.90 953.40 
 267 1004.01 546.44 953.40 
 268 1092.74 481.04 1004.01 
 269 862.37 748.06 1092.74 
 270 955.40 467.78 1092.74 
 271 938.05 555.08 1092.74 
 272 1057.62 704.41 1092.74 
 273 1174.50 609.61 1092.74 
 274 1009.52 642.79 1174.50 
 275 1026.83 589.84 1174.50 
 276 1074.61 729.29 1174.50 
 277 1094.60 619.30 1174.50 
 278 1101.75 782.70 1174.50 
 279 1138.43 898.00 1174.50 
 280 1037.17 1061.15 1174.50 
 281 1072.10 938.76 1174.50 
 282 1146.03 924.40 1174.50 
 283 1322.52 1053.10 1174.50 
 284 1113.59 922.79 1322.52 
 285 1145.38 816.11 1322.52 
 286 1155.16 846.56 1322.52 
 287 1251.21 935.93 1322.52 
 288 1308.29 826.91 1322.52 
 289 1190.82 924.38 1322.52 
 290 1104.44 1149.78 1322.52 
 291 1244.40 922.36 1322.52 
 292 1204.04 1087.40 1322.52 
 293 1259.26 1166.65 1322.52 
 294 1198.87 1019.59 1322.52 
 295 1128.51 810.17 1322.52 
 296 1221.52 1069.04 1322.52 
 297 1237.42 854.66 1322.52 
 298 1220.46 1000.47 1322.52 
 299 1153.52 782.39 1322.52 
