Iter | Sampling Pol | Evaluation Pol | Best (Sampled) 
   0 -5.27 -4.99 -100000000.00 
   1 -4.96 -5.11 -5.27 
   2 -4.79 -4.77 -4.96 
   3 -4.89 -4.51 -4.79 
   4 -4.41 -3.95 -4.79 
   5 -4.18  0.07 -4.41 
   6 -3.66 -3.70 -4.18 
   7 -3.71 -4.27 -3.66 
   8 -3.65 -3.68 -3.66 
   9 -3.25 -3.26 -3.65 
  10 -3.33 -0.06 -3.25 
  11 -3.35 -3.29 -3.25 
  12 -2.99 -3.51 -3.25 
  13 -3.22 -3.62 -2.99 
  14 -2.56 -3.76 -2.99 
  15 -3.21 -3.72 -2.56 
  16 -2.94 -3.72 -2.56 
  17 -2.36 -1.06 -2.56 
  18 -2.80 -3.62 -2.36 
  19 -2.48 -3.62 -2.36 
  20 -2.40 -3.59 -2.36 
  21 -2.72 -3.66 -2.36 
  22 -2.02 -3.51 -2.36 
  23 -2.39 -2.73 -2.02 
  24 -2.21 -3.72 -2.02 
  25 -2.26 -3.48 -2.02 
  26 -2.24  0.28 -2.02 
  27 -1.90  0.80 -2.02 
  28 -1.92  3.20 -1.90 
  29 -1.17 -0.16 -1.90 
  30 -2.15  1.50 -1.17 
  31 -0.80 -0.24 -1.17 
  32 -0.82  0.78 -0.80 
  33 -2.25 -3.25 -0.80 
  34 -1.88 -3.26 -0.80 
  35 -2.08 -3.24 -0.80 
  36 -1.21 -3.22 -0.80 
  37 -0.89 -3.18 -0.80 
  38 -0.61 -2.99 -0.80 
  39 -0.28 -3.07 -0.61 
  40  0.94 -2.62 -0.28 
  41  1.18 -1.91  0.94 
  42 -0.61 -2.60  1.18 
  43 -0.64 -2.92  1.18 
  44  0.65  1.80  1.18 
  45 -0.67 -1.48  1.18 
  46  0.05 -1.04  1.18 
  47  0.40 -0.60  1.18 
  48  1.12 -2.29  1.18 
  49  1.63  0.39  1.18 
  50  1.93 -1.54  1.63 
  51  0.10  1.44  1.93 
  52  2.34 -0.64  1.93 
  53  0.93  0.07  2.34 
  54  1.54  3.06  2.34 
  55  2.86  4.03  2.34 
  56  1.32  5.49  2.86 
  57  3.62  0.79  2.86 
  58  6.13  5.35  3.62 
  59  2.13  2.70  6.13 
  60  1.35  6.18  6.13 
  61  0.99 10.00  6.13 
  62  6.09  7.32  6.13 
  63  4.25  6.23  6.13 
  64  5.25 10.77  6.13 
  65  3.19 10.46  6.13 
  66  6.28 12.47  6.13 
  67  4.12 19.86  6.28 
  68  4.77 20.21  6.28 
  69  3.96 20.78  6.28 
  70  9.45 28.14  6.28 
  71  9.54 17.88  9.45 
  72 10.49  8.23  9.54 
  73 19.33 26.40 10.49 
  74 11.61  3.53 19.33 
  75  9.38  7.98 19.33 
  76 10.13  5.13 19.33 
  77 10.37 15.08 19.33 
  78 17.66  0.49 19.33 
  79 11.08  8.03 19.33 
  80 22.05 15.36 19.33 
  81 19.17 15.92 22.05 
  82 15.18 47.97 22.05 
  83 16.74 11.56 22.05 
  84 24.47 20.74 22.05 
  85 13.62 33.87 24.47 
  86 27.81 11.20 24.47 
  87 21.28 19.84 27.81 
  88 26.08 12.10 27.81 
  89 24.75  8.48 27.81 
  90 17.47  5.96 27.81 
  91 22.63 61.72 27.81 
  92 32.22 26.83 27.81 
  93 31.39  8.54 32.22 
  94 24.14 12.33 32.22 
  95 37.75 27.17 32.22 
  96 23.55 47.63 37.75 
  97 18.32 27.39 37.75 
  98 31.45 15.01 37.75 
  99 25.44 23.19 37.75 
 100 24.62 10.64 37.75 
 101 32.78 27.79 37.75 
 102 37.80 56.50 37.75 
 103 27.70 52.78 37.80 
 104 37.57 46.13 37.80 
 105 39.28 15.12 37.80 
 106 32.44 25.22 39.28 
 107 23.77 11.80 39.28 
 108 25.30 19.69 39.28 
 109 37.35 25.35 39.28 
 110 43.65 57.13 39.28 
 111 35.39 22.93 43.65 
 112 52.73 16.92 43.65 
 113 58.09 47.67 52.73 
 114 40.84 30.32 58.09 
 115 32.00 51.56 58.09 
 116 62.10 38.07 58.09 
 117 45.90 11.98 62.10 
 118 50.03 30.99 62.10 
 119 48.87 12.77 62.10 
 120 52.75 35.69 62.10 
 121 76.11 95.33 62.10 
 122 52.31 13.01 76.11 
 123 59.75 21.04 76.11 
 124 48.09 30.74 76.11 
 125 84.06 12.14 76.11 
 126 86.42 66.85 84.06 
 127 77.24 26.52 86.42 
 128 72.63 12.47 86.42 
 129 68.59 29.14 86.42 
 130 71.27 26.68 86.42 
 131 87.73 21.54 86.42 
 132 47.07 20.16 87.73 
 133 76.24 38.40 87.73 
 134 65.94 58.66 87.73 
 135 70.91 72.90 87.73 
 136 67.51 23.83 87.73 
 137 103.05 30.92 87.73 
 138 93.51 33.63 103.05 
 139 106.48 26.70 103.05 
 140 78.00 22.09 106.48 
 141 114.06 86.58 106.48 
 142 84.17 61.06 114.06 
 143 109.17 72.15 114.06 
 144 102.02 57.19 114.06 
 145 127.77 89.51 114.06 
 146 112.64 39.97 127.77 
 147 135.46 44.28 127.77 
 148 117.29 63.50 135.46 
 149 144.90 73.62 135.46 
 150 140.14 32.49 144.90 
 151 143.09 23.97 144.90 
 152 139.97 52.97 144.90 
 153 93.24 26.48 144.90 
 154 168.55 72.18 144.90 
 155 142.17 171.88 168.55 
 156 156.54 144.56 168.55 
 157 144.40 111.77 168.55 
 158 144.63 134.06 168.55 
 159 161.86 127.49 168.55 
 160 155.01 211.05 168.55 
 161 196.88 191.80 168.55 
 162 177.59 71.34 196.88 
 163 205.72 131.40 196.88 
 164 217.39 208.44 205.72 
 165 182.13 105.40 217.39 
 166 225.72 274.90 217.39 
 167 178.02 319.59 225.72 
 168 220.99 281.39 225.72 
 169 175.79 212.09 225.72 
 170 168.80 252.07 225.72 
 171 157.20 238.59 225.72 
 172 216.77 371.32 225.72 
 173 199.99 128.16 225.72 
 174 253.57 71.27 225.72 
 175 177.64 90.63 253.57 
 176 212.21 81.82 253.57 
 177 169.52 166.62 253.57 
 178 237.40 124.40 253.57 
 179 232.33 282.42 253.57 
 180 238.28 284.00 253.57 
 181 210.92 336.41 253.57 
 182 262.68 128.70 253.57 
 183 260.60 163.97 262.68 
 184 285.07 120.45 262.68 
 185 240.95 107.49 285.07 
 186 276.59 85.73 285.07 
 187 294.26 100.32 285.07 
 188 325.70 106.57 294.26 
 189 336.81 225.39 325.70 
 190 304.05 183.14 336.81 
 191 282.09 187.13 336.81 
 192 298.48 236.08 336.81 
 193 275.32 267.83 336.81 
 194 275.79 248.00 336.81 
 195 287.36 306.57 336.81 
 196 352.37 290.01 336.81 
 197 240.02 150.68 352.37 
 198 268.09 243.20 352.37 
 199 307.41 178.20 352.37 
 200 362.89 231.34 352.37 
 201 383.20 136.65 362.89 
 202 348.84 279.82 383.20 
 203 451.26 356.29 383.20 
 204 387.28 324.87 451.26 
 205 378.34 505.67 451.26 
 206 422.96 562.16 451.26 
 207 415.20 477.15 451.26 
 208 452.78 405.23 451.26 
 209 353.52 445.68 452.78 
 210 416.64 281.80 452.78 
 211 461.62 406.86 452.78 
 212 532.12 373.86 461.62 
 213 553.61 590.49 532.12 
 214 479.30 810.72 553.61 
 215 421.70 634.04 553.61 
 216 511.71 711.35 553.61 
 217 460.59 558.24 553.61 
 218 554.35 505.63 553.61 
 219 541.86 619.76 554.35 
 220 465.86 590.53 554.35 
 221 478.99 475.26 554.35 
 222 557.42 588.38 554.35 
 223 567.76 568.19 557.42 
 224 582.53 446.12 567.76 
 225 559.14 450.88 582.53 
 226 512.74 394.81 582.53 
 227 601.55 314.46 582.53 
 228 510.49 333.10 601.55 
 229 604.93 691.40 601.55 
 230 639.17 552.74 604.93 
 231 611.56 639.02 639.17 
 232 614.74 672.93 639.17 
 233 617.28 623.02 639.17 
 234 610.50 711.09 639.17 
 235 634.25 552.12 639.17 
 236 646.18 443.08 639.17 
 237 747.11 467.07 646.18 
 238 744.23 641.67 747.11 
 239 722.50 656.65 747.11 
 240 571.72 760.89 747.11 
 241 537.80 885.81 747.11 
 242 656.33 808.65 747.11 
 243 744.87 700.35 747.11 
 244 844.11 766.40 747.11 
 245 737.68 614.70 844.11 
 246 800.80 704.46 844.11 
 247 851.57 810.31 844.11 
 248 960.24 540.79 851.57 
 249 798.63 632.05 960.24 
 250 796.20 502.71 960.24 
 251 853.76 618.29 960.24 
 252 859.41 629.11 960.24 
 253 881.03 561.92 960.24 
 254 906.04 569.26 960.24 
 255 874.56 571.26 960.24 
 256 812.10 861.75 960.24 
 257 826.22 492.36 960.24 
 258 917.66 925.91 960.24 
 259 991.76 853.64 960.24 
 260 792.03 750.21 991.76 
 261 860.16 1001.31 991.76 
 262 951.74 904.97 991.76 
 263 939.17 638.97 991.76 
 264 960.20 885.95 991.76 
 265 941.79 761.06 991.76 
 266 777.64 799.86 991.76 
 267 1026.08 788.59 991.76 
 268 895.45 919.82 1026.08 
 269 845.51 973.68 1026.08 
 270 949.95 990.13 1026.08 
 271 904.27 1114.95 1026.08 
 272 1025.95 755.09 1026.08 
 273 1124.74 1011.78 1026.08 
 274 849.34 972.48 1124.74 
 275 972.14 1234.39 1124.74 
 276 914.70 951.64 1124.74 
 277 1048.20 1094.98 1124.74 
 278 1079.35 1141.34 1124.74 
 279 1211.37 1172.50 1124.74 
 280 1023.17 1069.41 1211.37 
 281 1071.81 1168.13 1211.37 
 282 1136.00 993.97 1211.37 
 283 1344.95 1239.93 1211.37 
 284 1099.01 1100.06 1344.95 
 285 1210.49 1231.02 1344.95 
 286 1269.02 1157.49 1344.95 
 287 1458.79 1265.26 1344.95 
 288 1228.56 1154.67 1458.79 
 289 1199.34 1323.81 1458.79 
 290 1329.11 1251.51 1458.79 
 291 1202.08 1082.14 1458.79 
 292 1224.42 1341.13 1458.79 
 293 1316.19 1235.91 1458.79 
 294 1359.77 1454.86 1458.79 
 295 1292.72 1640.38 1458.79 
 296 1223.43 1434.21 1458.79 
 297 1310.90 1538.75 1458.79 
 298 1292.08 1496.64 1458.79 
 299 1253.48 1658.44 1458.79 
 276 1153.21 963.47 -100000000.00 
 277 1031.39 898.39 1153.21 
 278 1002.17 682.68 1153.21 
 279 1065.41 754.85 1153.21 
 280 977.11 947.21 1153.21 
 281 1112.91 798.83 1153.21 
 282 949.16 912.71 1153.21 
 283 900.46 940.28 1153.21 
 284 926.52 1197.99 1153.21 
 285 885.87 1008.81 1153.21 
 286 953.44 1042.84 1153.21 
 287 966.76 910.85 1153.21 
 288 1082.11 1060.07 1153.21 
 289 1089.04 1020.81 1153.21 
 290 1155.39 1123.23 1153.21 
 291 1175.34 1014.74 1155.39 
 292 993.27 1124.90 1175.34 
 293 1101.10 1153.74 1175.34 
 294 1251.22 1009.43 1175.34 
 295 1132.63 1047.16 1251.22 
 296 1265.91 901.43 1251.22 
 297 1196.48 1171.92 1265.91 
 298 1134.64 1471.95 1265.91 
 299 1114.37 1251.74 1265.91 
 300 1342.35 1212.30 1265.91 
 301 1149.63 1111.92 1342.35 
 302 1221.26 1435.94 1342.35 
 303 1284.01 1346.45 1342.35 
 304 1278.79 1482.23 1342.35 
 305 1137.66 1308.03 1342.35 
 306 1242.03 1481.83 1342.35 
 307 1373.26 1583.83 1342.35 
 308 1258.08 1367.56 1373.26 
 309 1156.75 1229.88 1373.26 
 310 1346.08 1267.95 1373.26 
 311 1339.97 1508.55 1373.26 
 312 1454.48 1356.31 1373.26 
 313 1345.74 1533.86 1454.48 
 314 1193.68 1372.48 1454.48 
 315 1334.52 1390.34 1454.48 
 316 1429.45 1059.70 1454.48 
 317 1431.99 967.81 1454.48 
 318 1563.83 1195.57 1454.48 
 319 1328.27 1132.04 1563.83 
 320 1524.63 1365.20 1563.83 
 321 1290.53 1532.54 1563.83 
 322 1488.87 1132.96 1563.83 
 323 1373.08 1357.00 1563.83 
 324 1456.65 1150.11 1563.83 
 325 1556.31 1251.20 1563.83 
 326 1428.84 985.69 1563.83 
 327 1592.49 1364.32 1563.83 
 328 1619.77 1702.90 1592.49 
 329 1589.21 1551.45 1619.77 
 330 1601.58 1696.04 1619.77 
 331 1554.04 1588.58 1619.77 
 332 1699.13 1505.43 1619.77 
 333 1755.79 1434.30 1699.13 
 334 1754.34 1658.39 1755.79 
 335 1456.02 1836.08 1755.79 
 336 1697.77 1732.22 1755.79 
 337 1579.89 1651.42 1755.79 
 338 1704.41 1558.72 1755.79 
 339 1820.63 1741.56 1755.79 
 340 1709.89 1614.81 1820.63 
 341 1710.06 1696.19 1820.63 
 342 1862.34 1693.00 1820.63 
 343 1749.08 1804.40 1862.34 
 344 1830.07 1792.09 1862.34 
 345 1765.26 1669.61 1862.34 
 346 1820.23 1692.62 1862.34 
 347 1804.20 1677.21 1862.34 
 348 1727.06 1843.65 1862.34 
 349 1938.62 1958.57 1862.34 
 350 1842.29 2067.82 1938.62 
 351 1723.35 2171.63 1938.62 
 352 1748.13 2187.33 1938.62 
 353 1950.16 1828.42 1938.62 
 354 1809.30 1988.84 1950.16 
 355 1755.72 1768.31 1950.16 
 356 1982.60 2122.81 1950.16 
 357 1742.79 1942.24 1982.60 
 358 1780.59 1876.96 1982.60 
 359 1895.63 1976.37 1982.60 
 360 2055.67 2065.12 1982.60 
 361 1872.95 2121.27 2055.67 
 362 2129.52 2259.73 2055.67 
 363 2102.16 2314.95 2129.52 
 364 2198.99 2263.07 2129.52 
 365 2123.34 2158.51 2198.99 
 366 2170.10 2167.15 2198.99 
 367 2118.73 2107.25 2198.99 
 368 2038.71 2134.66 2198.99 
 369 2036.04 2129.73 2198.99 
 370 1991.20 2119.68 2198.99 
 371 2082.22 2124.15 2198.99 
 372 2068.96 2289.22 2198.99 
 373 2046.07 2414.03 2198.99 
 374 2123.11 2289.11 2198.99 
 375 1980.82 2254.89 2198.99 
 376 2197.66 2255.68 2198.99 
 377 2229.89 2434.20 2198.99 
 378 2120.23 2656.20 2229.89 
 379 2322.52 2441.76 2229.89 
 380 2237.26 2432.05 2322.52 
 381 2261.83 2502.83 2322.52 
 382 2375.64 2538.82 2322.52 
 383 2031.38 2390.62 2375.64 
 384 2195.05 2618.67 2375.64 
 385 2386.83 2448.81 2375.64 
 386 2329.54 2454.38 2386.83 
 387 2330.27 2501.14 2386.83 
 388 2187.10 2509.92 2386.83 
 389 2310.69 2534.96 2386.83 
 390 2282.52 2325.81 2386.83 
 391 2118.69 2288.45 2386.83 
 392 2248.42 2331.20 2386.83 
 393 2293.40 2306.04 2386.83 
 394 2285.50 2265.45 2386.83 
 395 2305.56 2501.66 2386.83 
 396 2284.22 2162.62 2386.83 
 397 2277.39 2240.99 2386.83 
 398 2210.07 2420.93 2386.83 
 399 2200.89 2328.48 2386.83 
 400 2286.00 2495.80 2386.83 
 401 2514.16 2395.89 2386.83 
 402 2343.21 2292.36 2514.16 
 403 2446.86 2379.53 2514.16 
 404 2428.45 2238.78 2514.16 
 405 2402.87 2355.81 2514.16 
 406 2206.60 2151.23 2514.16 
 407 2301.03 2317.57 2514.16 
 408 2429.61 2299.40 2514.16 
 409 2353.75 2421.65 2514.16 
 410 2350.11 2179.80 2514.16 
 411 2508.36 2299.84 2514.16 
 412 2253.16 2320.06 2514.16 
 413 2391.80 2295.80 2514.16 
 414 2364.02 2442.92 2514.16 
 415 2452.40 2488.49 2514.16 
 416 2429.11 2379.40 2514.16 
 417 2289.22 2389.01 2514.16 
 418 2470.24 2602.10 2514.16 
 419 2521.42 2512.23 2514.16 
 420 2544.52 2361.06 2521.42 
 421 2378.13 2654.00 2544.52 
 422 2505.15 2638.35 2544.52 
 423 2539.22 2701.78 2544.52 
 424 2457.89 2643.78 2544.52 
 425 2443.82 2614.83 2544.52 
 426 2458.33 2685.58 2544.52 
 427 2368.64 2573.92 2544.52 
 428 2451.61 2610.94 2544.52 
 429 2457.16 2427.76 2544.52 
 430 2524.03 2467.11 2544.52 
 431 2483.12 2492.47 2544.52 
 432 2371.87 2509.91 2544.52 
 433 2429.95 2596.38 2544.52 
 434 2387.28 2380.20 2544.52 
 435 2599.38 2512.26 2544.52 
 436 2492.28 2636.65 2599.38 
 437 2429.99 2461.09 2599.38 
 438 2415.45 2635.21 2599.38 
 439 2464.78 2526.51 2599.38 
 440 2639.43 2560.31 2599.38 
 441 2723.39 2675.06 2639.43 
 442 2581.76 2595.81 2723.39 
 443 2475.98 2638.03 2723.39 
 444 2554.95 2524.20 2723.39 
 445 2572.99 2492.65 2723.39 
 446 2582.88 2557.57 2723.39 
 447 2492.27 2632.85 2723.39 
 448 2590.03 2654.52 2723.39 
 449 2515.38 2622.76 2723.39 
 450 2685.39 2606.91 2723.39 
 451 2537.51 2651.61 2723.39 
 452 2691.53 2579.83 2723.39 
 453 2574.60 2695.42 2723.39 
 454 2655.68 2676.40 2723.39 
 455 2537.56 2641.26 2723.39 
 456 2608.67 2648.98 2723.39 
 457 2575.80 2742.78 2723.39 
 458 2546.81 2707.87 2723.39 
 459 2637.02 2607.64 2723.39 
 460 2646.72 2810.99 2723.39 
 461 2673.19 2716.78 2723.39 
 462 2526.69 2723.28 2723.39 
 463 2763.40 2614.47 2723.39 
 464 2674.50 2719.84 2763.40 
 465 2922.07 2772.26 2763.40 
 466 2729.78 2713.48 2922.07 
 467 2617.22 2483.37 2922.07 
 468 2371.84 2733.97 2922.07 
 469 2636.79 2783.65 2922.07 
 470 2551.52 2676.60 2922.07 
 471 2766.96 2865.53 2922.07 
 472 2392.79 2805.45 2922.07 
 473 2565.49 2820.79 2922.07 
 474 2659.06 2887.11 2922.07 
 475 2715.32 2733.59 2922.07 
 476 2726.82 2772.15 2922.07 
 477 2689.51 2866.30 2922.07 
 478 2484.53 2815.34 2922.07 
 479 2809.18 2734.64 2922.07 
 480 2665.07 2828.93 2922.07 
 481 2654.46 2815.21 2922.07 
 482 2794.58 2824.98 2922.07 
 483 2722.67 2596.41 2922.07 
 484 2564.12 2813.11 2922.07 
 485 2691.47 2675.93 2922.07 
 486 2720.13 2798.32 2922.07 
 487 2829.89 2785.54 2922.07 
 488 2763.24 2760.89 2922.07 
 489 2797.23 2814.76 2922.07 
 490 2797.66 2883.17 2922.07 
 491 2756.14 2794.62 2922.07 
 492 2805.67 2759.69 2922.07 
 493 2726.12 2733.37 2922.07 
 494 2934.85 2887.61 2922.07 
 495 2762.20 2942.22 2934.85 
 496 2655.82 2977.05 2934.85 
 497 3006.64 2865.50 2934.85 
 498 2873.81 2885.86 3006.64 
 499 2813.72 2914.34 3006.64 
