Iter | Sampling Pol | Evaluation Pol | Best (Sampled) 
   0 -3.43 -4.57 -100000000.00 
   1 -4.87 -4.23 -3.43 
   2 -3.81 -3.44 -3.43 
   3 -4.22 -3.09 -3.43 
   4 -3.30 -2.42 -3.43 
   5 -2.47 -1.62 -3.30 
   6 -1.75 -3.81 -2.47 
   7 -4.06 -3.52 -1.75 
   8 -1.73 -3.52 -1.75 
   9 -1.63  4.86 -1.73 
  10 -1.54 -3.42 -1.63 
  11 -1.37 -3.54 -1.54 
  12 -2.09  2.84 -1.37 
  13 -1.82  0.92 -1.37 
  14 -2.76  1.04 -1.37 
  15 -1.28  1.46 -1.37 
  16 -0.64 -2.75 -1.28 
  17 -1.98 -3.03 -0.64 
  18 -0.38 -1.53 -0.64 
  19 -1.73 -1.31 -0.38 
  20  0.55 -0.43 -0.38 
  21  0.22 -2.41  0.55 
  22  3.25 -2.69  0.55 
  23  3.01 -3.88  3.25 
  24  1.26 -3.94  3.25 
  25  0.31 -3.72  3.25 
  26 -0.11 -0.85  3.25 
  27  1.57 -2.83  3.25 
  28  2.90  0.21  3.25 
  29  1.70 -2.78  3.25 
  30 -0.13 -1.55  3.25 
  31  3.22 -3.22  3.25 
  32  4.16 -3.34  3.25 
  33  0.85  2.32  4.16 
  34  3.79 -1.78  4.16 
  35  3.45 -2.27  4.16 
  36  0.97 -2.84  4.16 
  37  1.72 -0.71  4.16 
  38  2.84  0.12  4.16 
  39  1.58  0.99  4.16 
  40  1.04 12.24  4.16 
  41  5.85  1.13  4.16 
  42  4.36  9.44  5.85 
  43  7.18  0.48  5.85 
  44  6.79 -1.52  7.18 
  45  5.10  6.13  7.18 
  46 10.00 -3.33  7.18 
  47  4.63 -4.18 10.00 
  48  7.54 -4.33 10.00 
  49 11.25 -4.23 10.00 
  50  9.17 -2.12 11.25 
  51  5.20  0.07 11.25 
  52 10.05  5.75 11.25 
  53 12.66  4.87 11.25 
  54  8.00  9.25 12.66 
  55 13.79 -2.26 12.66 
  56 16.95  1.82 13.79 
  57 15.71 -1.62 16.95 
  58 12.18  0.90 16.95 
  59  9.33  1.73 16.95 
  60 11.33  4.44 16.95 
  61 13.46 23.14 16.95 
  62 20.20  3.82 16.95 
  63 21.56 15.98 20.20 
  64 13.21  9.68 21.56 
  65 17.84 -0.12 21.56 
  66 19.25  0.69 21.56 
  67 18.39  1.93 21.56 
  68 25.82  0.61 21.56 
  69 21.68  3.27 25.82 
  70 11.93  1.98 25.82 
  71 23.44  3.60 25.82 
  72 16.46  2.88 25.82 
  73 19.99  9.28 25.82 
  74 18.23  4.37 25.82 
  75 20.47  4.21 25.82 
  76 16.56  7.97 25.82 
  77 26.68  1.29 25.82 
  78 22.83 10.96 26.68 
  79 24.04  9.29 26.68 
  80 21.11  0.64 26.68 
  81 30.64  7.33 26.68 
  82 24.98  9.36 30.64 
  83 20.60 10.28 30.64 
  84 19.57 10.97 30.64 
  85 19.07 18.54 30.64 
  86 30.05  9.07 30.64 
  87 25.55 18.36 30.64 
  88 21.16 21.94 30.64 
  89 26.52 28.93 30.64 
  90 24.59 20.93 30.64 
  91 32.02 26.65 30.64 
  92 21.94 30.54 32.02 
  93 28.47 31.32 32.02 
  94 29.25 25.63 32.02 
  95 32.28 28.12 32.02 
  96 25.08 20.02 32.28 
  97 28.41 31.42 32.28 
  98 23.03 30.26 32.28 
  99 28.36 19.46 32.28 
 100 39.35 28.08 32.28 
 101 34.73 34.81 39.35 
 102 50.71 31.60 39.35 
 103 51.78 26.16 50.71 
 104 40.29 19.75 51.78 
 105 35.82 21.90 51.78 
 106 50.89 30.97 51.78 
 107 45.10 53.31 51.78 
 108 43.09 44.41 51.78 
 109 41.59 27.00 51.78 
 110 56.77 33.92 51.78 
 111 39.00 23.22 56.77 
 112 48.49 35.91 56.77 
 113 55.11 38.05 56.77 
 114 51.59 30.54 56.77 
 115 50.14 14.24 56.77 
 116 54.93 28.28 56.77 
 117 57.12 33.57 56.77 
 118 48.33 36.43 57.12 
 119 44.49 15.01 57.12 
 120 47.41 25.65 57.12 
 121 59.48 19.63 57.12 
 122 73.57 53.61 59.48 
 123 61.95 34.27 73.57 
 124 62.80 46.46 73.57 
 125 91.38 38.55 73.57 
 126 97.24 37.38 91.38 
 127 77.87 60.68 97.24 
 128 68.98 25.06 97.24 
 129 56.86 53.81 97.24 
 130 77.55 33.98 97.24 
 131 64.34 61.79 97.24 
 132 102.14 43.29 97.24 
 133 93.36 69.43 102.14 
 134 92.98 82.30 102.14 
 135 89.57 43.57 102.14 
 136 84.85 59.89 102.14 
 137 129.70 62.95 102.14 
 138 84.21 74.24 129.70 
 139 93.69 77.88 129.70 
 140 108.27 50.10 129.70 
 141 87.14 144.10 129.70 
 142 101.90 113.04 129.70 
 143 111.61 111.84 129.70 
 144 119.31 84.23 129.70 
 145 97.38 97.53 129.70 
 146 139.93 93.01 129.70 
 147 136.97 114.37 139.93 
 148 122.85 127.94 139.93 
 149 111.30 106.57 139.93 
 150 138.01 140.46 139.93 
 151 94.88 201.11 139.93 
 152 135.64 87.30 139.93 
 153 148.00 84.99 139.93 
 154 145.15 117.38 148.00 
 155 137.73 129.22 148.00 
 156 115.81 142.26 148.00 
 157 154.28 189.73 148.00 
 158 113.47 177.72 154.28 
 159 151.07 196.10 154.28 
 160 128.57 203.45 154.28 
 161 166.49 306.90 154.28 
 162 160.35 227.79 166.49 
 163 132.83 281.94 166.49 
 164 184.01 167.94 166.49 
 165 211.23 213.78 184.01 
 166 148.16 205.92 211.23 
 167 200.50 174.76 211.23 
 168 187.82 194.76 211.23 
 169 167.94 200.36 211.23 
 170 189.78 290.01 211.23 
 171 182.09 273.41 211.23 
 172 190.01 293.54 211.23 
 173 195.52 144.49 211.23 
 174 247.53 165.60 211.23 
 175 195.19 277.36 247.53 
 176 211.76 244.11 247.53 
 177 213.84 320.88 247.53 
 178 178.19 362.59 247.53 
 179 222.89 252.67 247.53 
 180 252.46 166.38 247.53 
 181 243.85 158.68 252.46 
 182 229.63 134.57 252.46 
 183 214.54 241.12 252.46 
 184 260.28 157.65 252.46 
 185 299.35 211.26 260.28 
 186 269.45 262.18 299.35 
 187 260.68 213.45 299.35 
 188 361.03 232.44 299.35 
 189 331.98 120.15 361.03 
 190 309.75 275.59 361.03 
 191 295.90 215.63 361.03 
 192 247.53 196.54 361.03 
 193 359.37 173.90 361.03 
 194 389.12 172.38 361.03 
 195 416.70 133.98 389.12 
 196 353.75 237.01 416.70 
 197 297.36 198.36 416.70 
 198 358.09 212.50 416.70 
 199 310.04 278.02 416.70 
 200 397.58 396.79 416.70 
 201 416.55 307.06 416.70 
 202 458.30 286.70 416.70 
 203 460.12 263.76 458.30 
 204 469.39 212.09 460.12 
 205 361.55 325.41 469.39 
 206 459.54 256.56 469.39 
 207 463.01 339.03 469.39 
 208 503.11 216.19 469.39 
 209 487.08 281.76 503.11 
 210 473.52 268.34 503.11 
 211 545.25 315.15 503.11 
 212 568.54 277.50 545.25 
 213 681.19 468.83 568.54 
 214 483.76 431.40 681.19 
 215 437.49 329.50 681.19 
 216 566.81 349.95 681.19 
 217 636.16 293.88 681.19 
 218 704.55 224.16 681.19 
 219 618.88 272.02 704.55 
 220 575.64 361.73 704.55 
 221 566.66 392.86 704.55 
 222 616.38 352.87 704.55 
 223 735.61 460.36 704.55 
 224 629.97 363.05 735.61 
 225 646.15 360.49 735.61 
 226 712.66 297.30 735.61 
 227 837.81 279.93 735.61 
 228 718.33 411.90 837.81 
 229 841.74 349.21 837.81 
 230 811.75 388.53 841.74 
 231 847.55 406.30 841.74 
 232 920.58 454.62 847.55 
 233 863.47 370.44 920.58 
 234 817.71 373.92 920.58 
 235 953.17 395.57 920.58 
 236 929.89 551.42 953.17 
 237 1007.53 594.86 953.17 
 238 1025.10 660.97 1007.53 
 239 1014.20 996.72 1025.10 
 240 1011.37 870.75 1025.10 
 241 948.97 770.56 1025.10 
 242 1042.00 891.21 1025.10 
 243 1028.93 809.70 1042.00 
 244 992.37 781.07 1042.00 
 245 1061.62 663.92 1042.00 
 246 1073.12 615.40 1061.62 
 247 1151.07 643.60 1073.12 
 248 1230.45 686.21 1151.07 
 249 1157.83 600.81 1230.45 
 250 1174.37 647.28 1230.45 
 251 1177.09 601.07 1230.45 
 252 1220.32 586.33 1230.45 
 253 1169.19 507.02 1230.45 
 254 1144.12 474.82 1230.45 
 255 1331.75 518.97 1230.45 
 256 1252.15 587.01 1331.75 
 257 1221.60 424.68 1331.75 
 258 1214.41 494.34 1331.75 
 259 1287.73 483.66 1331.75 
 260 1350.86 569.16 1331.75 
 261 1183.23 575.29 1350.86 
 262 1385.60 411.70 1350.86 
 263 1318.74 569.73 1385.60 
 264 1371.02 477.48 1385.60 
 265 1511.52 720.15 1385.60 
 266 1308.93 664.23 1511.52 
 267 1422.45 621.88 1511.52 
 268 1499.29 651.42 1511.52 
 269 1486.04 701.08 1511.52 
 270 1393.28 704.78 1511.52 
 271 1547.63 686.84 1511.52 
 272 1670.08 862.68 1547.63 
 273 1593.70 936.49 1670.08 
 274 1541.19 829.35 1670.08 
 275 1539.83 627.85 1670.08 
 276 1633.06 756.16 1670.08 
 277 1551.69 846.60 1670.08 
 278 1580.67 797.92 1670.08 
 279 1521.90 732.55 1670.08 
 280 1551.61 531.88 1670.08 
 281 1444.88 636.54 1670.08 
 282 1583.45 848.06 1670.08 
 283 1689.64 837.51 1670.08 
 284 1675.94 825.34 1689.64 
 285 1567.28 802.10 1689.64 
 286 1664.22 712.51 1689.64 
 287 1727.81 816.28 1689.64 
 288 1798.52 669.83 1727.81 
 289 1795.95 844.57 1798.52 
 290 1687.96 629.69 1798.52 
 291 1984.71 592.68 1798.52 
 292 1653.76 809.08 1984.71 
 293 1783.38 980.49 1984.71 
 294 1808.85 980.76 1984.71 
 295 1887.23 1080.85 1984.71 
 296 1822.53 911.25 1984.71 
 297 2039.79 915.12 1984.71 
 298 1973.97 1058.51 2039.79 
 299 1838.02 865.77 2039.79 
