Iter | Sampling Pol | Evaluation Pol | Best (Sampled) 
   0 -5.58 -4.97 -100000000.00 
   1 -5.47 -5.16 -5.58 
   2 -5.27 -2.10 -5.47 
   3 -5.13 -0.10 -5.27 
   4 -4.45 -1.91 -5.13 
   5 -3.70 -2.95 -4.45 
   6 -3.98 -1.87 -3.70 
   7 -3.83  1.49 -3.70 
   8 -2.70 -0.39 -3.70 
   9 -3.80 -2.76 -2.70 
  10 -3.22 -3.25 -2.70 
  11 -2.67 -1.21 -2.70 
  12 -2.28  0.69 -2.67 
  13 -1.46  2.31 -2.28 
  14 -2.98  1.09 -1.46 
  15 -2.83  1.39 -1.46 
  16 -1.52 -0.86 -1.46 
  17 -1.07 -0.77 -1.46 
  18 -0.98  0.31 -1.07 
  19 -0.77 -1.32 -0.98 
  20  2.75  1.38 -0.77 
  21  0.11  2.83  2.75 
  22  0.94  3.72  2.75 
  23  1.34 11.31  2.75 
  24  0.62  2.31  2.75 
  25 -1.28  7.23  2.75 
  26 -0.08  6.35  2.75 
  27  0.35 14.23  2.75 
  28  2.04  4.01  2.75 
  29  2.29 16.59  2.75 
  30  2.33 13.36  2.75 
  31 -0.32 12.14  2.75 
  32  2.66  8.83  2.75 
  33  5.26 13.16  2.75 
  34  2.63 11.59  5.26 
  35  3.50  6.26  5.26 
  36  2.70  6.87  5.26 
  37  5.36 25.00  5.26 
  38  1.52 17.21  5.36 
  39  2.68 19.16  5.36 
  40  4.67 20.01  5.36 
  41  5.33 26.92  5.36 
  42  4.01 12.87  5.36 
  43  2.88 27.53  5.36 
  44  5.57 24.60  5.36 
  45  5.99 49.71  5.57 
  46  6.44 58.60  5.99 
  47 12.14 68.71  6.44 
  48 15.29 61.24 12.14 
  49 12.57 41.45 15.29 
  50  9.37 70.52 15.29 
  51 13.19 135.32 15.29 
  52 17.47 28.83 15.29 
  53 11.47 32.25 17.47 
  54 12.10 53.14 17.47 
  55 10.17 43.82 17.47 
  56 19.56 32.29 17.47 
  57 17.93 58.34 19.56 
  58 15.10 32.68 19.56 
  59 16.79 102.39 19.56 
  60 19.87 41.65 19.56 
  61 11.33 46.83 19.87 
  62 14.91 49.66 19.87 
  63 15.23 107.04 19.87 
  64 26.48 63.29 19.87 
  65 14.74 29.32 26.48 
  66 24.26 26.85 26.48 
  67 18.64 43.23 26.48 
  68 12.46 25.28 26.48 
  69 19.98 20.46 26.48 
  70 16.86 23.96 26.48 
  71 20.04 42.04 26.48 
  72 23.94 31.07 26.48 
  73 32.26 58.59 26.48 
  74 24.93 52.75 32.26 
  75 22.77 64.03 32.26 
  76 23.29 66.21 32.26 
  77 21.37 67.55 32.26 
  78 40.39 37.12 32.26 
  79 35.25 72.27 40.39 
  80 35.51 106.28 40.39 
  81 38.14 65.37 40.39 
  82 29.91 35.20 40.39 
  83 26.51 113.43 40.39 
  84 32.34 54.97 40.39 
  85 44.82 62.48 40.39 
  86 34.46 30.83 44.82 
  87 39.57 35.94 44.82 
  88 40.88 52.66 44.82 
  89 46.69 81.67 44.82 
  90 33.33 33.97 46.69 
  91 36.82 79.97 46.69 
  92 35.65 71.51 46.69 
  93 63.48 100.48 46.69 
  94 42.02 59.86 63.48 
  95 37.29 38.04 63.48 
  96 34.46 63.99 63.48 
  97 46.64 153.08 63.48 
  98 39.26 93.20 63.48 
  99 57.88 103.28 63.48 
 100 55.90 52.99 63.48 
 101 66.29 57.12 63.48 
 102 47.72 105.23 66.29 
 103 47.88 138.75 66.29 
 104 63.55 27.37 66.29 
 105 33.39 96.11 66.29 
 106 61.43 37.41 66.29 
 107 71.29 109.16 66.29 
 108 51.33 88.69 71.29 
 109 65.07 48.67 71.29 
 110 65.92 74.56 71.29 
 111 89.18 61.22 71.29 
 112 66.37 58.44 89.18 
 113 50.14 88.07 89.18 
 114 63.75 141.30 89.18 
 115 92.57 183.98 89.18 
 116 52.25 165.96 92.57 
 117 90.05 41.36 92.57 
 118 72.08 116.11 92.57 
 119 80.63 155.11 92.57 
 120 89.69 120.46 92.57 
 121 79.44 88.19 92.57 
 122 86.35 289.86 92.57 
 123 96.75 165.38 92.57 
 124 98.90 117.97 96.75 
 125 78.59 90.54 98.90 
 126 113.36 67.87 98.90 
 127 70.02 156.28 113.36 
 128 116.25 48.20 113.36 
 129 117.79 132.91 116.25 
 130 131.38 35.72 117.79 
 131 114.95 170.10 131.38 
 132 134.43 23.74 131.38 
 133 95.62 117.50 134.43 
 134 132.24 79.73 134.43 
 135 137.67 37.85 134.43 
 136 109.29 72.77 137.67 
 137 180.73 100.46 137.67 
 138 158.41 106.34 180.73 
 139 170.13 216.34 180.73 
 140 177.68 283.38 180.73 
 141 209.84 254.78 180.73 
 142 173.99 73.54 209.84 
 143 197.01 87.19 209.84 
 144 182.78 222.20 209.84 
 145 206.86 103.75 209.84 
 146 218.14 168.59 209.84 
 147 200.63 260.45 218.14 
 148 202.80 243.81 218.14 
 149 230.40 380.43 218.14 
 150 262.75 203.76 230.40 
 151 231.99 177.63 262.75 
 152 209.42 169.95 262.75 
 153 151.99 205.29 262.75 
 154 251.79 254.42 262.75 
 155 202.64 203.83 262.75 
 156 212.35 171.79 262.75 
 157 236.22 204.58 262.75 
 158 234.75 238.12 262.75 
 159 203.33 142.75 262.75 
 160 261.81 105.42 262.75 
 161 232.58 219.09 262.75 
 162 240.50 233.97 262.75 
 163 208.80 122.95 262.75 
 164 273.90 208.39 262.75 
 165 210.45 410.27 273.90 
 166 274.53 375.40 273.90 
 167 214.37 248.68 274.53 
 168 276.94 329.12 274.53 
 169 255.89 291.16 276.94 
 170 280.79 465.77 276.94 
 171 290.66 274.31 280.79 
 172 339.18 363.07 290.66 
 173 272.74 292.75 339.18 
 174 266.25 366.56 339.18 
 175 332.10 260.02 339.18 
 176 378.48 160.67 339.18 
 177 334.93 391.11 378.48 
 178 381.89 215.00 378.48 
 179 366.13 409.14 381.89 
 180 301.11 346.52 381.89 
 181 440.64 336.00 381.89 
 182 342.31 311.32 440.64 
 183 370.77 270.40 440.64 
 184 478.07 361.20 440.64 
 185 348.61 659.52 478.07 
 186 433.25 698.80 478.07 
 187 478.76 599.11 478.07 
 188 428.01 611.06 478.76 
 189 419.96 667.94 478.76 
 190 399.95 633.92 478.76 
 191 388.31 689.09 478.76 
 192 443.98 407.15 478.76 
 193 408.57 755.27 478.76 
 194 538.92 566.39 478.76 
 195 545.64 628.18 538.92 
 196 451.63 633.41 545.64 
 197 489.57 628.45 545.64 
 198 482.33 736.29 545.64 
 199 463.96 1056.55 545.64 
 200 497.55 741.59 545.64 
 201 460.33 605.34 545.64 
 202 450.31 710.40 545.64 
 203 627.92 886.93 545.64 
 204 495.34 810.73 627.92 
 205 549.68 806.33 627.92 
 206 509.91 629.90 627.92 
 207 525.31 859.94 627.92 
 208 550.19 654.23 627.92 
 209 670.12 693.04 627.92 
 210 599.54 937.55 670.12 
 211 656.69 1140.68 670.12 
 212 667.54 1031.70 670.12 
 213 696.46 1006.44 670.12 
 214 500.48 966.56 696.46 
 215 575.33 850.06 696.46 
 216 679.35 875.62 696.46 
 217 632.23 894.78 696.46 
 218 821.32 810.91 696.46 
 219 703.68 809.55 821.32 
 220 685.15 1006.88 821.32 
 221 749.06 861.12 821.32 
 222 796.33 770.37 821.32 
 223 768.25 991.38 821.32 
 224 664.66 802.03 821.32 
 225 758.10 948.47 821.32 
 226 688.06 971.13 821.32 
 227 776.95 963.02 821.32 
 228 777.10 919.04 821.32 
 229 743.16 1018.19 821.32 
 230 775.01 1161.17 821.32 
 231 795.19 1184.22 821.32 
 232 712.46 1166.72 821.32 
 233 868.26 995.25 821.32 
 234 841.26 1043.26 868.26 
 235 790.24 987.16 868.26 
 236 721.94 1034.03 868.26 
 237 819.41 913.20 868.26 
 238 791.02 959.99 868.26 
 239 921.88 1325.27 868.26 
 240 751.13 972.69 921.88 
 241 723.03 821.97 921.88 
 242 936.12 1131.95 921.88 
 243 919.79 1142.07 936.12 
 244 928.73 1103.55 936.12 
 245 858.10 1076.64 936.12 
 246 946.95 1152.45 936.12 
 247 873.99 1198.76 946.95 
 248 1028.03 1210.75 946.95 
 249 922.43 1115.62 1028.03 
 250 989.59 1239.92 1028.03 
 251 952.47 1429.19 1028.03 
 252 998.58 960.70 1028.03 
 253 1115.34 1001.00 1028.03 
 254 1103.50 1198.46 1115.34 
 255 1013.41 700.76 1115.34 
 256 1042.66 952.37 1115.34 
 257 1081.09 1380.38 1115.34 
 258 1038.26 1041.94 1115.34 
 259 1081.24 984.01 1115.34 
 260 1107.31 1307.44 1115.34 
 261 1066.98 1471.92 1115.34 
 262 1101.89 1110.30 1115.34 
 263 1046.11 1080.56 1115.34 
 264 1252.46 1040.37 1115.34 
 265 1151.65 881.88 1252.46 
 266 1190.66 967.79 1252.46 
 267 1270.40 1205.71 1252.46 
 268 1182.95 1160.98 1270.40 
 269 1127.45 1060.92 1270.40 
 270 1004.57 1137.79 1270.40 
 271 1174.51 1088.96 1270.40 
 272 1395.29 919.10 1270.40 
 273 1205.30 806.62 1395.29 
 274 1225.95 852.62 1395.29 
 275 1152.66 1210.62 1395.29 
 276 1182.66 1208.01 1395.29 
 277 1162.05 1035.23 1395.29 
 278 1290.25 1291.81 1395.29 
 279 1286.73 1201.80 1395.29 
 280 1062.59 1283.37 1395.29 
 281 1348.76 1175.69 1395.29 
 282 1236.29 853.68 1395.29 
 283 1359.42 1306.76 1395.29 
 284 1387.28 1387.69 1395.29 
 285 1321.49 1229.76 1395.29 
 286 1487.42 1091.83 1395.29 
 287 1326.07 1092.84 1487.42 
 288 1141.77 1149.57 1487.42 
 289 1355.56 1194.61 1487.42 
 290 1442.46 1049.74 1487.42 
 291 1274.49 1419.91 1487.42 
 292 1311.48 1084.12 1487.42 
 293 1458.12 1091.90 1487.42 
 294 1469.26 1136.79 1487.42 
 295 1384.39 1149.95 1487.42 
 296 1429.46 1428.04 1487.42 
 297 1516.66 1477.98 1487.42 
 298 1385.50 1542.24 1516.66 
 299 1418.99 1117.88 1516.66 
