Iter | Sampling Pol | Evaluation Pol | Best (Sampled) 
   0 -5.33 -2.22 -100000000.00 
   1 -4.82 -4.56 -5.33 
   2 -4.86 -4.07 -4.82 
   3 -4.38 -4.15 -4.82 
   4 -4.06 -3.95 -4.38 
   5 -3.45 -3.77 -4.06 
   6 -3.78 -3.49 -3.45 
   7 -3.93 -1.62 -3.45 
   8 -3.79 -1.54 -3.45 
   9 -3.19 -3.31 -3.45 
  10 -3.48 -3.23 -3.19 
  11 -3.01 -3.30 -3.19 
  12 -2.73 -3.46 -3.01 
  13 -2.99 -1.58 -2.73 
  14 -2.93 -2.72 -2.73 
  15 -3.03 -1.28 -2.73 
  16 -1.86 -2.93 -2.73 
  17 -2.96 -3.26 -1.86 
  18 -2.71 -2.79 -1.86 
  19 -2.70 -3.05 -1.86 
  20 -1.79 -2.84 -1.86 
  21 -1.89 -1.99 -1.79 
  22 -1.28 -3.22 -1.79 
  23 -1.67 -2.95 -1.28 
  24  0.22 -3.01 -1.28 
  25 -2.06  1.42  0.22 
  26 -0.83 -2.96  0.22 
  27 -0.45 -2.88  0.22 
  28 -1.99 -0.50  0.22 
  29 -1.37 -2.53  0.22 
  30 -1.39 -3.08  0.22 
  31 -1.48 -2.76  0.22 
  32 -1.35 -2.52  0.22 
  33 -1.30 -1.68  0.22 
  34 -0.96 -1.66  0.22 
  35 -0.40 -1.57  0.22 
  36 -1.64  2.09  0.22 
  37  0.78  1.83  0.22 
  38  0.79 -0.52  0.78 
  39 -0.24  0.67  0.79 
  40  0.69 -3.27  0.79 
  41 -0.06  2.09  0.79 
  42  0.96 -2.66  0.79 
  43  0.37  3.78  0.96 
  44  0.62 -2.18  0.96 
  45  0.79 -1.37  0.96 
  46  1.92 19.70  0.96 
  47  0.52 -2.28  1.92 
  48  2.96  2.79  1.92 
  49  2.35  0.36  2.96 
  50  0.70 -0.35  2.96 
  51  2.26 -1.43  2.96 
  52  0.91 -1.69  2.96 
  53  4.43 -1.91  2.96 
  54  6.68 -1.03  4.43 
  55  5.97 -1.13  6.68 
  56  3.73  8.18  6.68 
  57  1.66  0.54  6.68 
  58  5.42 -1.85  6.68 
  59  1.87 -0.67  6.68 
  60  3.44  0.56  6.68 
  61  4.57  3.26  6.68 
  62  5.96 12.50  6.68 
  63  3.81  9.56  6.68 
  64  8.21  2.09  6.68 
  65  4.19  8.34  8.21 
  66  4.84  4.05  8.21 
  67  8.05  4.32  8.21 
  68  6.08  2.73  8.21 
  69  8.40  8.05  8.21 
  70  5.62  8.05  8.40 
  71  6.90  3.46  8.40 
  72  8.31  4.06  8.40 
  73  6.02  4.56  8.40 
  74  5.91  0.68  8.40 
  75 14.14 -1.13  8.40 
  76  4.61 -1.78 14.14 
  77  6.15  3.84 14.14 
  78  7.68  4.69 14.14 
  79  5.58  7.40 14.14 
  80  7.49  2.23 14.14 
  81  9.14  4.17 14.14 
  82  5.82  5.05 14.14 
  83 12.72  4.06 14.14 
  84  7.82  5.12 14.14 
  85  7.11  4.08 14.14 
  86 13.34  1.63 14.14 
  87  9.87  4.03 14.14 
  88  9.53  4.38 14.14 
  89  9.03  0.07 14.14 
  90 16.42  1.43 14.14 
  91 16.24 12.43 16.42 
  92 13.97  8.78 16.42 
  93 17.38  8.15 16.42 
  94 12.40  6.79 17.38 
  95 12.98  4.54 17.38 
  96 10.76  5.94 17.38 
  97 15.74 16.16 17.38 
  98 17.83  7.67 17.38 
  99 16.90 14.07 17.83 
 100 14.84 20.07 17.83 
 101 16.93 18.15 17.83 
 102 12.02 34.79 17.83 
 103 16.73 15.92 17.83 
 104 19.60 25.69 17.83 
 105 17.34 53.88 19.60 
 106 19.05 17.75 19.60 
 107 21.06 20.10 19.60 
 108 21.67 12.25 21.06 
 109 20.07 21.76 21.67 
 110 14.52 12.63 21.67 
 111 17.80  8.90 21.67 
 112 21.18 30.17 21.67 
 113 16.55 24.07 21.67 
 114 11.58  6.89 21.67 
 115 21.69 28.95 21.67 
 116 15.88 12.14 21.69 
 117 15.65 23.18 21.69 
 118 18.80 72.82 21.69 
 119 25.79  5.75 21.69 
 120 26.22 20.62 25.79 
 121 25.42 17.00 26.22 
 122 16.63  3.12 26.22 
 123 37.56 10.83 26.22 
 124 21.62 29.39 37.56 
 125 24.15 32.04 37.56 
 126 23.37 11.05 37.56 
 127 29.65 32.40 37.56 
 128 29.26 16.58 37.56 
 129 38.41 23.30 37.56 
 130 33.49 15.32 38.41 
 131 28.34  9.31 38.41 
 132 33.58 17.46 38.41 
 133 33.29  4.52 38.41 
 134 24.78 46.30 38.41 
 135 30.61 81.40 38.41 
 136 37.82 41.97 38.41 
 137 23.97 14.95 38.41 
 138 27.48  5.70 38.41 
 139 21.06 31.88 38.41 
 140 27.36 15.45 38.41 
 141 38.01 48.07 38.41 
 142 25.39 23.60 38.41 
 143 40.71 14.87 38.41 
 144 33.00 45.87 40.71 
 145 37.90 68.03 40.71 
 146 50.12 43.79 40.71 
 147 57.10 40.44 50.12 
 148 40.93  8.88 57.10 
 149 44.04 27.06 57.10 
 150 45.80 37.80 57.10 
 151 41.59  0.60 57.10 
 152 64.19 24.51 57.10 
 153 40.47 57.00 64.19 
 154 61.65 100.10 64.19 
 155 52.54 104.77 64.19 
 156 65.81 61.05 64.19 
 157 56.60 108.37 65.81 
 158 55.60 50.17 65.81 
 159 67.35 43.40 65.81 
 160 77.68 66.03 67.35 
 161 63.06 43.82 77.68 
 162 68.81 98.88 77.68 
 163 58.93 65.25 77.68 
 164 60.89 61.90 77.68 
 165 83.95 21.65 77.68 
 166 91.36 94.03 83.95 
 167 68.49 75.45 91.36 
 168 121.95  4.93 91.36 
 169 47.54  2.35 121.95 
 170 88.61 10.09 121.95 
 171 84.63 60.58 121.95 
 172 74.32 56.31 121.95 
 173 80.74 85.24 121.95 
 174 75.95 40.02 121.95 
 175 51.62 83.52 121.95 
 176 75.45 35.18 121.95 
 177 109.81 63.78 121.95 
 178 104.23 87.03 121.95 
 179 88.15 100.67 121.95 
 180 105.84 110.05 121.95 
 181 105.42 158.09 121.95 
 182 116.98 149.73 121.95 
 183 119.38 112.04 121.95 
 184 120.09 140.49 121.95 
 185 71.78 128.76 121.95 
 186 117.07 129.20 121.95 
 187 136.20 117.00 121.95 
 188 127.55 120.21 136.20 
 189 145.14 213.51 136.20 
 190 119.85 257.72 145.14 
 191 111.03 131.28 145.14 
 192 109.96 209.07 145.14 
 193 134.04 197.27 145.14 
 194 172.81 258.29 145.14 
 195 175.19 165.56 172.81 
 196 186.94 308.03 175.19 
 197 156.92 244.12 186.94 
 198 205.04 314.69 186.94 
 199 143.95 203.73 205.04 
 200 152.46 252.11 205.04 
 201 239.59 202.22 205.04 
 202 235.53 231.40 239.59 
 203 257.72 102.65 239.59 
 204 227.14 213.26 257.72 
 205 201.28 207.14 257.72 
 206 274.03 285.12 257.72 
 207 312.51 261.67 274.03 
 208 262.18 221.28 312.51 
 209 240.01 187.10 312.51 
 210 286.00 207.44 312.51 
 211 314.11 274.94 312.51 
 212 296.89 314.10 314.11 
 213 397.50 252.29 314.11 
 214 355.63 223.71 397.50 
 215 288.92 398.96 397.50 
 216 421.62 295.11 397.50 
 217 407.59 195.99 421.62 
 218 456.30 380.00 421.62 
 219 446.88 387.52 456.30 
 220 424.27 316.36 456.30 
 221 327.43 344.82 456.30 
 222 418.86 368.65 456.30 
 223 359.23 416.38 456.30 
 224 471.63 397.62 456.30 
 225 453.04 514.94 471.63 
 226 520.64 418.17 471.63 
 227 560.02 371.92 520.64 
 228 519.28 355.77 560.02 
 229 587.53 379.82 560.02 
 230 531.79 381.91 587.53 
 231 577.17 496.37 587.53 
 232 588.30 495.10 587.53 
 233 697.98 494.54 588.30 
 234 513.54 341.70 697.98 
 235 654.07 397.14 697.98 
 236 576.77 420.27 697.98 
 237 626.18 338.02 697.98 
 238 625.39 504.97 697.98 
 239 726.49 386.56 697.98 
 240 646.70 465.06 726.49 
 241 616.73 337.85 726.49 
 242 630.05 587.44 726.49 
 243 747.34 561.87 726.49 
 244 703.57 409.65 747.34 
 245 792.46 512.28 747.34 
 246 743.54 348.13 792.46 
 247 795.45 505.11 792.46 
 248 804.62 457.54 795.45 
 249 711.44 328.34 804.62 
 250 858.87 478.46 804.62 
 251 800.31 431.46 858.87 
 252 668.23 413.29 858.87 
 253 788.29 600.89 858.87 
 254 808.29 606.22 858.87 
 255 719.01 345.28 858.87 
 256 801.09 406.35 858.87 
 257 844.52 507.44 858.87 
 258 807.12 512.32 858.87 
 259 812.83 507.05 858.87 
 260 836.27 611.78 858.87 
 261 861.66 485.67 858.87 
 262 856.13 465.45 861.66 
 263 985.96 646.39 861.66 
 264 1091.18 681.37 985.96 
 265 946.24 602.87 1091.18 
 266 802.81 729.86 1091.18 
 267 955.52 685.70 1091.18 
 268 1022.95 910.71 1091.18 
 269 902.26 617.97 1091.18 
 270 1015.76 659.52 1091.18 
 271 972.10 628.62 1091.18 
 272 1082.09 716.77 1091.18 
 273 1142.82 899.07 1091.18 
 274 1121.17 1001.16 1142.82 
 275 1070.61 937.38 1142.82 
 276 1009.97 941.94 1142.82 
 277 1009.78 1009.64 1142.82 
 278 1133.89 1119.46 1142.82 
 279 1141.37 1009.87 1142.82 
 280 1096.30 1121.05 1142.82 
 281 1132.09 988.63 1142.82 
 282 1120.96 1071.18 1142.82 
 283 1160.18 727.79 1142.82 
 284 1404.26 648.97 1160.18 
 285 1201.80 692.82 1404.26 
 286 1257.24 555.14 1404.26 
 287 1298.95 749.86 1404.26 
 288 1259.53 671.81 1404.26 
 289 1225.01 693.61 1404.26 
 290 1247.93 866.80 1404.26 
 291 1321.25 849.14 1404.26 
 292 1345.96 997.06 1404.26 
 293 1407.66 982.53 1404.26 
 294 1489.97 1085.29 1407.66 
 295 1427.54 1096.82 1489.97 
 296 1202.32 1188.81 1489.97 
 297 1310.72 1102.88 1489.97 
 298 1349.21 831.20 1489.97 
 299 1400.30 805.02 1489.97 
 276 1083.75 904.85 -100000000.00 
 277 1070.68 664.79 1083.75 
 278 925.58 965.91 1083.75 
 279 895.48 819.09 1083.75 
 280 990.26 901.92 1083.75 
 281 948.35 915.43 1083.75 
 282 1101.13 693.04 1083.75 
 283 881.73 654.84 1101.13 
 284 986.90 785.51 1101.13 
 285 878.55 768.31 1101.13 
 286 870.21 810.69 1101.13 
 287 910.23 677.28 1101.13 
 288 956.23 610.03 1101.13 
 289 856.02 698.12 1101.13 
 290 1016.95 699.95 1101.13 
 291 845.75 680.40 1101.13 
 292 842.57 530.00 1101.13 
 293 943.07 558.74 1101.13 
 294 1009.96 747.78 1101.13 
 295 989.21 735.98 1101.13 
 296 1022.01 679.22 1101.13 
 297 975.88 930.47 1101.13 
 298 957.33 657.69 1101.13 
 299 962.47 739.46 1101.13 
 300 1090.05 885.40 1101.13 
 301 1042.58 768.92 1101.13 
 302 1038.14 781.09 1101.13 
 303 1177.04 1029.94 1101.13 
 304 1053.38 988.10 1177.04 
 305 1040.28 878.20 1177.04 
 306 1042.55 919.79 1177.04 
 307 896.79 888.02 1177.04 
 308 1168.64 1025.06 1177.04 
 309 1031.56 1051.66 1177.04 
 310 1184.86 1113.47 1177.04 
 311 1283.88 1258.09 1184.86 
 312 1164.91 1208.54 1283.88 
 313 1078.47 917.21 1283.88 
 314 1230.88 945.22 1283.88 
 315 1139.55 1081.07 1283.88 
 316 1308.78 1084.56 1283.88 
 317 1192.98 996.01 1308.78 
 318 1263.66 1188.04 1308.78 
 319 1291.05 1090.88 1308.78 
 320 1320.13 928.09 1308.78 
 321 1154.95 1032.15 1320.13 
 322 1370.78 1453.15 1320.13 
 323 1310.66 1460.06 1370.78 
 324 1364.46 1056.89 1370.78 
 325 1459.67 1164.65 1370.78 
 326 1399.42 1183.01 1459.67 
 327 1455.19 1034.31 1459.67 
 328 1421.52 1214.68 1459.67 
 329 1296.14 1054.49 1459.67 
 330 1539.65 1167.04 1459.67 
 331 1563.45 864.35 1539.65 
 332 1440.67 835.51 1563.45 
 333 1433.29 1235.72 1563.45 
 334 1607.29 1310.01 1563.45 
 335 1418.27 1388.90 1607.29 
 336 1518.39 1469.00 1607.29 
 337 1518.38 2003.75 1607.29 
 338 1636.27 1929.65 1607.29 
 339 1450.85 1960.03 1636.27 
 340 1444.05 1937.83 1636.27 
 341 1350.04 1828.78 1636.27 
 342 1602.65 1517.59 1636.27 
 343 1537.25 1667.56 1636.27 
 344 1657.70 1803.74 1636.27 
 345 1433.24 1772.99 1657.70 
 346 1650.27 1643.36 1657.70 
 347 1646.40 1840.26 1657.70 
 348 1513.89 1711.73 1657.70 
 349 1610.66 1521.92 1657.70 
 350 1517.18 1446.91 1657.70 
 351 1642.70 1576.17 1657.70 
 352 1555.72 1611.32 1657.70 
 353 1467.72 1705.80 1657.70 
 354 1703.43 1495.43 1657.70 
 355 1535.19 1676.71 1703.43 
 356 1544.51 1791.87 1703.43 
 357 1666.53 1808.27 1703.43 
 358 1588.16 1747.08 1703.43 
 359 1739.68 1723.54 1703.43 
 360 1721.92 1736.41 1739.68 
 361 1652.82 1314.26 1739.68 
 362 1774.04 1269.75 1739.68 
 363 1662.07 1588.80 1774.04 
 364 1973.38 1948.70 1774.04 
 365 1845.08 1832.45 1973.38 
 366 1898.66 1812.23 1973.38 
 367 1843.41 1628.44 1973.38 
 368 1722.91 1859.60 1973.38 
 369 1858.42 1958.14 1973.38 
 370 1751.74 2091.99 1973.38 
 371 1843.18 1745.60 1973.38 
 372 1708.49 1474.08 1973.38 
 373 1889.57 1541.79 1973.38 
 374 1649.83 1698.86 1973.38 
 375 1878.17 1448.88 1973.38 
 376 1869.36 1729.25 1973.38 
 377 1842.77 1649.45 1973.38 
 378 1862.61 1726.92 1973.38 
 379 1757.72 1882.15 1973.38 
 380 1798.26 1722.72 1973.38 
 381 1944.40 1966.15 1973.38 
 382 1905.11 1951.20 1973.38 
 383 1860.88 1843.13 1973.38 
 384 2041.52 1657.64 1973.38 
 385 1926.89 1618.74 2041.52 
 386 1845.13 1531.50 2041.52 
 387 1880.73 1618.09 2041.52 
 388 2071.43 1496.28 2041.52 
 389 2066.55 1653.92 2071.43 
 390 1972.82 1712.05 2071.43 
 391 1981.31 1734.89 2071.43 
 392 1823.39 2009.61 2071.43 
 393 2007.34 1638.41 2071.43 
 394 2003.01 2021.14 2071.43 
 395 2051.79 2063.24 2071.43 
 396 1923.40 1866.50 2071.43 
 397 2137.14 2108.50 2071.43 
 398 1956.25 1869.63 2137.14 
 399 2111.91 1932.46 2137.14 
 400 2039.36 2018.12 2137.14 
 401 2319.15 1996.64 2137.14 
 402 2007.03 1970.81 2319.15 
 403 2167.50 1966.54 2319.15 
 404 2238.20 2123.14 2319.15 
 405 2288.80 2163.16 2319.15 
 406 2195.20 2282.30 2319.15 
 407 2158.69 1884.09 2319.15 
 408 2134.63 2074.18 2319.15 
 409 2184.04 1824.85 2319.15 
 410 2131.54 1896.56 2319.15 
 411 2324.43 2047.17 2319.15 
 412 1938.69 1964.80 2324.43 
 413 2083.71 1898.38 2324.43 
 414 2190.91 2194.07 2324.43 
 415 2226.12 2052.69 2324.43 
 416 2098.16 2072.11 2324.43 
 417 2231.30 2054.30 2324.43 
 418 2138.07 2001.41 2324.43 
 419 2225.89 1965.79 2324.43 
 420 2294.80 2098.68 2324.43 
 421 2182.23 2014.49 2324.43 
 422 2290.04 2086.52 2324.43 
 423 2327.28 2197.13 2324.43 
 424 2335.29 2007.06 2327.28 
 425 2394.95 2249.59 2335.29 
 426 2459.94 2302.62 2394.95 
 427 2245.65 2359.85 2459.94 
 428 2248.45 2015.04 2459.94 
 429 2185.34 2163.18 2459.94 
 430 2389.44 1805.20 2459.94 
 431 2373.46 2180.26 2459.94 
 432 2463.46 2126.60 2459.94 
 433 2344.22 2260.97 2463.46 
 434 2194.16 2169.37 2463.46 
 435 2320.18 2065.32 2463.46 
 436 2412.61 2404.06 2463.46 
 437 2227.43 2244.00 2463.46 
 438 2192.56 2028.06 2463.46 
 439 2390.71 1787.10 2463.46 
 440 2383.03 1923.11 2463.46 
 441 2432.10 2235.00 2463.46 
 442 2344.74 2327.71 2463.46 
 443 2211.32 2247.23 2463.46 
 444 2488.29 2494.51 2463.46 
 445 2298.30 2291.41 2488.29 
 446 2302.46 2351.73 2488.29 
 447 2123.50 2419.10 2488.29 
 448 2562.37 2399.58 2488.29 
 449 2344.67 2446.83 2562.37 
 450 2302.32 2157.02 2562.37 
 451 2376.39 2399.39 2562.37 
 452 2490.92 2437.58 2562.37 
 453 2566.10 2375.45 2562.37 
 454 2428.64 2580.55 2566.10 
 455 2235.04 2409.93 2566.10 
 456 2435.78 2438.71 2566.10 
 457 2602.79 2447.16 2566.10 
 458 2526.58 2407.40 2602.79 
 459 2601.91 2692.19 2602.79 
 460 2562.49 2846.92 2602.79 
 461 2476.89 2474.70 2602.79 
 462 2694.09 2635.57 2602.79 
 463 2737.42 2648.99 2694.09 
 464 2482.24 2746.11 2737.42 
 465 2662.84 2723.58 2737.42 
 466 2747.18 2531.04 2737.42 
 467 2475.50 2575.76 2747.18 
 468 2622.54 2857.60 2747.18 
 469 2584.06 2663.04 2747.18 
 470 2710.95 2613.96 2747.18 
 471 2695.11 2666.30 2747.18 
 472 2597.77 2798.31 2747.18 
 473 2560.43 2719.15 2747.18 
 474 2666.29 2966.13 2747.18 
 475 2742.06 2847.34 2747.18 
 476 2612.26 2951.92 2747.18 
 477 2890.19 2709.73 2747.18 
 478 2638.55 2725.63 2890.19 
 479 2688.50 2730.30 2890.19 
 480 2530.46 2667.99 2890.19 
 481 2637.65 2936.63 2890.19 
 482 2751.63 2928.90 2890.19 
 483 2778.80 2963.02 2890.19 
 484 2478.27 2927.94 2890.19 
 485 2741.39 2680.43 2890.19 
 486 2705.45 3087.72 2890.19 
 487 2615.51 2758.02 2890.19 
 488 2688.51 2530.12 2890.19 
 489 2795.82 2516.50 2890.19 
 490 2732.43 2742.07 2890.19 
 491 2721.12 2664.99 2890.19 
 492 2587.26 2813.02 2890.19 
 493 2562.85 2666.59 2890.19 
 494 2768.49 2685.27 2890.19 
 495 2758.48 2787.17 2890.19 
 496 2667.64 2567.57 2890.19 
 497 2879.92 2693.24 2890.19 
 498 2702.88 2857.46 2890.19 
 499 2719.06 2610.70 2890.19 
 476 2683.00 2722.71 -100000000.00 
 477 2714.59 2558.54 2683.00 
 478 2768.28 2530.15 2714.59 
 479 2562.49 2331.15 2768.28 
 480 2314.66 2358.64 2768.28 
 481 2321.85 2171.83 2768.28 
 482 2557.38 2290.19 2768.28 
 483 2426.04 2621.78 2768.28 
 484 2410.09 2523.37 2768.28 
 485 2330.10 2573.60 2768.28 
 486 2173.70 2650.70 2768.28 
 487 2452.03 2572.20 2768.28 
 488 2253.07 2401.27 2768.28 
 489 2257.16 2369.52 2768.28 
 490 2421.71 2455.27 2768.28 
 491 2293.28 2562.62 2768.28 
 492 2489.49 2779.06 2768.28 
 493 2342.66 2831.98 2768.28 
 494 2533.28 2442.18 2768.28 
 495 2316.31 2634.54 2768.28 
 496 2443.17 2303.14 2768.28 
 497 2162.85 2728.83 2768.28 
 498 2270.17 2389.76 2768.28 
 499 2389.24 1986.19 2768.28 
