Iter | Sampling Pol | Evaluation Pol | Best (Sampled) 
   0 -7.47 -6.21 -100000000.00 
   1 -7.19 -5.85 -7.47 
   2 -6.92 -5.24 -7.19 
   3 -6.63 -4.74 -6.92 
   4 -6.45 -4.31 -6.63 
   5 -5.71 -4.01 -6.45 
   6 -5.62 -4.41 -5.71 
   7 -5.57 -4.28 -5.62 
   8 -5.11 -4.19 -5.57 
   9 -4.98 -3.97 -5.11 
  10 -4.82 -4.15 -4.98 
  11 -4.88 -4.07 -4.82 
  12 -4.53 -4.26 -4.82 
  13 -4.17 -3.91 -4.53 
  14 -4.32 -3.39 -4.17 
  15 -3.93 -3.49 -4.17 
  16 -4.28 -3.60 -3.93 
  17 -4.03 -3.45 -3.93 
  18 -4.28 -3.59 -3.93 
  19 -3.72 -3.73 -3.93 
  20 -3.68 -3.60 -3.72 
  21 -3.31 -3.51 -3.68 
  22 -3.15 -3.17 -3.31 
  23 -3.39 -3.39 -3.15 
  24 -3.38 -0.31 -3.15 
  25 -3.87 -2.78 -3.15 
  26 -3.53 -2.93 -3.15 
  27 -3.44 -2.83 -3.15 
  28 -3.61 -3.05 -3.15 
  29 -3.29 -0.94 -3.15 
  30 -1.76 -1.23 -3.15 
  31 -3.42 -0.60 -1.76 
  32 -3.10 -1.51 -1.76 
  33 -2.65 -1.37 -1.76 
  34 -1.92 -2.24 -1.76 
  35 -3.33 -0.63 -1.76 
  36 -2.47 -1.01 -1.76 
  37 -3.17 -0.39 -1.76 
  38 -2.49 -1.72 -1.76 
  39 -2.12 -2.11 -1.76 
  40 -0.28 -2.84 -1.76 
  41 -1.44  1.02 -0.28 
  42 -1.44  2.44 -0.28 
  43 -1.54 -1.51 -0.28 
  44 -1.23 -2.73 -0.28 
  45 -1.52 -2.57 -0.28 
  46 -1.03 -1.26 -0.28 
  47 -1.27  1.69 -0.28 
  48 -2.46  1.67 -0.28 
  49 -0.77 -1.92 -0.28 
  50 -1.39 -2.28 -0.28 
  51 -1.86 -1.98 -0.28 
  52 -0.68  2.34 -0.28 
  53 -1.04 -2.40 -0.28 
  54 -0.41 -2.56 -0.28 
  55 -1.31 -1.70 -0.28 
  56  0.69 -2.57 -0.28 
  57 -0.52 -2.14  0.69 
  58  0.15 -1.42  0.69 
  59  0.09  0.92  0.69 
  60 -0.49 -2.50  0.69 
  61  0.44 -1.94  0.69 
  62 -0.37 -1.06  0.69 
  63  0.99 -0.29  0.69 
  64  1.20 -0.79  0.99 
  65  2.13 -0.26  1.20 
  66  0.82 -1.82  2.13 
  67  1.55 -1.51  2.13 
  68  1.57  1.00  2.13 
  69  2.44  1.20  2.13 
  70  1.94 -2.18  2.44 
  71  5.12  0.99  2.44 
  72  1.81  0.73  5.12 
  73  3.30 -2.65  5.12 
  74  4.44  2.44  5.12 
  75  6.12  4.05  5.12 
  76  4.14  2.98  6.12 
  77  9.09  3.41  6.12 
  78  7.12  2.72  9.09 
  79 10.19  2.06  9.09 
  80  5.01 16.27 10.19 
  81 12.26  1.51 10.19 
  82 10.84  2.48 12.26 
  83  5.71  1.46 12.26 
  84  7.54  2.94 12.26 
  85  7.39  2.84 12.26 
  86  8.42  7.25 12.26 
  87 16.33  3.46 12.26 
  88 14.93  0.92 16.33 
  89 17.59  6.02 16.33 
  90 23.06  7.33 17.59 
  91 12.97  9.46 23.06 
  92 18.01 12.01 23.06 
  93 29.27 17.60 23.06 
  94 14.57 32.94 29.27 
  95 18.91 11.27 29.27 
  96 25.11 12.34 29.27 
  97 22.32  8.57 29.27 
  98 30.77 14.99 29.27 
  99 29.19 23.99 30.77 
 100 34.63 113.42 30.77 
 101 34.11 11.94 34.63 
 102 39.39 17.20 34.63 
 103 34.99 19.34 39.39 
 104 20.48  6.92 39.39 
 105 24.68  6.19 39.39 
 106 33.04 10.51 39.39 
 107 28.12  6.25 39.39 
 108 37.40 17.30 39.39 
 109 34.71 31.24 39.39 
 110 46.73 39.98 39.39 
 111 40.58 36.41 46.73 
 112 33.42 34.36 46.73 
 113 32.29 34.60 46.73 
 114 41.33 32.76 46.73 
 115 49.66 34.31 46.73 
 116 46.52 40.29 49.66 
 117 48.33 62.78 49.66 
 118 65.31 31.72 49.66 
 119 57.73 12.63 65.31 
 120 48.56 60.66 65.31 
 121 58.32 20.93 65.31 
 122 44.34 30.75 65.31 
 123 59.45 27.67 65.31 
 124 55.44 20.29 65.31 
 125 53.78 32.34 65.31 
 126 66.73 26.17 65.31 
 127 62.81 41.38 66.73 
 128 68.12 32.53 66.73 
 129 70.01 34.26 68.12 
 130 57.80 25.93 70.01 
 131 61.93 13.75 70.01 
 132 77.13 14.85 70.01 
 133 95.07 10.96 77.13 
 134 72.23 15.88 95.07 
 135 97.19 28.26 95.07 
 136 57.94 18.42 97.19 
 137 68.04 17.47 97.19 
 138 64.07 32.16 97.19 
 139 91.33 32.25 97.19 
 140 73.89 49.05 97.19 
 141 89.18 53.95 97.19 
 142 84.48 124.76 97.19 
 143 70.00 36.48 97.19 
 144 81.09 35.81 97.19 
 145 108.34 23.96 97.19 
 146 96.15 45.06 108.34 
 147 88.25 41.33 108.34 
 148 109.45 44.28 108.34 
 149 121.85 48.39 109.45 
 150 107.22 51.26 121.85 
 151 76.16 51.68 121.85 
 152 75.05 37.90 121.85 
 153 94.29 35.39 121.85 
 154 111.82 38.74 121.85 
 155 109.72 40.37 121.85 
 156 78.47 39.99 121.85 
 157 99.35 41.22 121.85 
 158 98.01 65.91 121.85 
 159 102.89 86.75 121.85 
 160 136.66 122.25 121.85 
 161 123.22 167.07 136.66 
 162 103.62 103.48 136.66 
 163 122.88 118.08 136.66 
 164 130.75 164.00 136.66 
 165 115.10 37.48 136.66 
 166 129.89 26.22 136.66 
 167 125.39 86.73 136.66 
 168 140.50 80.57 136.66 
 169 85.29 64.42 140.50 
 170 113.98 83.62 140.50 
 171 103.29 122.92 140.50 
 172 142.01 52.65 140.50 
 173 133.77 55.97 142.01 
 174 177.22 53.69 142.01 
 175 129.23 123.52 177.22 
 176 117.15 105.14 177.22 
 177 128.62 39.26 177.22 
 178 92.33 130.59 177.22 
 179 164.04 64.20 177.22 
 180 122.91 116.32 177.22 
 181 153.12 50.88 177.22 
 182 169.53 71.13 177.22 
 183 128.16 86.64 177.22 
 184 173.54 93.25 177.22 
 185 146.01 141.08 177.22 
 186 152.51 198.46 177.22 
 187 220.72 154.94 177.22 
 188 209.59 91.73 220.72 
 189 202.56 152.51 220.72 
 190 183.68 165.93 220.72 
 191 164.20 63.97 220.72 
 192 173.68 160.97 220.72 
 193 167.51 150.45 220.72 
 194 192.67 115.17 220.72 
 195 229.42 43.23 220.72 
 196 150.24 77.74 229.42 
 197 160.43 123.12 229.42 
 198 199.87 169.09 229.42 
 199 203.98 135.30 229.42 
 200 180.50 138.34 229.42 
 201 220.93 130.84 229.42 
 202 206.96 151.26 229.42 
 203 182.09 174.83 229.42 
 204 185.83 90.94 229.42 
 205 179.52 88.73 229.42 
 206 217.68 87.97 229.42 
 207 200.83 111.72 229.42 
 208 200.76 225.13 229.42 
 209 222.47 343.75 229.42 
 210 273.18 369.34 229.42 
 211 227.36 236.70 273.18 
 212 237.02 257.53 273.18 
 213 295.93 189.79 273.18 
 214 246.93 141.73 295.93 
 215 276.49 143.91 295.93 
 216 298.11 354.80 295.93 
 217 173.97 325.91 298.11 
 218 329.24 157.50 298.11 
 219 324.43 117.18 329.24 
 220 323.18 169.39 329.24 
 221 293.43 200.99 329.24 
 222 275.16 215.80 329.24 
 223 309.71 217.24 329.24 
 224 275.51 265.48 329.24 
 225 295.26 143.08 329.24 
 226 338.30 217.55 329.24 
 227 331.55 214.07 338.30 
 228 353.27 190.10 338.30 
 229 313.30 180.06 353.27 
 230 362.46 170.25 353.27 
 231 335.50 178.50 362.46 
 232 333.61 292.23 362.46 
 233 381.46 278.33 362.46 
 234 437.78 242.59 381.46 
 235 398.77 452.89 437.78 
 236 348.13 287.31 437.78 
 237 388.37 332.38 437.78 
 238 371.59 339.10 437.78 
 239 418.22 366.84 437.78 
 240 356.42 409.41 437.78 
 241 409.23 391.30 437.78 
 242 451.65 303.38 437.78 
 243 442.71 332.69 451.65 
 244 387.17 194.84 451.65 
 245 422.33 301.98 451.65 
 246 481.45 286.80 451.65 
 247 417.80 221.89 481.45 
 248 470.20 280.64 481.45 
 249 411.81 357.45 481.45 
 250 486.88 357.88 481.45 
 251 453.89 386.96 486.88 
 252 531.64 388.29 486.88 
 253 453.02 441.73 531.64 
 254 508.16 508.17 531.64 
 255 536.81 348.16 531.64 
 256 525.67 516.62 536.81 
 257 526.65 306.87 536.81 
 258 599.01 372.87 536.81 
 259 433.22 250.12 599.01 
 260 533.91 378.14 599.01 
 261 527.48 395.56 599.01 
 262 523.61 357.81 599.01 
 263 616.33 438.77 599.01 
 264 666.22 492.49 616.33 
 265 560.21 369.19 666.22 
 266 499.69 513.18 666.22 
 267 579.99 278.12 666.22 
 268 626.75 432.46 666.22 
 269 545.15 510.35 666.22 
 270 511.55 395.48 666.22 
 271 653.84 411.49 666.22 
 272 771.12 546.08 666.22 
 273 663.62 500.02 771.12 
 274 589.59 419.19 771.12 
 275 685.52 312.47 771.12 
 276 717.95 532.96 771.12 
 277 693.02 490.34 771.12 
 278 828.27 440.82 771.12 
 279 819.26 562.49 828.27 
 280 750.73 697.81 828.27 
 281 686.08 587.12 828.27 
 282 740.38 578.81 828.27 
 283 874.29 488.78 828.27 
 284 585.68 539.07 874.29 
 285 782.29 494.31 874.29 
 286 772.26 619.71 874.29 
 287 883.08 759.60 874.29 
 288 847.84 639.04 883.08 
 289 868.10 673.32 883.08 
 290 785.52 746.22 883.08 
 291 790.73 944.66 883.08 
 292 819.04 960.91 883.08 
 293 822.47 931.62 883.08 
 294 835.13 929.27 883.08 
 295 854.26 886.11 883.08 
 296 807.25 844.43 883.08 
 297 938.74 874.80 883.08 
 298 817.11 977.55 938.74 
 299 751.25 901.04 938.74 
 276 785.07 378.92 -100000000.00 
 277 630.36 604.34 785.07 
 278 655.79 601.90 785.07 
 279 670.47 724.45 785.07 
 280 704.63 821.79 785.07 
 281 649.70 767.66 785.07 
 282 669.45 569.23 785.07 
 283 655.55 484.93 785.07 
 284 587.73 599.43 785.07 
 285 637.79 595.40 785.07 
 286 588.00 716.33 785.07 
 287 578.55 763.79 785.07 
 288 668.90 602.16 785.07 
 289 627.77 731.37 785.07 
 290 655.38 604.59 785.07 
 291 606.59 522.49 785.07 
 292 583.25 600.48 785.07 
 293 628.02 918.44 785.07 
 294 665.50 999.73 785.07 
 295 597.48 966.21 785.07 
 296 733.76 789.79 785.07 
 297 684.31 725.37 785.07 
 298 662.45 906.11 785.07 
 299 755.61 865.75 785.07 
 300 640.69 877.62 785.07 
 301 701.07 951.52 785.07 
 302 666.64 777.91 785.07 
 303 696.33 713.02 785.07 
 304 709.54 611.04 785.07 
 305 712.08 639.41 785.07 
 306 657.47 736.30 785.07 
 307 709.64 720.45 785.07 
 308 698.10 677.51 785.07 
 309 681.45 891.86 785.07 
 310 820.02 737.73 785.07 
 311 691.39 749.16 820.02 
 312 811.38 668.62 820.02 
 313 668.83 802.04 820.02 
 314 768.87 911.15 820.02 
 315 933.25 866.88 820.02 
 316 895.28 901.36 933.25 
 317 891.69 783.42 933.25 
 318 917.89 694.94 933.25 
 319 924.21 876.10 933.25 
 320 910.02 852.23 933.25 
 321 837.01 789.92 933.25 
 322 1010.19 809.08 933.25 
 323 858.74 881.16 1010.19 
 324 917.53 687.66 1010.19 
 325 926.62 576.53 1010.19 
 326 874.68 798.19 1010.19 
 327 939.65 825.86 1010.19 
 328 1020.39 765.10 1010.19 
 329 895.02 746.89 1020.39 
 330 1003.61 674.79 1020.39 
 331 952.50 893.82 1020.39 
 332 984.33 768.53 1020.39 
 333 936.00 1116.91 1020.39 
 334 1102.90 962.25 1020.39 
 335 999.73 1377.03 1102.90 
 336 1136.61 926.61 1102.90 
 337 1069.54 1017.89 1136.61 
 338 1002.74 1119.46 1136.61 
 339 1084.07 1098.80 1136.61 
 340 1077.48 952.30 1136.61 
 341 1053.54 997.08 1136.61 
 342 1067.62 936.48 1136.61 
 343 935.73 977.85 1136.61 
 344 1176.77 956.77 1136.61 
 345 1030.89 1207.94 1176.77 
 346 1113.00 1362.00 1176.77 
 347 1174.10 1229.57 1176.77 
 348 1094.38 1326.98 1176.77 
 349 1098.51 1351.24 1176.77 
 350 1279.93 1162.23 1176.77 
 351 1166.84 1063.65 1279.93 
 352 1141.40 1243.29 1279.93 
 353 1168.81 1057.33 1279.93 
 354 1267.91 1039.50 1279.93 
 355 1100.81 1106.43 1279.93 
 356 1223.70 1094.71 1279.93 
 357 1165.98 1166.21 1279.93 
 358 1232.32 1020.96 1279.93 
 359 1212.84 1087.26 1279.93 
 360 1218.72 1110.19 1279.93 
 361 1233.49 1094.65 1279.93 
 362 1232.05 878.05 1279.93 
 363 1283.72 1034.09 1279.93 
 364 1380.24 1121.46 1283.72 
 365 1417.16 1200.23 1380.24 
 366 1414.07 1170.06 1417.16 
 367 1370.73 1304.83 1417.16 
 368 1457.81 1368.38 1417.16 
 369 1557.06 1331.04 1457.81 
 370 1425.88 1330.39 1557.06 
 371 1475.11 1517.92 1557.06 
 372 1393.78 1315.21 1557.06 
 373 1399.29 1129.44 1557.06 
 374 1503.64 1363.32 1557.06 
 375 1408.26 1261.08 1557.06 
 376 1522.81 1075.03 1557.06 
 377 1576.62 1145.06 1557.06 
 378 1558.63 1261.77 1576.62 
 379 1536.55 1280.63 1576.62 
 380 1519.79 1496.31 1576.62 
 381 1512.07 1607.22 1576.62 
 382 1713.78 1025.13 1576.62 
 383 1387.97 1203.01 1713.78 
 384 1546.32 1491.77 1713.78 
 385 1649.67 1153.61 1713.78 
 386 1529.64 1428.64 1713.78 
 387 1627.84 1640.35 1713.78 
 388 1640.21 1351.66 1713.78 
 389 1615.58 1621.41 1713.78 
 390 1643.46 1401.09 1713.78 
 391 1735.22 1487.56 1713.78 
 392 1644.60 1426.89 1735.22 
 393 1616.04 1581.43 1735.22 
 394 1773.24 1291.59 1735.22 
 395 1650.81 1594.79 1773.24 
 396 1628.47 1675.07 1773.24 
 397 1744.98 1519.37 1773.24 
 398 1529.32 1454.32 1773.24 
 399 1624.46 1374.29 1773.24 
 400 1647.33 1548.34 1773.24 
 401 1725.19 1410.94 1773.24 
 402 1725.21 1576.98 1773.24 
 403 1787.38 1834.80 1773.24 
 404 1759.95 1758.07 1787.38 
 405 1786.53 1845.45 1787.38 
 406 1692.04 1755.49 1787.38 
 407 1678.18 1783.84 1787.38 
 408 1888.57 1750.73 1787.38 
 409 1735.25 1955.31 1888.57 
 410 1710.83 1754.25 1888.57 
 411 1834.16 1712.89 1888.57 
 412 1758.14 1786.36 1888.57 
 413 1859.27 1769.41 1888.57 
 414 1759.36 1749.16 1888.57 
 415 1819.85 1756.47 1888.57 
 416 1616.99 1780.56 1888.57 
 417 1824.88 1637.41 1888.57 
 418 1791.12 1680.98 1888.57 
 419 1847.96 2107.44 1888.57 
 420 1633.26 1875.12 1888.57 
 421 1780.31 1706.30 1888.57 
 422 1862.06 1767.21 1888.57 
 423 1925.87 1825.83 1888.57 
 424 1955.06 1789.51 1925.87 
 425 1984.31 1759.77 1955.06 
 426 1917.99 1718.02 1984.31 
 427 2006.24 1863.52 1984.31 
 428 1874.58 2099.23 2006.24 
 429 1784.44 2124.38 2006.24 
 430 2027.04 2318.78 2006.24 
 431 1828.32 1951.30 2027.04 
 432 2013.30 2077.29 2027.04 
 433 1962.78 1954.94 2027.04 
 434 1867.13 2315.98 2027.04 
 435 2049.12 1851.84 2027.04 
 436 1907.74 1849.54 2049.12 
 437 1870.44 2025.36 2049.12 
 438 2015.71 1813.84 2049.12 
 439 1972.55 1832.79 2049.12 
 440 2007.28 1772.90 2049.12 
 441 2176.26 1719.07 2049.12 
 442 2261.31 1865.45 2176.26 
 443 2032.26 1784.68 2261.31 
 444 2245.70 1863.65 2261.31 
 445 1920.29 1943.77 2261.31 
 446 2016.15 2028.16 2261.31 
 447 2008.69 1859.92 2261.31 
 448 2184.54 1883.06 2261.31 
 449 2042.61 1659.39 2261.31 
 450 2186.78 1677.15 2261.31 
 451 1971.38 1632.72 2261.31 
 452 2094.71 1766.85 2261.31 
 453 2154.98 1775.81 2261.31 
 454 2145.66 1778.21 2261.31 
 455 2193.96 1814.91 2261.31 
 456 2075.96 1764.77 2261.31 
 457 2161.26 2014.18 2261.31 
 458 2034.26 1903.99 2261.31 
 459 2113.24 2024.74 2261.31 
 460 2130.47 2030.85 2261.31 
 461 2176.51 1903.84 2261.31 
 462 2164.98 2309.13 2261.31 
 463 2222.07 2171.96 2261.31 
 464 2274.94 2174.19 2261.31 
 465 2233.50 2160.85 2274.94 
 466 2231.57 2235.27 2274.94 
 467 2084.89 2072.25 2274.94 
 468 2092.82 2258.58 2274.94 
 469 2045.13 1907.62 2274.94 
 470 2149.19 1843.32 2274.94 
 471 2240.10 2428.48 2274.94 
 472 2301.90 2114.36 2274.94 
 473 2096.05 2301.40 2301.90 
 474 2261.60 2277.73 2301.90 
 475 2080.92 2212.50 2301.90 
 476 2213.29 2309.92 2301.90 
 477 2205.35 2311.74 2301.90 
 478 2042.75 2339.39 2301.90 
 479 2157.32 2143.35 2301.90 
 480 2036.77 2249.77 2301.90 
 481 2285.77 2305.22 2301.90 
 482 2343.51 2025.64 2301.90 
 483 2088.74 1962.91 2343.51 
 484 2148.82 2054.13 2343.51 
 485 2375.76 1995.67 2343.51 
 486 2248.92 2229.41 2375.76 
 487 2279.32 2197.29 2375.76 
 488 2244.36 2291.27 2375.76 
 489 2375.77 2189.17 2375.76 
 490 1968.78 2218.16 2375.77 
 491 2234.80 2126.73 2375.77 
 492 2198.87 2208.20 2375.77 
 493 2388.28 1981.26 2375.77 
 494 2474.31 2254.17 2388.28 
 495 2485.73 2363.04 2474.31 
 496 2404.72 2116.96 2485.73 
 497 2505.76 1977.48 2485.73 
 498 2348.19 1817.55 2505.76 
 499 2408.34 2088.58 2505.76 
