Iter | Sampling Pol | Evaluation Pol | Best (Sampled) 
   0 -6.82 -3.89 -100000000.00 
   1 -5.86 -4.19 -6.82 
   2 -5.40 -3.87 -5.86 
   3 -4.93 -2.14 -5.40 
   4 -4.47 -3.22 -4.93 
   5 -4.08 -3.19 -4.47 
   6 -3.48 -2.90 -4.08 
   7 -3.47 -3.38 -3.48 
   8 -3.18 -1.80 -3.47 
   9 -2.51 -3.40 -3.18 
  10 -3.26 -2.08 -2.51 
  11 -2.57 -2.37 -2.51 
  12 -2.02 -2.78 -2.51 
  13 -2.48 -4.04 -2.02 
  14 -2.28 -2.20 -2.02 
  15 -2.26 -3.28 -2.02 
  16 -2.51 -2.77 -2.02 
  17 -1.29 -3.07 -2.02 
  18 -0.63 -3.57 -1.29 
  19 -0.39 -4.08 -0.63 
  20 -1.03 -3.67 -0.39 
  21 -2.25 -1.64 -0.39 
  22 -0.34 -3.01 -0.39 
  23 -1.04 -0.26 -0.34 
  24 -0.14 -3.40 -0.34 
  25 -1.22 -2.91 -0.14 
  26 -0.62 -2.83 -0.14 
  27 -1.52 -2.35 -0.14 
  28 -1.27 -2.77 -0.14 
  29  0.45 -2.87 -0.14 
  30  3.32 -1.58  0.45 
  31  0.40 -3.36  3.32 
  32 -0.06 -2.95  3.32 
  33 -0.13 -1.88  3.32 
  34  0.49 -3.27  3.32 
  35  0.83 -3.07  3.32 
  36  0.53 -3.52  3.32 
  37  2.01 -2.13  3.32 
  38  1.23 -2.67  3.32 
  39  5.26 -2.74  3.32 
  40  0.01 -3.20  5.26 
  41  3.35 -2.50  5.26 
  42  0.97 -2.28  5.26 
  43  2.74 -0.85  5.26 
  44  3.87 -2.62  5.26 
  45  2.19 -2.68  5.26 
  46  4.34 -2.83  5.26 
  47  2.43 -2.62  5.26 
  48  4.70 -2.62  5.26 
  49  3.03 -3.22  5.26 
  50  4.25 -1.63  5.26 
  51  3.58 -1.14  5.26 
  52  4.14 -2.68  5.26 
  53  2.71 -0.62  5.26 
  54  7.72 -2.88  5.26 
  55  5.16 27.55  7.72 
  56  8.54  4.68  7.72 
  57  1.36  3.46  8.54 
  58  3.78  1.87  8.54 
  59  1.39 -3.52  8.54 
  60  3.01  2.97  8.54 
  61  3.16  8.98  8.54 
  62  4.78 24.62  8.54 
  63  3.73  3.86  8.54 
  64  4.98  1.37  8.54 
  65  2.27  2.14  8.54 
  66  3.55  5.38  8.54 
  67  7.45  2.34  8.54 
  68  4.89  5.43  8.54 
  69  3.53  2.32  8.54 
  70  5.79 -0.44  8.54 
  71  5.65 -0.59  8.54 
  72  2.99  2.46  8.54 
  73  6.18  2.26  8.54 
  74  7.72  7.50  8.54 
  75 12.38  5.46  8.54 
  76  7.23  1.55 12.38 
  77 10.79  6.98 12.38 
  78  6.39  1.86 12.38 
  79  6.30 -1.77 12.38 
  80  7.31 -1.36 12.38 
  81  6.64  0.73 12.38 
  82  6.47  0.17 12.38 
  83  7.21  4.37 12.38 
  84  6.64  4.28 12.38 
  85 10.04  6.41 12.38 
  86  6.86  4.78 12.38 
  87  8.11  1.13 12.38 
  88 10.27 19.27 12.38 
  89 12.64 13.39 12.38 
  90 15.91 14.97 12.64 
  91  9.32  3.86 15.91 
  92 11.55 13.59 15.91 
  93  9.77  7.28 15.91 
  94  8.65  5.39 15.91 
  95 13.34 15.77 15.91 
  96 13.41 29.25 15.91 
  97 18.41 19.69 15.91 
  98 17.09  4.36 18.41 
  99  6.77 10.81 18.41 
 100 16.19  8.62 18.41 
 101 12.09 13.67 18.41 
 102 10.71 11.40 18.41 
 103 14.01 22.11 18.41 
 104 15.63  8.73 18.41 
 105 23.52 13.38 18.41 
 106 28.30 19.87 23.52 
 107 18.68 22.52 28.30 
 108 16.84 48.35 28.30 
 109 25.63  5.08 28.30 
 110 22.04  0.93 28.30 
 111 33.65 10.20 28.30 
 112 15.53  8.62 33.65 
 113 36.00  1.43 33.65 
 114 28.71  2.32 36.00 
 115 20.25 20.72 36.00 
 116 26.25 19.94 36.00 
 117 38.04  4.34 36.00 
 118 35.34  6.47 38.04 
 119 33.34  5.77 38.04 
 120 32.66 20.83 38.04 
 121 41.04  0.14 38.04 
 122 27.93  8.18 41.04 
 123 34.41 13.24 41.04 
 124 23.92  2.63 41.04 
 125 51.13 -0.59 41.04 
 126 43.94  6.12 51.13 
 127 32.78  9.94 51.13 
 128 46.59 16.65 51.13 
 129 32.17 26.07 51.13 
 130 31.25  9.87 51.13 
 131 41.73 11.83 51.13 
 132 39.15  4.62 51.13 
 133 35.14  6.42 51.13 
 134 45.13  6.48 51.13 
 135 74.43  4.23 51.13 
 136 49.58  9.02 74.43 
 137 65.81  8.41 74.43 
 138 49.37  5.92 74.43 
 139 45.18  6.43 74.43 
 140 36.62 12.52 74.43 
 141 55.33 23.53 74.43 
 142 58.00 13.97 74.43 
 143 71.84 36.79 74.43 
 144 67.82 10.77 74.43 
 145 64.93  1.14 74.43 
 146 66.83 28.77 74.43 
 147 59.49 25.47 74.43 
 148 65.99 16.47 74.43 
 149 74.57 23.05 74.43 
 150 65.86 19.92 74.57 
 151 84.04 35.52 74.57 
 152 63.27  5.99 84.04 
 153 74.75  8.10 84.04 
 154 101.82 29.47 84.04 
 155 72.03 16.02 101.82 
 156 87.06 12.97 101.82 
 157 82.16 17.90 101.82 
 158 72.99 34.63 101.82 
 159 83.92 57.28 101.82 
 160 88.67 22.16 101.82 
 161 80.81 42.18 101.82 
 162 80.31 24.74 101.82 
 163 82.94 12.75 101.82 
 164 95.03  9.23 101.82 
 165 61.55 39.82 101.82 
 166 90.19 26.64 101.82 
 167 79.73 42.07 101.82 
 168 116.06 77.02 101.82 
 169 70.27 42.28 116.06 
 170 104.26 39.03 116.06 
 171 77.50 44.36 116.06 
 172 115.72 53.38 116.06 
 173 97.75 67.65 116.06 
 174 114.62 37.56 116.06 
 175 93.21 66.91 116.06 
 176 96.60 52.15 116.06 
 177 112.30 61.46 116.06 
 178 123.49 52.16 116.06 
 179 104.25 50.03 123.49 
 180 82.07 44.83 123.49 
 181 135.39 57.39 123.49 
 182 128.45 57.35 135.39 
 183 140.95 57.56 135.39 
 184 127.61 48.61 140.95 
 185 173.06 55.98 140.95 
 186 149.57 112.37 173.06 
 187 150.58 109.48 173.06 
 188 158.15 82.21 173.06 
 189 141.09 44.21 173.06 
 190 153.44 90.97 173.06 
 191 126.25 117.39 173.06 
 192 137.01 110.97 173.06 
 193 155.98 161.72 173.06 
 194 115.42 126.31 173.06 
 195 208.76 32.78 173.06 
 196 151.21 25.11 208.76 
 197 127.02 39.22 208.76 
 198 141.98 37.57 208.76 
 199 180.06 40.71 208.76 
 200 177.21 64.52 208.76 
 201 175.17 47.48 208.76 
 202 181.24 53.89 208.76 
 203 185.30 27.74 208.76 
 204 143.96 50.47 208.76 
 205 190.07 50.02 208.76 
 206 169.11 41.36 208.76 
 207 175.30 42.42 208.76 
 208 184.63 64.55 208.76 
 209 174.91 41.77 208.76 
 210 194.21 40.77 208.76 
 211 178.24 39.39 208.76 
 212 231.40 43.91 208.76 
 213 273.04 78.77 231.40 
 214 217.42 38.89 273.04 
 215 223.13 35.44 273.04 
 216 218.58 39.87 273.04 
 217 200.93 100.76 273.04 
 218 249.97 35.65 273.04 
 219 261.91 41.45 273.04 
 220 256.75 49.52 273.04 
 221 226.79 52.29 273.04 
 222 210.90 49.44 273.04 
 223 214.03 44.79 273.04 
 224 236.69 51.04 273.04 
 225 241.76 30.46 273.04 
 226 218.74 33.74 273.04 
 227 252.48 51.23 273.04 
 228 301.02 95.37 273.04 
 229 301.12 57.17 301.02 
 230 282.27 66.59 301.12 
 231 268.93 34.23 301.12 
 232 324.54 40.10 301.12 
 233 262.44 36.10 324.54 
 234 310.74 44.45 324.54 
 235 301.13 23.16 324.54 
 236 222.85 24.68 324.54 
 237 341.12 28.42 324.54 
 238 324.70 55.53 341.12 
 239 350.41 49.76 341.12 
 240 357.75 89.56 350.41 
 241 307.86 47.38 357.75 
 242 379.73 40.20 357.75 
 243 361.68 60.12 379.73 
 244 313.45 92.40 379.73 
 245 266.73 47.89 379.73 
 246 362.92 30.23 379.73 
 247 351.34 42.31 379.73 
 248 404.75 58.82 379.73 
 249 403.79 40.74 404.75 
 250 407.97 39.06 404.75 
 251 349.62 60.48 407.97 
 252 373.14 70.80 407.97 
 253 429.58 109.09 407.97 
 254 450.87 74.57 429.58 
 255 398.15 134.40 450.87 
 256 438.13 172.65 450.87 
 257 450.31 62.70 450.87 
 258 503.90 117.86 450.87 
 259 395.70 178.40 503.90 
 260 475.43 238.77 503.90 
 261 389.84 175.45 503.90 
 262 448.96 141.64 503.90 
 263 422.13 239.43 503.90 
 264 483.45 193.52 503.90 
 265 475.20 210.06 503.90 
 266 457.68 194.68 503.90 
 267 502.17 109.02 503.90 
 268 459.73 128.09 503.90 
 269 348.90 230.79 503.90 
 270 475.43 264.53 503.90 
 271 579.29 112.83 503.90 
 272 507.32 136.21 579.29 
 273 566.28 221.19 579.29 
 274 513.12 183.68 579.29 
 275 506.62 112.57 579.29 
 276 560.84 83.39 579.29 
 277 525.94 96.45 579.29 
 278 544.57 214.90 579.29 
 279 678.83 162.56 579.29 
 280 535.39 191.24 678.83 
 281 578.62 297.55 678.83 
 282 503.34 242.20 678.83 
 283 645.05 215.35 678.83 
 284 628.51 211.32 678.83 
 285 609.60 377.97 678.83 
 286 520.72 344.54 678.83 
 287 661.98 210.27 678.83 
 288 629.52 378.29 678.83 
 289 660.10 306.15 678.83 
 290 664.62 313.05 678.83 
 291 666.11 222.15 678.83 
 292 699.40 221.01 678.83 
 293 708.99 273.59 699.40 
 294 727.50 427.37 708.99 
 295 814.50 307.75 727.50 
 296 626.53 438.74 814.50 
 297 812.57 254.07 814.50 
 298 715.01 244.77 814.50 
 299 654.38 365.09 814.50 
