Iter | Sampling Pol | Evaluation Pol | Best (Sampled) 
   0 -6.21 -6.02 -100000000.00 
   1 -5.95 -5.31 -6.21 
   2 -5.62 -4.83 -5.95 
   3 -5.36 -4.79 -5.62 
   4 -5.29 -2.45 -5.36 
   5 -4.58 -3.86 -5.29 
   6 -4.14 -1.71 -4.58 
   7 -4.52  0.02 -4.14 
   8 -4.22  2.23 -4.14 
   9 -4.15  0.81 -4.14 
  10 -3.57 -1.79 -4.14 
  11 -1.76  0.81 -3.57 
  12 -2.57  1.07 -1.76 
  13 -3.36 -1.49 -1.76 
  14 -2.43 -2.93 -1.76 
  15 -3.24 -2.44 -1.76 
  16 -2.90 -2.49 -1.76 
  17 -2.31 -2.64 -1.76 
  18 -1.44 -1.63 -1.76 
  19 -1.86  1.34 -1.44 
  20 -1.52 -0.30 -1.44 
  21 -1.45  0.23 -1.44 
  22 -0.27 -2.88 -1.44 
  23 -0.84 -1.91 -0.27 
  24 -1.07 -2.62 -0.27 
  25 -0.15  0.39 -0.27 
  26 -0.97 -0.18 -0.15 
  27 -0.63 -0.07 -0.15 
  28  1.00  1.38 -0.15 
  29 -0.55 -0.00  1.00 
  30  0.88  4.00  1.00 
  31 -1.19  1.64  1.00 
  32  1.69 -1.52  1.00 
  33 -1.64 -0.84  1.69 
  34 -0.55 -2.50  1.69 
  35  3.37 -1.60  1.69 
  36  0.76  1.28  3.37 
  37  0.82  7.08  3.37 
  38  1.90  3.42  3.37 
  39  3.04 -0.36  3.37 
  40  1.21  2.52  3.37 
  41  0.08  2.17  3.37 
  42  1.08  1.24  3.37 
  43  3.62 -2.36  3.37 
  44  2.49  1.12  3.62 
  45  2.08  4.06  3.62 
  46  0.18  2.76  3.62 
  47  3.75 10.73  3.62 
  48  1.07  7.49  3.75 
  49  4.61 10.28  3.75 
  50  2.90 -0.84  4.61 
  51  3.13  2.23  4.61 
  52  3.06 -3.64  4.61 
  53  2.27  2.79  4.61 
  54  2.27  7.51  4.61 
  55  5.00  8.41  4.61 
  56  7.26  6.97  5.00 
  57  3.51 32.56  7.26 
  58  2.97  5.63  7.26 
  59  8.79 14.37  7.26 
  60  4.65 11.20  8.79 
  61  6.86 95.66  8.79 
  62  9.07 26.92  8.79 
  63  5.66 77.65  9.07 
  64  9.36 46.77  9.07 
  65  6.06 51.93  9.36 
  66  6.82 45.33  9.36 
  67  8.89 10.09  9.36 
  68  7.14  8.54  9.36 
  69  9.02 10.88  9.36 
  70  7.69 11.32  9.36 
  71  9.94  7.16  9.36 
  72  6.40 27.64  9.94 
  73 16.50 22.42  9.94 
  74  5.90 32.11 16.50 
  75  8.00 31.58 16.50 
  76  5.24 24.27 16.50 
  77  6.24 12.25 16.50 
  78 14.26 17.50 16.50 
  79  7.77  7.37 16.50 
  80  6.64 13.55 16.50 
  81  8.38 15.14 16.50 
  82 11.21 51.00 16.50 
  83  9.36 17.97 16.50 
  84  9.43 15.17 16.50 
  85  7.60 24.06 16.50 
  86 10.67 22.53 16.50 
  87 15.92 14.17 16.50 
  88 11.87 24.50 16.50 
  89 14.28 16.66 16.50 
  90 13.36 14.36 16.50 
  91 29.75 22.57 16.50 
  92 13.59 24.34 29.75 
  93 15.66 25.53 29.75 
  94 22.11 18.63 29.75 
  95 27.95 17.53 29.75 
  96 20.19 18.59 29.75 
  97 23.99 23.82 29.75 
  98 14.56 19.35 29.75 
  99 23.57 41.59 29.75 
 100 17.82 24.02 29.75 
 101 21.95 14.53 29.75 
 102 14.63  9.34 29.75 
 103 22.41  6.37 29.75 
 104 19.92  0.26 29.75 
 105 29.26  4.62 29.75 
 106 18.59  7.88 29.75 
 107 24.42 12.03 29.75 
 108 21.60 15.59 29.75 
 109 20.50 10.29 29.75 
 110 10.68 16.81 29.75 
 111 32.68 22.60 29.75 
 112 26.83 24.10 32.68 
 113 20.94 24.54 32.68 
 114 21.92 20.88 32.68 
 115 26.04 27.28 32.68 
 116 36.02 13.62 32.68 
 117 13.95 18.37 36.02 
 118 31.72 16.08 36.02 
 119 39.53  9.26 36.02 
 120 19.28 85.23 39.53 
 121 19.68 13.91 39.53 
 122 23.02 10.58 39.53 
 123 31.76 11.74 39.53 
 124 29.97 24.61 39.53 
 125 21.36 37.04 39.53 
 126 54.13 32.47 39.53 
 127 31.44 28.14 54.13 
 128 35.10 38.58 54.13 
 129 38.37 47.43 54.13 
 130 53.46 50.28 54.13 
 131 37.12 36.45 54.13 
 132 61.33 33.27 54.13 
 133 43.27 78.62 61.33 
 134 38.26 35.74 61.33 
 135 45.52 42.88 61.33 
 136 27.30 50.86 61.33 
 137 55.05 116.71 61.33 
 138 46.29 114.68 61.33 
 139 49.32 69.76 61.33 
 140 64.73 158.78 61.33 
 141 42.41 62.27 64.73 
 142 47.64 83.66 64.73 
 143 37.11 54.56 64.73 
 144 48.79 79.70 64.73 
 145 36.94 211.38 64.73 
 146 76.65 93.46 64.73 
 147 56.01 141.97 76.65 
 148 61.80 46.74 76.65 
 149 85.36 92.78 76.65 
 150 79.15 65.09 85.36 
 151 106.88 112.45 85.36 
 152 70.50 81.97 106.88 
 153 114.28 120.80 106.88 
 154 100.55 123.95 114.28 
 155 124.53 174.81 114.28 
 156 129.88 163.37 124.53 
 157 92.78 189.50 129.88 
 158 88.11 216.66 129.88 
 159 115.85 220.82 129.88 
 160 104.15 117.86 129.88 
 161 113.89 382.53 129.88 
 162 150.84 234.17 129.88 
 163 176.39 211.25 150.84 
 164 132.41 247.55 176.39 
 165 122.72 231.91 176.39 
 166 188.66 137.80 176.39 
 167 137.29 181.88 188.66 
 168 207.00 153.44 188.66 
 169 140.38 158.38 207.00 
 170 111.49 104.12 207.00 
 171 137.58 155.75 207.00 
 172 189.16 146.72 207.00 
 173 188.14 214.48 207.00 
 174 182.19 106.94 207.00 
 175 155.97 289.95 207.00 
 176 180.34 347.59 207.00 
 177 185.66 295.72 207.00 
 178 195.24 358.54 207.00 
 179 167.72 422.99 207.00 
 180 216.21 504.10 207.00 
 181 196.43 307.33 216.21 
 182 239.14 365.65 216.21 
 183 239.30 362.10 239.14 
 184 243.03 154.88 239.30 
 185 208.42 236.74 243.03 
 186 274.40 278.97 243.03 
 187 271.98 353.89 274.40 
 188 287.11 253.59 274.40 
 189 312.10 270.88 287.11 
 190 284.72 219.93 312.10 
 191 202.56 258.23 312.10 
 192 264.85 239.56 312.10 
 193 294.85 242.29 312.10 
 194 286.56 243.19 312.10 
 195 316.09 410.14 312.10 
 196 364.92 412.82 316.09 
 197 338.62 547.96 364.92 
 198 342.81 396.73 364.92 
 199 389.32 354.32 364.92 
 200 377.97 500.44 389.32 
 201 388.52 654.57 389.32 
 202 424.24 551.01 389.32 
 203 522.44 596.60 424.24 
 204 366.34 501.13 522.44 
 205 389.86 593.96 522.44 
 206 452.68 481.51 522.44 
 207 434.05 388.52 522.44 
 208 360.70 455.83 522.44 
 209 409.14 474.48 522.44 
 210 482.21 612.55 522.44 
 211 481.74 657.85 522.44 
 212 573.95 737.80 522.44 
 213 507.95 609.36 573.95 
 214 475.28 633.47 573.95 
 215 542.26 694.96 573.95 
 216 577.04 696.82 573.95 
 217 576.38 768.12 577.04 
 218 678.70 908.22 577.04 
 219 671.41 625.55 678.70 
 220 679.04 773.29 678.70 
 221 665.55 810.27 679.04 
 222 802.30 740.98 679.04 
 223 867.59 719.75 802.30 
 224 733.64 875.38 867.59 
 225 695.46 667.00 867.59 
 226 690.76 573.36 867.59 
 227 756.78 616.60 867.59 
 228 778.84 973.55 867.59 
 229 863.74 769.91 867.59 
 230 751.65 862.62 867.59 
 231 792.80 644.05 867.59 
 232 713.27 540.68 867.59 
 233 837.26 597.70 867.59 
 234 786.46 577.36 867.59 
 235 899.82 691.43 867.59 
 236 861.56 808.09 899.82 
 237 1024.46 905.06 899.82 
 238 939.90 1018.99 1024.46 
 239 922.22 813.11 1024.46 
 240 935.75 952.06 1024.46 
 241 992.62 903.75 1024.46 
 242 995.75 1025.16 1024.46 
 243 968.11 930.24 1024.46 
 244 1131.60 837.70 1024.46 
 245 1004.03 841.06 1131.60 
 246 1110.75 1274.20 1131.60 
 247 1110.47 975.70 1131.60 
 248 1071.63 1142.55 1131.60 
 249 1044.50 1120.51 1131.60 
 250 1074.81 952.43 1131.60 
 251 1067.90 879.46 1131.60 
 252 1019.65 951.24 1131.60 
 253 1207.23 966.05 1131.60 
 254 1272.95 1047.11 1207.23 
 255 1142.92 839.97 1272.95 
 256 1269.19 1068.70 1272.95 
 257 1348.67 1097.97 1272.95 
 258 1176.72 1063.20 1348.67 
 259 1173.53 1004.46 1348.67 
 260 1336.37 1057.12 1348.67 
 261 1087.78 978.76 1348.67 
 262 1212.49 1251.40 1348.67 
 263 1328.86 908.87 1348.67 
 264 1436.61 1005.21 1348.67 
 265 1235.66 1261.39 1436.61 
 266 1358.90 1231.74 1436.61 
 267 1406.74 1156.71 1436.61 
 268 1477.36 1315.85 1436.61 
 269 1316.05 1375.15 1477.36 
 270 1233.77 1341.96 1477.36 
 271 1603.76 1319.41 1477.36 
 272 1396.02 1444.59 1603.76 
 273 1487.82 1347.08 1603.76 
 274 1507.05 1364.13 1603.76 
 275 1387.75 1257.29 1603.76 
 276 1301.74 1097.32 1603.76 
 277 1384.35 1163.33 1603.76 
 278 1651.98 1308.96 1603.76 
 279 1513.85 1277.27 1651.98 
 280 1431.93 1314.21 1651.98 
 281 1539.77 1112.68 1651.98 
 282 1373.74 994.46 1651.98 
 283 1556.31 1233.94 1651.98 
 284 1455.79 1252.07 1651.98 
 285 1619.74 1189.56 1651.98 
 286 1566.41 1184.72 1651.98 
 287 1560.33 1223.05 1651.98 
 288 1475.20 1171.69 1651.98 
 289 1590.51 1212.89 1651.98 
 290 1584.86 1117.78 1651.98 
 291 1561.68 1281.92 1651.98 
 292 1752.96 1584.60 1651.98 
 293 1609.00 1386.64 1752.96 
 294 1890.05 1625.22 1752.96 
 295 1468.51 1637.01 1890.05 
 296 1597.46 1723.26 1890.05 
 297 1646.88 1651.41 1890.05 
 298 1792.26 1871.72 1890.05 
 299 1706.20 1781.21 1890.05 
 276 1485.19 1161.47 -100000000.00 
 277 1420.47 1173.97 1485.19 
 278 1442.18 1239.35 1485.19 
 279 1446.10 1191.27 1485.19 
 280 1377.95 1057.62 1485.19 
 281 1392.20 1075.86 1485.19 
 282 1564.74 1117.33 1485.19 
 283 1298.39 1373.39 1564.74 
 284 1301.27 1175.69 1564.74 
 285 1336.97 1091.62 1564.74 
 286 1292.23 1277.22 1564.74 
 287 1299.74 977.28 1564.74 
 288 1341.47 953.93 1564.74 
 289 1259.43 1076.40 1564.74 
 290 1357.52 974.46 1564.74 
 291 1262.25 1277.31 1564.74 
 292 1196.25 1267.59 1564.74 
 293 1138.85 1136.33 1564.74 
 294 1393.22 1146.53 1564.74 
 295 1274.02 1171.81 1564.74 
 296 1438.69 1128.29 1564.74 
 297 1400.81 1240.01 1564.74 
 298 1349.10 1342.24 1564.74 
 299 1389.48 1405.75 1564.74 
 300 1311.55 1506.29 1564.74 
 301 1255.16 1433.94 1564.74 
 302 1292.12 1407.60 1564.74 
 303 1348.62 1239.31 1564.74 
 304 1271.64 1212.24 1564.74 
 305 1365.82 1497.62 1564.74 
 306 1357.01 1344.56 1564.74 
 307 1302.02 1419.19 1564.74 
 308 1549.25 1476.42 1564.74 
 309 1285.32 1434.01 1564.74 
 310 1558.75 1391.22 1564.74 
 311 1667.96 1554.76 1564.74 
 312 1436.29 1484.82 1667.96 
 313 1572.03 1432.63 1667.96 
 314 1539.99 1227.65 1667.96 
 315 1453.71 1561.84 1667.96 
 316 1573.14 1522.94 1667.96 
 317 1688.22 1510.16 1667.96 
 318 1565.59 1558.95 1688.22 
 319 1646.46 1747.91 1688.22 
 320 1659.31 1476.11 1688.22 
 321 1637.21 1392.10 1688.22 
 322 1846.41 1900.92 1688.22 
 323 1600.94 1538.30 1846.41 
 324 1798.09 1624.73 1846.41 
 325 1721.51 1732.68 1846.41 
 326 1759.27 1885.36 1846.41 
 327 1774.80 1530.49 1846.41 
 328 1815.66 1634.23 1846.41 
 329 1655.85 1834.26 1846.41 
 330 1774.05 1619.17 1846.41 
 331 1681.71 1790.37 1846.41 
 332 1844.85 1902.47 1846.41 
 333 1795.86 1917.69 1846.41 
 334 1973.50 2175.82 1846.41 
 335 1856.55 1806.82 1973.50 
 336 1739.35 1818.39 1973.50 
 337 1962.22 1873.53 1973.50 
 338 1902.73 2037.44 1973.50 
 339 1981.50 1823.20 1973.50 
 340 1799.26 2090.38 1981.50 
 341 1875.43 2155.22 1981.50 
 342 1958.29 2156.09 1981.50 
 343 2087.27 2266.48 1981.50 
 344 2098.70 2097.29 2087.27 
 345 1664.00 2029.06 2098.70 
 346 2092.38 2135.01 2098.70 
 347 2077.07 1859.55 2098.70 
 348 1851.11 2162.50 2098.70 
 349 1973.10 2217.55 2098.70 
 350 1883.52 1979.27 2098.70 
 351 1893.62 1806.10 2098.70 
 352 1862.85 2041.70 2098.70 
 353 1984.76 2015.19 2098.70 
 354 1867.86 2299.61 2098.70 
 355 1890.04 2463.39 2098.70 
 356 2138.62 2285.21 2098.70 
 357 2063.78 2403.47 2138.62 
 358 1864.06 2423.36 2138.62 
 359 1954.09 2298.38 2138.62 
 360 1982.38 2466.63 2138.62 
 361 1907.63 2533.40 2138.62 
 362 2147.68 2421.16 2138.62 
 363 2118.23 2448.27 2147.68 
 364 2095.22 2508.12 2147.68 
 365 2199.12 2506.89 2147.68 
 366 2326.23 2347.04 2199.12 
 367 2196.43 2461.69 2326.23 
 368 2150.45 2501.57 2326.23 
 369 2155.64 2438.02 2326.23 
 370 2206.31 2478.81 2326.23 
 371 2374.36 2446.28 2326.23 
 372 2199.77 2407.93 2374.36 
 373 2191.26 2256.23 2374.36 
 374 2235.82 2464.20 2374.36 
 375 2114.03 2527.03 2374.36 
 376 2277.86 2397.79 2374.36 
 377 2271.91 2525.63 2374.36 
 378 2391.81 2557.67 2374.36 
 379 2329.76 2726.68 2391.81 
 380 2246.11 2753.80 2391.81 
 381 2047.52 2660.57 2391.81 
 382 2175.76 2872.84 2391.81 
 383 2122.59 2304.90 2391.81 
 384 2267.67 2770.72 2391.81 
 385 2345.85 2624.41 2391.81 
 386 2456.73 2451.48 2391.81 
 387 2378.24 2618.16 2456.73 
 388 2306.16 2596.50 2456.73 
 389 2221.23 2444.36 2456.73 
 390 2215.52 2688.38 2456.73 
 391 2335.38 2553.74 2456.73 
 392 2404.66 2584.50 2456.73 
 393 2523.24 2577.57 2456.73 
 394 2367.23 2498.20 2523.24 
 395 2529.04 2522.87 2523.24 
 396 2409.66 2566.03 2529.04 
 397 2460.41 2754.31 2529.04 
 398 2430.97 2558.97 2529.04 
 399 2517.03 2405.43 2529.04 
 400 2385.68 2464.76 2529.04 
 401 2510.36 2598.48 2529.04 
 402 2497.99 2733.16 2529.04 
 403 2414.42 2613.14 2529.04 
 404 2542.88 2670.79 2529.04 
 405 2661.46 2416.53 2542.88 
 406 2553.12 2519.60 2661.46 
 407 2463.27 2487.68 2661.46 
 408 2687.34 2530.41 2661.46 
 409 2597.13 2558.26 2687.34 
 410 2613.63 2608.88 2687.34 
 411 2488.70 2451.80 2687.34 
 412 2346.46 2567.21 2687.34 
 413 2560.46 2511.07 2687.34 
 414 2548.03 2511.62 2687.34 
 415 2439.16 2392.86 2687.34 
 416 2502.61 2432.12 2687.34 
 417 2465.90 2388.84 2687.34 
 418 2586.63 2542.92 2687.34 
 419 2526.55 2601.35 2687.34 
 420 2482.46 2676.01 2687.34 
 421 2619.08 2753.31 2687.34 
 422 2694.64 2619.93 2687.34 
 423 2724.22 2547.57 2694.64 
 424 2626.77 2525.81 2724.22 
 425 2694.13 2539.32 2724.22 
 426 2580.32 2352.19 2724.22 
 427 2610.65 2404.11 2724.22 
 428 2655.29 2547.84 2724.22 
 429 2582.03 2467.39 2724.22 
 430 2808.74 2524.05 2724.22 
 431 2661.08 2465.51 2808.74 
 432 2621.46 2478.23 2808.74 
 433 2553.09 2550.39 2808.74 
 434 2596.48 2390.63 2808.74 
 435 2832.23 2160.69 2808.74 
 436 2586.33 2415.15 2832.23 
 437 2518.32 2368.69 2832.23 
 438 2720.78 2300.34 2832.23 
 439 2740.43 2371.34 2832.23 
 440 2583.27 2472.65 2832.23 
 441 2825.28 2441.29 2832.23 
 442 2888.65 2390.28 2832.23 
 443 2626.69 2389.00 2888.65 
 444 2640.74 2447.87 2888.65 
 445 2538.95 2826.22 2888.65 
 446 2858.63 2751.56 2888.65 
 447 2674.40 2633.78 2888.65 
 448 2842.81 2823.77 2888.65 
 449 2701.72 2819.71 2888.65 
 450 2670.46 2668.23 2888.65 
 451 2809.78 2707.25 2888.65 
 452 2905.04 2709.99 2888.65 
 453 2795.75 2647.24 2905.04 
 454 2930.98 2649.42 2905.04 
 455 2884.38 2488.21 2930.98 
 456 2751.80 2606.77 2930.98 
 457 2680.87 2597.92 2930.98 
 458 2760.65 2618.62 2930.98 
 459 2965.51 2497.94 2930.98 
 460 2879.94 2420.31 2965.51 
 461 2732.70 2545.21 2965.51 
 462 2891.28 2508.51 2965.51 
 463 2855.34 2917.19 2965.51 
 464 2772.72 2564.29 2965.51 
 465 2673.79 2618.99 2965.51 
 466 2980.31 2525.36 2965.51 
 467 2796.54 2762.99 2980.31 
 468 2692.23 2802.55 2980.31 
 469 2867.73 2849.67 2980.31 
 470 2860.29 2779.54 2980.31 
 471 2932.96 2793.45 2980.31 
 472 2685.07 2825.88 2980.31 
 473 2685.55 2850.91 2980.31 
 474 2724.56 2785.72 2980.31 
 475 2862.86 2878.34 2980.31 
 476 2795.78 2998.25 2980.31 
 477 2791.18 2938.09 2980.31 
 478 2808.25 2927.97 2980.31 
 479 2713.89 2943.29 2980.31 
 480 2820.91 2870.02 2980.31 
 481 2777.05 2825.06 2980.31 
 482 2962.15 2865.69 2980.31 
 483 3058.28 3096.89 2980.31 
 484 2724.93 2995.28 3058.28 
 485 2934.81 2921.12 3058.28 
 486 2934.67 3028.57 3058.28 
 487 2981.95 3049.38 3058.28 
 488 2952.70 2927.55 3058.28 
 489 3042.66 3034.53 3058.28 
 490 2818.37 2928.16 3058.28 
 491 2816.44 3053.23 3058.28 
 492 2992.35 3009.17 3058.28 
 493 2904.03 2942.16 3058.28 
 494 2931.60 3003.60 3058.28 
 495 2938.03 2937.65 3058.28 
 496 2993.40 2835.46 3058.28 
 497 2994.56 3017.19 3058.28 
 498 2833.36 2681.12 3058.28 
 499 2916.05 2701.73 3058.28 
