Iter | Sampling Pol | Evaluation Pol | Best (Sampled) 
   0 -3.36 -4.64 -100000000.00 
   1 -3.23 -3.67 -3.36 
   2 -3.43 -2.41 -3.23 
   3 -2.06 -1.75 -3.23 
   4 -1.92  0.15 -2.06 
   5 -1.59  2.03 -1.92 
   6 -0.02  4.12 -1.59 
   7 -0.83  4.08 -0.02 
   8 -0.95  8.98 -0.02 
   9  1.60  9.65 -0.02 
  10  0.60 12.34  1.60 
  11 -0.89 11.37  1.60 
  12  3.82  6.16  1.60 
  13  2.95 16.05  3.82 
  14  3.98 22.09  3.82 
  15  4.49 22.33  3.98 
  16 12.16 22.95  4.49 
  17  7.97  8.27 12.16 
  18 10.53  4.86 12.16 
  19  9.69  4.59 12.16 
  20 15.82 11.98 12.16 
  21  6.74  9.40 15.82 
  22 25.80 16.17 15.82 
  23 16.07 20.14 25.80 
  24 18.62 24.01 25.80 
  25 19.16 33.91 25.80 
  26 17.46 37.46 25.80 
  27 27.54 53.98 25.80 
  28 22.00 46.02 27.54 
  29 25.03 53.89 27.54 
  30 37.79 49.88 27.54 
  31 39.22 47.48 37.79 
  32 49.60 94.90 39.22 
  33 30.74 64.42 49.60 
  34 43.71 60.09 49.60 
  35 60.16 101.13 49.60 
  36 59.82 41.09 60.16 
  37 54.04 46.80 60.16 
  38 61.93 51.91 60.16 
  39 86.04 46.65 61.93 
  40 66.22 47.85 86.04 
  41 116.31 85.60 86.04 
  42 99.02 92.94 116.31 
  43 87.20 73.49 116.31 
  44 112.53 128.73 116.31 
  45 105.96 134.89 116.31 
  46 173.02 133.57 116.31 
  47 157.96 118.69 173.02 
  48 153.93 178.83 173.02 
  49 145.53 102.83 173.02 
  50 151.34 129.07 173.02 
  51 168.88 422.31 173.02 
  52 226.62 478.74 173.02 
  53 251.40 539.34 226.62 
  54 275.44 450.96 251.40 
  55 219.19 542.32 275.44 
  56 336.42 641.14 275.44 
  57 279.12 603.79 336.42 
  58 329.28 632.47 336.42 
  59 436.80 873.40 336.42 
  60 394.63 739.39 436.80 
  61 530.35 599.51 436.80 
  62 557.20 809.91 530.35 
  63 663.45 1382.72 557.20 
  64 634.57 1394.14 663.45 
  65 670.52 1400.13 663.45 
  66 874.28 1536.82 670.52 
  67 876.85 1678.73 874.28 
  68 980.84 1769.68 876.85 
  69 955.79 1639.32 980.84 
  70 1043.99 1805.32 980.84 
  71 1111.36 1790.60 1043.99 
  72 1116.19 1907.70 1111.36 
  73 1243.68 2119.81 1116.19 
  74 1279.39 2008.48 1243.68 
  75 1500.57 1835.13 1279.39 
  76 1636.57 1750.56 1500.57 
  77 1602.88 1899.20 1636.57 
  78 1610.92 1886.40 1636.57 
  79 1570.64 2077.52 1636.57 
  80 1665.02 1926.87 1636.57 
  81 1763.71 2259.05 1665.02 
  82 1912.76 2430.11 1763.71 
  83 2064.03 2280.99 1912.76 
  84 2012.04 2559.48 2064.03 
  85 2041.01 2374.38 2064.03 
  86 2163.08 2480.13 2064.03 
  87 2269.58 2569.04 2163.08 
  88 2277.43 2391.18 2269.58 
  89 2498.19 2356.01 2277.43 
  90 2307.54 2453.52 2498.19 
  91 2499.89 2264.87 2498.19 
  92 2494.03 2461.40 2499.89 
  93 2603.90 2773.52 2499.89 
  94 2656.07 2986.66 2603.90 
  95 2772.12 2615.55 2656.07 
  96 2765.41 2342.35 2772.12 
  97 2940.26 2485.08 2772.12 
  98 2862.82 2459.45 2940.26 
  99 2947.25 2574.65 2940.26 
 100 2948.68 2468.31 2947.25 
 101 3010.35 2437.83 2948.68 
 102 3155.77 2951.52 3010.35 
 103 3034.05 2600.07 3155.77 
 104 3159.56 2864.77 3155.77 
 105 3180.81 2756.16 3159.56 
 106 3217.56 2558.39 3180.81 
 107 3084.78 2214.10 3217.56 
 108 3283.27 2291.59 3217.56 
 109 3356.69 2583.37 3283.27 
 110 3355.88 2691.50 3356.69 
 111 3554.22 3064.15 3356.69 
 112 3344.94 3154.59 3554.22 
 113 3494.63 3541.15 3554.22 
 114 3412.15 3237.03 3554.22 
 115 3623.42 3057.72 3554.22 
 116 3404.05 3088.60 3623.42 
 117 3435.79 2894.43 3623.42 
 118 3517.13 2685.36 3623.42 
 119 3595.12 2918.76 3623.42 
 120 3542.39 3089.04 3623.42 
 121 3703.90 3320.40 3623.42 
 122 3595.18 3372.81 3703.90 
 123 3603.67 3093.48 3703.90 
 124 3717.59 3242.86 3703.90 
 125 3719.92 3144.36 3717.59 
 126 3753.89 3157.33 3719.92 
 127 3900.25 3074.89 3753.89 
 128 3712.17 2824.41 3900.25 
 129 3774.72 2811.03 3900.25 
 130 3581.03 2895.03 3900.25 
 131 3675.29 3169.81 3900.25 
 132 3948.68 3603.34 3900.25 
 133 3713.11 3306.19 3948.68 
 134 3771.70 3436.82 3948.68 
 135 3910.12 3378.71 3948.68 
 136 3720.24 3105.37 3948.68 
 137 3952.20 2952.48 3948.68 
 138 3827.50 3226.49 3952.20 
 139 3675.81 3241.09 3952.20 
 140 3731.39 3070.54 3952.20 
 141 3916.06 3435.86 3952.20 
 142 3698.72 3753.90 3952.20 
 143 3930.40 3359.28 3952.20 
 144 3834.17 3493.45 3952.20 
 145 3829.02 3082.71 3952.20 
 146 3985.06 3123.47 3952.20 
 147 3899.63 3008.19 3985.06 
 148 3898.08 3128.52 3985.06 
 149 3920.26 3568.94 3985.06 
 150 3857.92 3515.05 3985.06 
 151 3915.59 3607.41 3985.06 
 152 3972.69 3311.27 3985.06 
 153 3969.31 4102.38 3985.06 
 154 3997.56 3906.19 3985.06 
 155 3929.75 3860.08 3997.56 
 156 4050.44 3721.52 3997.56 
 157 4095.80 3833.91 4050.44 
 158 4091.06 3810.08 4095.80 
 159 3978.35 3833.84 4095.80 
 160 4012.62 3934.48 4095.80 
 161 4050.02 3877.80 4095.80 
 162 4041.43 3685.59 4095.80 
 163 4161.01 3764.85 4095.80 
 164 4084.70 3371.42 4161.01 
 165 4176.46 3636.66 4161.01 
 166 4173.58 3636.17 4176.46 
 167 4218.70 3404.25 4176.46 
 168 4078.70 3553.61 4218.70 
 169 4175.34 3418.92 4218.70 
 170 4079.49 3544.46 4218.70 
 171 4077.08 3693.28 4218.70 
 172 4130.44 3530.93 4218.70 
 173 4213.35 3575.56 4218.70 
 174 4231.62 3406.28 4218.70 
 175 3998.32 3295.64 4231.62 
 176 4192.35 3083.66 4231.62 
 177 4113.20 3689.03 4231.62 
 178 4185.33 3466.71 4231.62 
 179 4237.29 3784.79 4231.62 
 180 4213.88 3875.70 4237.29 
 181 4299.88 4049.68 4237.29 
 182 4310.61 3687.38 4299.88 
 183 4327.20 3932.49 4310.61 
 184 4272.42 3595.17 4327.20 
 185 4153.02 3703.97 4327.20 
 186 4315.78 3832.00 4327.20 
 187 4312.40 3851.86 4327.20 
 188 4345.60 4140.18 4327.20 
 189 4319.82 4110.32 4345.60 
 190 4350.17 4226.59 4345.60 
 191 4317.76 3917.37 4350.17 
 192 4240.82 4136.95 4350.17 
 193 4328.99 4008.83 4350.17 
 194 4348.03 4195.50 4350.17 
 195 4295.54 4380.96 4350.17 
 196 4284.74 4330.82 4350.17 
 197 4250.96 4444.94 4350.17 
 198 4398.47 4350.26 4350.17 
 199 4409.10 4247.12 4398.47 
 200 4409.84 4289.56 4409.10 
 201 4389.75 4255.71 4409.84 
 202 4433.58 4476.20 4409.84 
 203 4416.27 4552.75 4433.58 
 204 4332.33 4558.64 4433.58 
 205 4319.07 4547.36 4433.58 
 206 4238.52 4517.82 4433.58 
 207 4338.51 4480.00 4433.58 
 208 4350.59 4504.34 4433.58 
 209 4355.56 4362.00 4433.58 
 210 4378.18 4312.24 4433.58 
 211 4491.40 4519.60 4433.58 
 212 4422.27 4511.44 4491.40 
 213 4471.53 4543.00 4491.40 
 214 4341.87 4380.46 4491.40 
 215 4295.22 4303.34 4491.40 
 216 4483.93 4430.71 4491.40 
 217 4515.12 4536.22 4491.40 
 218 4471.54 4421.69 4515.12 
 219 4384.92 4515.72 4515.12 
 220 4497.79 4529.03 4515.12 
 221 4491.82 4559.42 4515.12 
 222 4522.50 4511.57 4515.12 
 223 4370.12 4566.71 4522.50 
 224 4319.03 4259.16 4522.50 
 225 4372.81 4405.73 4522.50 
 226 4436.20 4525.73 4522.50 
 227 4463.93 4434.57 4522.50 
 228 4402.96 4495.62 4522.50 
 229 4373.09 4413.27 4522.50 
 230 4444.37 4512.98 4522.50 
 231 4432.52 4431.11 4522.50 
 232 4499.16 4547.80 4522.50 
 233 4487.08 4489.28 4522.50 
 234 4446.21 4582.68 4522.50 
 235 4540.45 4445.32 4522.50 
 236 4394.45 4627.72 4540.45 
 237 4486.18 4476.07 4540.45 
 238 4349.62 4560.82 4540.45 
 239 4495.71 4669.12 4540.45 
 240 4409.94 4614.26 4540.45 
 241 4434.30 4646.43 4540.45 
 242 4529.96 4675.23 4540.45 
 243 4451.09 4609.91 4540.45 
 244 4444.43 4657.24 4540.45 
 245 4419.88 4596.96 4540.45 
 246 4492.52 4658.41 4540.45 
 247 4460.15 4631.08 4540.45 
 248 4537.16 4625.08 4540.45 
 249 4498.93 4634.88 4540.45 
 250 4446.58 4587.59 4540.45 
 251 4597.53 4457.14 4540.45 
 252 4499.36 4649.27 4597.53 
 253 4517.87 4562.12 4597.53 
 254 4450.12 4641.66 4597.53 
 255 4516.40 4598.80 4597.53 
 256 4520.85 4523.49 4597.53 
 257 4302.99 4627.96 4597.53 
 258 4463.82 4676.11 4597.53 
 259 4549.01 4691.64 4597.53 
 260 4497.90 4652.09 4597.53 
 261 4605.94 4718.83 4597.53 
 262 4362.13 4699.12 4605.94 
 263 4470.46 4683.50 4605.94 
 264 4540.38 4667.08 4605.94 
 265 4517.67 4661.40 4605.94 
 266 4440.28 4486.89 4605.94 
 267 4564.83 4479.74 4605.94 
 268 4539.18 4502.42 4605.94 
 269 4496.19 4542.01 4605.94 
 270 4545.31 4639.48 4605.94 
 271 4467.96 4650.61 4605.94 
 272 4620.37 4677.51 4605.94 
 273 4589.53 4651.45 4620.37 
 274 4539.94 4743.64 4620.37 
 275 4547.34 4703.62 4620.37 
 276 4512.44 4588.36 4620.37 
 277 4579.92 4589.91 4620.37 
 278 4519.55 4590.90 4620.37 
 279 4518.39 4635.18 4620.37 
 280 4537.40 4700.75 4620.37 
 281 4561.31 4685.47 4620.37 
 282 4459.84 4698.83 4620.37 
 283 4485.22 4469.72 4620.37 
 284 4523.87 4596.82 4620.37 
 285 4512.55 4620.11 4620.37 
 286 4471.43 4691.77 4620.37 
 287 4519.22 4590.24 4620.37 
 288 4561.43 4570.07 4620.37 
 289 4550.84 4604.58 4620.37 
 290 4482.48 4610.50 4620.37 
 291 4610.12 4521.35 4620.37 
 292 4662.88 4714.72 4620.37 
 293 4533.79 4746.46 4662.88 
 294 4601.74 4733.90 4662.88 
 295 4538.26 4430.54 4662.88 
 296 4619.83 4723.78 4662.88 
 297 4640.95 4581.06 4662.88 
 298 4435.26 4736.07 4662.88 
 299 4413.84 4553.80 4662.88 
