Iter | Sampling Pol | Evaluation Pol | Best (Sampled) 
   0 -6.13 -7.94 -100000000.00 
   1 -6.02 -7.57 -6.13 
   2 -6.00 -6.35 -6.02 
   3 -5.68 -5.87 -6.00 
   4 -5.37 -5.52 -5.68 
   5 -4.92 -5.58 -5.37 
   6 -4.94 -5.13 -4.92 
   7 -4.90 -5.20 -4.92 
   8 -4.36 -4.82 -4.90 
   9 -4.66 -4.51 -4.36 
  10 -4.23 -5.32 -4.36 
  11 -4.09 -4.91 -4.23 
  12 -3.91 -5.20 -4.09 
  13 -3.77 -5.02 -3.91 
  14 -3.65 -4.67 -3.77 
  15 -3.60 -5.14 -3.65 
  16 -4.10 -5.06 -3.60 
  17 -3.53 -5.49 -3.60 
  18 -3.33 -5.13 -3.53 
  19 -3.50 -5.11 -3.33 
  20 -3.55 -3.12 -3.33 
  21 -3.19 -4.59 -3.33 
  22 -2.76 -3.06 -3.19 
  23 -2.79 -4.91 -2.76 
  24 -2.69 -4.68 -2.76 
  25 -2.24 -5.34 -2.69 
  26 -3.34 -4.56 -2.24 
  27 -2.17 -4.32 -2.24 
  28 -2.78 -4.10 -2.17 
  29 -1.48 -5.13 -2.17 
  30 -1.88 -4.68 -1.48 
  31 -3.19 -2.25 -1.48 
  32 -1.64 -4.21 -1.48 
  33 -1.46 -1.42 -1.48 
  34 -1.38 -2.65 -1.46 
  35 -1.95 -2.90 -1.38 
  36 -2.62 -1.81 -1.38 
  37 -2.03 -3.67 -1.38 
  38 -2.67  2.31 -1.38 
  39 -1.38  3.87 -1.38 
  40 -0.93  1.05 -1.38 
  41 -0.86 -4.57 -0.93 
  42 -2.03 -0.01 -0.86 
  43 -1.07  1.15 -0.86 
  44 -0.74 15.16 -0.86 
  45  0.12  1.86 -0.74 
  46 -1.29  0.56  0.12 
  47 -2.53 -0.35  0.12 
  48 -2.09 -1.84  0.12 
  49  0.02 -4.60  0.12 
  50 -1.49 -0.72  0.12 
  51  1.63  0.03  0.12 
  52 -0.54 -3.51  1.63 
  53 -1.08  0.36  1.63 
  54  0.54  4.70  1.63 
  55  0.24 -0.21  1.63 
  56  1.09  3.62  1.63 
  57 -0.42  5.77  1.63 
  58  0.65  1.60  1.63 
  59 -0.45 13.23  1.63 
  60 -0.81  1.46  1.63 
  61  2.19  2.58  1.63 
  62 -0.63 -0.18  2.19 
  63  0.05 -0.39  2.19 
  64  1.95  8.42  2.19 
  65  3.31  2.93  2.19 
  66  2.48  8.10  3.31 
  67  1.92  2.84  3.31 
  68  2.79  6.43  3.31 
  69  1.43  8.20  3.31 
  70  5.65  1.50  3.31 
  71  3.80 13.85  5.65 
  72  0.62  2.75  5.65 
  73  1.17  1.13  5.65 
  74  2.36  0.16  5.65 
  75  2.98  8.86  5.65 
  76  1.90  2.17  5.65 
  77  4.41 -4.30  5.65 
  78  2.92 -3.49  5.65 
  79  2.28  8.10  5.65 
  80  3.83  2.78  5.65 
  81  2.54  0.46  5.65 
  82  5.71  2.44  5.65 
  83  4.86 -2.12  5.71 
  84  1.18 -1.16  5.71 
  85  4.67 -1.97  5.71 
  86  9.13  0.78  5.71 
  87  4.32  2.19  9.13 
  88  3.41 -2.89  9.13 
  89  2.70  1.19  9.13 
  90  2.49  3.63  9.13 
  91  6.39 -2.17  9.13 
  92  8.54  0.84  9.13 
  93  6.50 -2.27  9.13 
  94  5.09  0.03  9.13 
  95  4.65  0.36  9.13 
  96  4.76  3.78  9.13 
  97  5.78  5.14  9.13 
  98 10.70 -2.47  9.13 
  99  3.78 -2.93 10.70 
 100  4.74 -2.85 10.70 
 101  5.60 -0.93 10.70 
 102  5.37  2.16 10.70 
 103 10.14  6.00 10.70 
 104  7.36 11.69 10.70 
 105  5.89  2.78 10.70 
 106  5.26  2.05 10.70 
 107 11.08  0.60 10.70 
 108  5.96 -0.37 11.08 
 109 10.67  4.74 11.08 
 110  7.40  2.59 11.08 
 111  8.48  6.56 11.08 
 112  9.15  7.90 11.08 
 113  7.32  3.09 11.08 
 114  4.00  2.66 11.08 
 115  5.90  2.93 11.08 
 116  9.02 11.96 11.08 
 117 11.59  2.30 11.08 
 118  7.94  3.32 11.59 
 119  6.63 -0.02 11.59 
 120  5.22  9.14 11.59 
 121  7.83  8.08 11.59 
 122  8.04  7.49 11.59 
 123  9.40 18.35 11.59 
 124  8.23 10.16 11.59 
 125 10.97  6.79 11.59 
 126 10.64 12.54 11.59 
 127 14.38  8.05 11.59 
 128 15.80 11.31 14.38 
 129 14.72 12.54 15.80 
 130 13.47  5.04 15.80 
 131 12.35  3.77 15.80 
 132 10.33  6.02 15.80 
 133 14.28 19.28 15.80 
 134 14.61  4.82 15.80 
 135 16.10  2.59 15.80 
 136  9.06  5.28 16.10 
 137 12.18  2.41 16.10 
 138 13.80  2.03 16.10 
 139 17.27  4.55 16.10 
 140 13.11  5.64 17.27 
 141 13.52 10.55 17.27 
 142 17.21 35.41 17.27 
 143 12.30 10.35 17.27 
 144 14.52  7.62 17.27 
 145 16.31 17.70 17.27 
 146 15.57 12.85 17.27 
 147 21.65  5.02 17.27 
 148 23.10  1.52 21.65 
 149 20.28 10.02 23.10 
 150 21.48 10.35 23.10 
 151 16.46 19.76 23.10 
 152 19.31 18.11 23.10 
 153 25.60 12.79 23.10 
 154 22.27  7.05 25.60 
 155 20.87  7.55 25.60 
 156 17.16 10.52 25.60 
 157 19.34 36.03 25.60 
 158 15.02 20.79 25.60 
 159 34.26 24.11 25.60 
 160 27.93 75.45 34.26 
 161 24.47 17.44 34.26 
 162 29.76 16.31 34.26 
 163 32.82 20.60 34.26 
 164 28.31 12.59 34.26 
 165 26.97 24.30 34.26 
 166 32.26 15.81 34.26 
 167 23.79 49.08 34.26 
 168 33.96 21.25 34.26 
 169 38.47 23.13 34.26 
 170 33.92 49.34 38.47 
 171 46.72 17.65 38.47 
 172 44.40 25.48 46.72 
 173 30.04 66.19 46.72 
 174 30.83 39.22 46.72 
 175 35.71 18.24 46.72 
 176 42.53 89.01 46.72 
 177 53.66 24.22 46.72 
 178 34.42 18.58 53.66 
 179 42.78 14.03 53.66 
 180 32.63 17.28 53.66 
 181 39.43 31.68 53.66 
 182 40.68 23.89 53.66 
 183 52.64 58.07 53.66 
 184 34.78 48.57 53.66 
 185 43.43 45.61 53.66 
 186 52.71 36.06 53.66 
 187 57.64 27.28 53.66 
 188 67.78 66.03 57.64 
 189 64.95 47.83 67.78 
 190 52.47 30.08 67.78 
 191 53.36 29.05 67.78 
 192 63.75 71.70 67.78 
 193 80.99 42.86 67.78 
 194 55.96 67.82 80.99 
 195 71.32 34.46 80.99 
 196 79.67 41.70 80.99 
 197 69.93 40.18 80.99 
 198 73.29 25.16 80.99 
 199 51.99 87.25 80.99 
 200 66.12 50.85 80.99 
 201 53.04 46.97 80.99 
 202 61.38 65.75 80.99 
 203 69.85 44.32 80.99 
 204 63.27 15.49 80.99 
 205 71.64 14.59 80.99 
 206 79.71 19.67 80.99 
 207 66.63 18.36 80.99 
 208 70.88 36.26 80.99 
 209 78.92 28.00 80.99 
 210 69.59 30.20 80.99 
 211 92.97 16.60 80.99 
 212 94.08 36.89 92.97 
 213 112.75 28.54 94.08 
 214 79.53 29.77 112.75 
 215 90.31 39.79 112.75 
 216 81.28 122.50 112.75 
 217 77.48 33.12 112.75 
 218 110.50 132.83 112.75 
 219 102.37 84.96 112.75 
 220 108.49 69.58 112.75 
 221 85.23 76.41 112.75 
 222 101.18 46.78 112.75 
 223 84.12 36.40 112.75 
 224 81.13 39.59 112.75 
 225 100.26 62.12 112.75 
 226 93.64 20.90 112.75 
 227 110.10 133.80 112.75 
 228 98.32 17.09 112.75 
 229 92.76 14.66 112.75 
 230 113.44 71.37 112.75 
 231 109.91 26.75 113.44 
 232 128.82 33.70 113.44 
 233 111.54 29.17 128.82 
 234 121.38 30.63 128.82 
 235 131.29 37.30 128.82 
 236 108.43 39.35 131.29 
 237 159.19 34.05 131.29 
 238 135.09 40.64 159.19 
 239 110.45 60.52 159.19 
 240 128.87 28.48 159.19 
 241 131.61 41.12 159.19 
 242 127.46 55.82 159.19 
 243 148.55 31.41 159.19 
 244 150.84 24.98 159.19 
 245 139.60 40.32 159.19 
 246 137.21 57.43 159.19 
 247 123.72 65.94 159.19 
 248 155.82 29.37 159.19 
 249 147.29 48.98 159.19 
 250 122.26 40.14 159.19 
 251 191.18 30.30 159.19 
 252 162.53 16.20 191.18 
 253 181.95 32.76 191.18 
 254 168.01 120.73 191.18 
 255 164.35 131.60 191.18 
 256 184.75 91.92 191.18 
 257 166.06 65.64 191.18 
 258 209.52 77.59 191.18 
 259 183.32 47.30 209.52 
 260 213.16 41.35 209.52 
 261 176.99 48.03 213.16 
 262 190.73 42.03 213.16 
 263 225.83 55.17 213.16 
 264 243.49 43.17 225.83 
 265 219.70 52.25 243.49 
 266 158.40 85.90 243.49 
 267 251.75 93.01 243.49 
 268 248.85 144.15 251.75 
 269 197.20 121.82 251.75 
 270 228.61 50.92 251.75 
 271 203.93 97.93 251.75 
 272 210.67 86.87 251.75 
 273 219.63 129.64 251.75 
 274 252.81 138.34 251.75 
 275 284.11 142.26 252.81 
 276 279.35 175.73 284.11 
 277 253.75 124.96 284.11 
 278 260.61 156.81 284.11 
 279 312.68 195.12 284.11 
 280 229.24 145.16 312.68 
 281 325.45 230.67 312.68 
 282 309.16 206.64 325.45 
 283 337.57 147.91 325.45 
 284 278.01 139.70 337.57 
 285 330.59 157.68 337.57 
 286 323.48 151.48 337.57 
 287 373.14 157.28 337.57 
 288 446.29 255.20 373.14 
 289 352.81 192.54 446.29 
 290 438.71 247.21 446.29 
 291 392.27 184.86 446.29 
 292 452.46 183.95 446.29 
 293 476.16 195.93 452.46 
 294 471.95 195.25 476.16 
 295 449.97 291.73 476.16 
 296 432.58 262.73 476.16 
 297 506.59 289.39 476.16 
 298 534.00 368.22 506.59 
 299 544.26 207.96 534.00 
