Iter | Sampling Pol | Evaluation Pol | Best (Sampled) 
   0 -6.62 -4.36 -100000000.00 
   1 -5.94 -4.35 -6.62 
   2 -5.59 -4.06 -5.94 
   3 -5.53 -1.80 -5.59 
   4 -5.07 -0.14 -5.53 
   5 -4.65 -2.84 -5.07 
   6 -4.72 -3.24 -4.65 
   7 -4.64 -3.09 -4.65 
   8 -4.42 -2.73 -4.64 
   9 -3.95 -0.99 -4.42 
  10 -4.72 -2.53 -3.95 
  11 -4.01 -2.81 -3.95 
  12 -3.38 -2.49 -3.95 
  13 -3.85 -3.40 -3.38 
  14 -3.39 -3.45 -3.38 
  15 -2.26 -5.06 -3.38 
  16 -2.36 -3.63 -2.26 
  17 -2.86 -4.11 -2.26 
  18 -2.92 -2.77 -2.26 
  19 -3.72 -3.18 -2.26 
  20 -2.31 -3.47 -2.26 
  21 -2.27 -2.57 -2.26 
  22 -1.83 -2.35 -2.26 
  23 -2.33 -0.39 -1.83 
  24 -3.07 -3.06 -1.83 
  25 -1.53 -0.30 -1.83 
  26 -1.14  4.63 -1.53 
  27 -1.12 -0.81 -1.14 
  28 -1.65 -0.93 -1.12 
  29 -1.29 -1.97 -1.12 
  30  0.63  1.44 -1.12 
  31 -0.76 -2.18  0.63 
  32 -0.43  0.11  0.63 
  33 -0.60 -2.25  0.63 
  34  0.08  8.27  0.63 
  35  0.13  0.31  0.63 
  36  3.06  1.54  0.63 
  37  4.23  3.61  3.06 
  38  1.57  0.79  4.23 
  39  4.59  2.45  4.23 
  40  2.54 -1.93  4.59 
  41  3.01 -0.41  4.59 
  42  4.95 -2.40  4.59 
  43  1.38 -0.59  4.95 
  44  3.29 -1.87  4.95 
  45  3.11  3.61  4.95 
  46  5.86 -2.01  4.95 
  47  6.41  0.72  5.86 
  48  2.75 -0.85  6.41 
  49  8.94 -1.42  6.41 
  50  8.74 -2.55  8.94 
  51  7.83  0.85  8.94 
  52 10.06  3.56  8.94 
  53 11.44  2.80 10.06 
  54 11.68  1.18 11.44 
  55 11.05  0.55 11.68 
  56  6.77 -2.33 11.68 
  57  9.60  4.48 11.68 
  58 15.30  8.88 11.68 
  59 11.69 -0.07 15.30 
  60  9.78  5.56 15.30 
  61 12.69  3.28 15.30 
  62 12.09 15.51 15.30 
  63 20.12  2.85 15.30 
  64 16.04 45.39 20.12 
  65 18.07 30.17 20.12 
  66 20.10 22.22 20.12 
  67 31.00 41.74 20.12 
  68 25.60 54.75 31.00 
  69 19.85 15.77 31.00 
  70 23.30 20.82 31.00 
  71 20.80  2.64 31.00 
  72 26.72  0.51 31.00 
  73 39.16 13.39 31.00 
  74 31.92 19.38 39.16 
  75 32.34  0.57 39.16 
  76 42.50  9.10 39.16 
  77 34.51  9.71 42.50 
  78 39.53 33.36 42.50 
  79 32.62 16.62 42.50 
  80 34.21 44.33 42.50 
  81 52.40 22.21 42.50 
  82 33.04 32.01 52.40 
  83 45.52 14.00 52.40 
  84 44.74 38.31 52.40 
  85 47.86 38.54 52.40 
  86 49.31 59.48 52.40 
  87 41.01 75.79 52.40 
  88 54.99 69.88 52.40 
  89 63.48 154.93 54.99 
  90 66.99 64.91 63.48 
  91 60.16 60.43 66.99 
  92 71.35 158.86 66.99 
  93 77.14 125.91 71.35 
  94 70.50 155.89 77.14 
  95 95.48 136.78 77.14 
  96 71.88 152.23 95.48 
  97 76.29 206.40 95.48 
  98 109.43 219.06 95.48 
  99 96.31 149.74 109.43 
 100 108.19 131.40 109.43 
 101 94.26 185.07 109.43 
 102 107.65 147.00 109.43 
 103 107.99 177.22 109.43 
 104 89.18 187.98 109.43 
 105 113.07 142.34 109.43 
 106 131.10 129.07 113.07 
 107 92.37 112.73 131.10 
 108 94.08 201.97 131.10 
 109 122.97 221.86 131.10 
 110 125.11 223.38 131.10 
 111 144.68 211.37 131.10 
 112 155.00 227.70 144.68 
 113 152.89 107.83 155.00 
 114 161.40 261.27 155.00 
 115 135.39 331.70 161.40 
 116 142.41 225.90 161.40 
 117 165.06 81.28 161.40 
 118 177.35 82.60 165.06 
 119 143.32 239.21 177.35 
 120 206.26 153.38 177.35 
 121 241.07 129.23 206.26 
 122 172.26 251.09 241.07 
 123 226.70 212.30 241.07 
 124 189.77 74.52 241.07 
 125 181.53 483.25 241.07 
 126 149.17 295.44 241.07 
 127 222.99 391.74 241.07 
 128 191.70 164.53 241.07 
 129 216.41 254.27 241.07 
 130 226.40 225.36 241.07 
 131 221.78 282.89 241.07 
 132 192.98 209.47 241.07 
 133 240.78 234.17 241.07 
 134 264.83 247.04 241.07 
 135 242.16 352.00 264.83 
 136 233.77 290.61 264.83 
 137 351.91 449.82 264.83 
 138 302.93 215.46 351.91 
 139 219.76 352.43 351.91 
 140 221.41 453.28 351.91 
 141 243.48 384.94 351.91 
 142 220.42 355.80 351.91 
 143 271.75 384.56 351.91 
 144 311.14 427.42 351.91 
 145 250.19 465.78 351.91 
 146 332.20 700.73 351.91 
 147 356.50 631.27 351.91 
 148 289.56 525.40 356.50 
 149 293.11 563.69 356.50 
 150 315.39 455.98 356.50 
 151 340.80 331.91 356.50 
 152 317.44 540.26 356.50 
 153 295.43 512.36 356.50 
 154 409.65 501.08 356.50 
 155 309.54 342.42 409.65 
 156 409.53 575.88 409.65 
 157 408.53 488.23 409.65 
 158 390.34 400.90 409.65 
 159 434.02 562.17 409.65 
 160 449.02 623.90 434.02 
 161 414.54 731.20 449.02 
 162 456.60 712.09 449.02 
 163 498.00 586.67 456.60 
 164 509.04 404.48 498.00 
 165 514.16 631.06 509.04 
 166 510.04 665.24 514.16 
 167 378.54 632.40 514.16 
 168 506.64 742.75 514.16 
 169 566.87 687.82 514.16 
 170 516.50 478.82 566.87 
 171 468.99 807.08 566.87 
 172 549.28 593.92 566.87 
 173 567.05 433.82 566.87 
 174 624.48 453.72 567.05 
 175 535.42 685.00 624.48 
 176 583.19 937.15 624.48 
 177 581.78 770.85 624.48 
 178 578.41 555.58 624.48 
 179 586.49 777.26 624.48 
 180 598.42 804.34 624.48 
 181 592.21 632.53 624.48 
 182 573.18 635.22 624.48 
 183 587.09 393.15 624.48 
 184 634.69 981.09 624.48 
 185 468.88 511.09 634.69 
 186 664.81 693.44 634.69 
 187 612.75 463.60 664.81 
 188 681.44 539.99 664.81 
 189 680.64 565.67 681.44 
 190 724.37 645.05 681.44 
 191 562.40 290.98 724.37 
 192 626.07 388.89 724.37 
 193 709.26 440.42 724.37 
 194 770.58 744.76 724.37 
 195 752.44 385.29 770.58 
 196 779.85 572.92 770.58 
 197 650.23 604.47 779.85 
 198 708.54 622.29 779.85 
 199 726.10 681.63 779.85 
 200 899.51 843.94 779.85 
 201 872.46 1076.59 899.51 
 202 735.23 1128.71 899.51 
 203 905.02 803.02 899.51 
 204 863.57 1002.97 905.02 
 205 903.87 596.67 905.02 
 206 932.55 692.77 905.02 
 207 868.98 784.04 932.55 
 208 818.20 832.71 932.55 
 209 976.90 804.70 932.55 
 210 969.73 775.49 976.90 
 211 1023.29 680.00 976.90 
 212 994.48 938.18 1023.29 
 213 1166.15 1024.10 1023.29 
 214 953.10 1028.48 1166.15 
 215 996.06 1084.25 1166.15 
 216 979.98 913.40 1166.15 
 217 1067.26 1225.44 1166.15 
 218 1189.53 1095.21 1166.15 
 219 1005.44 1022.87 1189.53 
 220 1128.95 1206.32 1189.53 
 221 1285.23 1106.77 1189.53 
 222 1122.90 895.79 1285.23 
 223 1031.45 850.98 1285.23 
 224 1000.34 733.98 1285.23 
 225 1131.73 1038.10 1285.23 
 226 1106.57 1112.84 1285.23 
 227 1059.95 1356.97 1285.23 
 228 1153.56 1009.02 1285.23 
 229 1090.12 1070.03 1285.23 
 230 1296.61 1155.22 1285.23 
 231 1337.55 1629.45 1296.61 
 232 1144.05 946.59 1337.55 
 233 1265.08 1340.10 1337.55 
 234 1203.62 1562.38 1337.55 
 235 1474.05 1491.89 1337.55 
 236 1168.84 1129.62 1474.05 
 237 1378.89 1287.19 1474.05 
 238 1427.82 1181.58 1474.05 
 239 1406.27 1483.83 1474.05 
 240 1188.81 913.48 1474.05 
 241 1247.11 1306.18 1474.05 
 242 1475.61 1081.04 1474.05 
 243 1428.60 986.98 1475.61 
 244 1362.57 1091.39 1475.61 
 245 1458.88 1343.75 1475.61 
 246 1595.76 1510.02 1475.61 
 247 1462.50 1291.30 1595.76 
 248 1635.39 1861.22 1595.76 
 249 1517.32 1554.79 1635.39 
 250 1544.46 1479.37 1635.39 
 251 1554.61 1523.05 1635.39 
 252 1459.35 1614.43 1635.39 
 253 1579.11 1549.74 1635.39 
 254 1661.66 1335.07 1635.39 
 255 1671.93 1672.58 1661.66 
 256 1646.30 1425.22 1671.93 
 257 1611.45 1658.98 1671.93 
 258 1742.13 1675.43 1671.93 
 259 1682.42 1776.77 1742.13 
 260 1710.94 1898.90 1742.13 
 261 1644.96 1943.49 1742.13 
 262 1880.77 1623.27 1742.13 
 263 1718.71 1688.61 1880.77 
 264 1843.16 2116.79 1880.77 
 265 1743.07 2039.83 1880.77 
 266 1624.42 1873.68 1880.77 
 267 1908.75 1939.04 1880.77 
 268 1971.81 1792.30 1908.75 
 269 1859.39 1811.67 1971.81 
 270 1836.88 1919.44 1971.81 
 271 1868.80 1741.05 1971.81 
 272 1981.44 2008.27 1971.81 
 273 1829.94 1745.93 1981.44 
 274 1909.69 1897.30 1981.44 
 275 1866.81 2373.87 1981.44 
 276 1916.14 2191.27 1981.44 
 277 1846.52 2225.55 1981.44 
 278 1984.90 2299.86 1981.44 
 279 1890.13 2062.86 1984.90 
 280 1783.52 2185.43 1984.90 
 281 1871.02 2174.61 1984.90 
 282 1905.56 1769.75 1984.90 
 283 1867.04 2507.42 1984.90 
 284 2024.91 2495.41 1984.90 
 285 1942.94 2371.15 2024.91 
 286 1918.78 2308.66 2024.91 
 287 2004.59 2358.38 2024.91 
 288 2021.76 2343.26 2024.91 
 289 1908.71 2292.34 2024.91 
 290 1960.34 2269.13 2024.91 
 291 2007.79 2689.97 2024.91 
 292 2011.94 2781.62 2024.91 
 293 1950.98 2672.04 2024.91 
 294 2065.04 2811.59 2024.91 
 295 2204.70 2788.01 2065.04 
 296 1991.18 3098.05 2204.70 
 297 2275.96 3056.42 2204.70 
 298 2056.22 2895.20 2275.96 
 299 1990.66 2814.43 2275.96 
