Iter | Sampling Pol | Evaluation Pol | Best (Sampled) 
   0 -5.93 -5.40 -100000000.00 
   1 -5.27 -4.89 -5.93 
   2 -4.61 -1.23 -5.27 
   3 -2.62 -3.38 -4.61 
   4 -4.02 -2.95 -2.62 
   5 -3.73 -3.53 -2.62 
   6 -3.38 -0.94 -2.62 
   7 -2.93 -2.64 -2.62 
   8 -2.64 -3.77 -2.62 
   9 -2.89 -1.23 -2.62 
  10 -2.65  0.16 -2.62 
  11 -2.68  3.18 -2.62 
  12 -2.05  1.35 -2.62 
  13 -2.23 -0.42 -2.05 
  14 -0.53  0.64 -2.05 
  15 -1.35  3.44 -0.53 
  16 -1.06 -1.00 -0.53 
  17 -2.07  0.49 -0.53 
  18 -0.87  2.07 -0.53 
  19 -1.07  1.29 -0.53 
  20 -0.62  0.22 -0.53 
  21 -1.58  5.25 -0.53 
  22  0.03  0.96 -0.53 
  23  0.16  4.01  0.03 
  24  0.54 13.34  0.16 
  25 -0.69  4.52  0.54 
  26 -0.49 10.79  0.54 
  27  0.62 15.31  0.54 
  28  0.43  3.14  0.62 
  29  2.07  2.14  0.62 
  30  1.49 -2.85  2.07 
  31  4.17  3.45  2.07 
  32  1.89  7.17  4.17 
  33  1.83 12.58  4.17 
  34  3.36 12.77  4.17 
  35  3.80 12.36  4.17 
  36  5.69 10.81  4.17 
  37  4.39  9.09  5.69 
  38  4.80 11.49  5.69 
  39  4.12 11.23  5.69 
  40  4.38  8.36  5.69 
  41  7.53  9.75  5.69 
  42 10.04 17.26  7.53 
  43  9.23 -0.30 10.04 
  44 16.63 11.73 10.04 
  45 11.41 10.62 16.63 
  46 13.82 30.84 16.63 
  47  8.41 19.78 16.63 
  48 19.15 33.56 16.63 
  49 28.29 25.03 19.15 
  50 16.93 34.72 28.29 
  51 21.49 92.53 28.29 
  52 28.75 107.94 28.29 
  53 26.68 131.69 28.75 
  54 24.40 61.39 28.75 
  55 38.72 81.60 28.75 
  56 30.65 94.06 38.72 
  57 32.34 112.96 38.72 
  58 39.10 136.53 38.72 
  59 26.37 109.15 39.10 
  60 41.99 78.71 39.10 
  61 46.29 102.66 41.99 
  62 43.80 51.08 46.29 
  63 41.60 69.31 46.29 
  64 43.74 31.92 46.29 
  65 46.81 99.76 46.29 
  66 51.47 48.27 46.81 
  67 72.09 31.84 51.47 
  68 65.60 59.75 72.09 
  69 53.19 72.88 72.09 
  70 94.88 59.32 72.09 
  71 82.75 41.23 94.88 
  72 90.50 37.06 94.88 
  73 81.92 36.09 94.88 
  74 87.08 97.63 94.88 
  75 97.17 28.06 94.88 
  76 88.18 31.94 97.17 
  77 104.67 127.46 97.17 
  78 95.16 60.14 104.67 
  79 116.37 86.36 104.67 
  80 93.20 147.70 116.37 
  81 72.12 181.14 116.37 
  82 112.43 101.03 116.37 
  83 102.34 128.92 116.37 
  84 125.71 94.54 116.37 
  85 136.83 168.27 125.71 
  86 100.58 127.76 136.83 
  87 132.30 188.48 136.83 
  88 128.61 187.76 136.83 
  89 159.59 161.79 136.83 
  90 153.98 146.54 159.59 
  91 174.35 154.08 159.59 
  92 172.25 159.87 174.35 
  93 145.08 156.21 174.35 
  94 144.09 147.97 174.35 
  95 187.14 126.34 174.35 
  96 197.27 179.84 187.14 
  97 195.92 120.56 197.27 
  98 162.95 118.28 197.27 
  99 200.49 140.76 197.27 
 100 244.29 159.31 200.49 
 101 191.06 142.01 244.29 
 102 207.85 191.04 244.29 
 103 216.02 214.62 244.29 
 104 256.77 180.71 244.29 
 105 212.55 155.26 256.77 
 106 253.72 151.55 256.77 
 107 220.25 183.97 256.77 
 108 232.83 280.40 256.77 
 109 335.50 231.79 256.77 
 110 256.33 246.89 335.50 
 111 309.29 180.77 335.50 
 112 324.02 208.81 335.50 
 113 318.93 254.31 335.50 
 114 313.82 250.79 335.50 
 115 310.17 329.03 335.50 
 116 267.10 304.26 335.50 
 117 330.15 279.13 335.50 
 118 417.58 245.35 335.50 
 119 469.13 335.28 417.58 
 120 415.16 362.06 469.13 
 121 434.32 180.57 469.13 
 122 411.10 272.91 469.13 
 123 514.73 284.16 469.13 
 124 482.59 475.90 514.73 
 125 507.79 350.91 514.73 
 126 513.36 437.03 514.73 
 127 524.32 485.65 514.73 
 128 502.13 391.82 524.32 
 129 560.12 430.71 524.32 
 130 617.13 513.94 560.12 
 131 549.76 434.71 617.13 
 132 589.96 304.97 617.13 
 133 642.23 454.18 617.13 
 134 662.31 378.94 642.23 
 135 735.76 265.38 662.31 
 136 583.09 324.87 735.76 
 137 867.78 382.73 735.76 
 138 710.76 279.68 867.78 
 139 912.25 316.44 867.78 
 140 686.99 418.52 912.25 
 141 879.56 480.96 912.25 
 142 770.42 590.25 912.25 
 143 769.16 579.00 912.25 
 144 890.78 544.17 912.25 
 145 809.20 440.86 912.25 
 146 985.05 519.27 912.25 
 147 1007.45 662.28 985.05 
 148 954.36 427.74 1007.45 
 149 913.64 442.11 1007.45 
 150 932.67 250.73 1007.45 
 151 947.40 418.76 1007.45 
 152 1045.30 462.27 1007.45 
 153 1051.77 405.81 1045.30 
 154 1208.58 467.74 1051.77 
 155 1051.22 410.83 1208.58 
 156 1098.96 558.69 1208.58 
 157 1117.57 686.91 1208.58 
 158 1146.84 663.50 1208.58 
 159 1129.67 627.67 1208.58 
 160 1325.95 386.90 1208.58 
 161 1200.76 535.89 1325.95 
 162 1255.02 423.17 1325.95 
 163 1210.60 505.00 1325.95 
 164 1112.81 602.85 1325.95 
 165 1294.38 501.18 1325.95 
 166 1338.97 547.31 1325.95 
 167 1262.00 559.74 1338.97 
 168 1456.95 736.10 1338.97 
 169 1196.34 678.28 1456.95 
 170 1338.58 817.31 1456.95 
 171 1311.55 591.36 1456.95 
 172 1524.87 725.38 1456.95 
 173 1379.66 914.16 1524.87 
 174 1588.96 700.38 1524.87 
 175 1493.90 600.29 1588.96 
 176 1494.59 814.02 1588.96 
 177 1576.46 721.78 1588.96 
 178 1660.15 664.06 1588.96 
 179 1539.04 807.32 1660.15 
 180 1566.01 763.26 1660.15 
 181 1756.42 763.72 1660.15 
 182 1563.25 927.75 1756.42 
 183 1711.33 1036.72 1756.42 
 184 1665.10 653.06 1756.42 
 185 1655.10 759.75 1756.42 
 186 1620.76 878.51 1756.42 
 187 1801.94 655.30 1756.42 
 188 1700.16 808.22 1801.94 
 189 1719.62 915.87 1801.94 
 190 1817.83 938.74 1801.94 
 191 1848.09 796.95 1817.83 
 192 1759.82 959.68 1848.09 
 193 1707.93 868.70 1848.09 
 194 1779.60 728.51 1848.09 
 195 1789.71 848.48 1848.09 
 196 1804.54 825.06 1848.09 
 197 1574.67 845.49 1848.09 
 198 1737.87 760.84 1848.09 
 199 1750.85 881.59 1848.09 
 200 1842.25 920.67 1848.09 
 201 1898.78 993.09 1848.09 
 202 1769.39 771.56 1898.78 
 203 1891.51 777.99 1898.78 
 204 1993.55 1048.40 1898.78 
 205 1892.38 1029.77 1993.55 
 206 2072.37 1127.22 1993.55 
 207 2070.73 1158.28 2072.37 
 208 1926.79 998.08 2072.37 
 209 2013.15 1112.55 2072.37 
 210 2060.73 1224.31 2072.37 
 211 2126.07 1552.35 2072.37 
 212 2111.87 1237.15 2126.07 
 213 2286.10 1038.96 2126.07 
 214 2094.12 791.78 2286.10 
 215 2204.29 986.39 2286.10 
 216 2182.72 1176.66 2286.10 
 217 2157.58 1207.27 2286.10 
 218 2226.19 1040.44 2286.10 
 219 2258.71 1067.67 2286.10 
 220 2211.07 932.18 2286.10 
 221 2313.38 1004.72 2286.10 
 222 2392.33 1111.77 2313.38 
 223 2226.42 1334.40 2392.33 
 224 2098.75 934.96 2392.33 
 225 2319.25 839.64 2392.33 
 226 2252.99 1232.43 2392.33 
 227 2209.85 1479.19 2392.33 
 228 2244.12 1471.13 2392.33 
 229 2264.03 1081.68 2392.33 
 230 2336.52 1168.50 2392.33 
 231 2295.74 1124.75 2392.33 
 232 2231.57 1344.30 2392.33 
 233 2322.71 997.71 2392.33 
 234 2210.71 1287.56 2392.33 
 235 2309.10 1160.85 2392.33 
 236 2447.40 1231.47 2392.33 
 237 2567.39 1183.32 2447.40 
 238 2398.04 1012.13 2567.39 
 239 2493.89 1075.22 2567.39 
 240 2451.52 1362.84 2567.39 
 241 2389.71 1276.20 2567.39 
 242 2648.21 1268.45 2567.39 
 243 2712.92 1500.48 2648.21 
 244 2585.82 1770.76 2712.92 
 245 2403.73 1580.01 2712.92 
 246 2550.16 1517.20 2712.92 
 247 2672.85 1657.38 2712.92 
 248 2703.59 1653.76 2712.92 
 249 2511.21 1638.69 2712.92 
 250 2479.70 1695.07 2712.92 
 251 2560.55 1615.98 2712.92 
 252 2413.15 1709.92 2712.92 
 253 2620.72 1610.57 2712.92 
 254 2608.85 1559.22 2712.92 
 255 2561.70 1776.69 2712.92 
 256 2447.27 2012.72 2712.92 
 257 2513.84 1686.89 2712.92 
 258 2593.11 1743.32 2712.92 
 259 2658.32 1613.94 2712.92 
 260 2550.91 1385.87 2712.92 
 261 2421.43 1402.78 2712.92 
 262 2733.77 1307.54 2712.92 
 263 2606.53 1467.58 2733.77 
 264 2764.10 1494.21 2733.77 
 265 2626.71 1535.77 2764.10 
 266 2563.07 1291.18 2764.10 
 267 2606.10 1384.62 2764.10 
 268 2665.39 1408.00 2764.10 
 269 2588.14 1565.79 2764.10 
 270 2590.10 1939.61 2764.10 
 271 2759.03 1683.34 2764.10 
 272 2679.31 1538.22 2764.10 
 273 2778.11 1439.82 2764.10 
 274 2724.32 1416.40 2778.11 
 275 2619.56 1783.54 2778.11 
 276 2850.88 1845.95 2778.11 
 277 2807.68 1656.43 2850.88 
 278 2869.26 1392.04 2850.88 
 279 2694.89 1494.86 2869.26 
 280 2782.80 1853.82 2869.26 
 281 2795.19 2086.86 2869.26 
 282 2573.67 1411.27 2869.26 
 283 2560.14 1463.87 2869.26 
 284 2603.28 1515.97 2869.26 
 285 2811.72 1714.06 2869.26 
 286 2704.06 1686.57 2869.26 
 287 2936.92 1471.77 2869.26 
 288 2789.47 1918.42 2936.92 
 289 2785.34 1633.39 2936.92 
 290 2903.70 1784.35 2936.92 
 291 2860.50 1614.61 2936.92 
 292 2933.02 1594.56 2936.92 
 293 2834.86 1618.13 2936.92 
 294 2905.14 1047.06 2936.92 
 295 2847.03 1394.57 2936.92 
 296 2951.97 1496.04 2936.92 
 297 2969.76 1356.17 2951.97 
 298 2854.17 1554.86 2969.76 
 299 2762.23 1549.58 2969.76 
