Iter | Sampling Pol | Evaluation Pol | Best (Sampled) 
   0 -6.66 -6.71 -100000000.00 
   1 -6.06 -6.06 -6.66 
   2 -5.95 -4.94 -6.06 
   3 -5.42 -4.61 -5.95 
   4 -4.91 -3.75 -5.42 
   5 -4.54 -3.53 -4.91 
   6 -4.27 -3.45 -4.54 
   7 -4.03 -3.62 -4.27 
   8 -3.33 -3.13 -4.03 
   9 -3.79 -3.14 -3.33 
  10 -3.57  1.56 -3.33 
  11 -3.75 -0.35 -3.33 
  12 -3.02 -2.47 -3.33 
  13 -3.52 -1.94 -3.02 
  14 -3.20 -2.17 -3.02 
  15 -3.20  0.02 -3.02 
  16 -3.45 -3.42 -3.02 
  17 -3.37 -3.91 -3.02 
  18 -3.26 -3.76 -3.02 
  19 -2.80 -4.00 -3.02 
  20 -2.07 -3.80 -2.80 
  21 -2.58 -3.75 -2.07 
  22 -2.07 -3.51 -2.07 
  23 -2.52 -3.70 -2.07 
  24 -2.14 -3.69 -2.07 
  25 -2.33 -3.71 -2.07 
  26 -1.63 -3.81 -2.07 
  27 -1.63 -3.88 -1.63 
  28 -1.63 -3.69 -1.63 
  29 -1.62 -3.88 -1.63 
  30 -1.33 -3.97 -1.62 
  31 -2.00 -3.77 -1.33 
  32 -1.26 -3.96 -1.33 
  33 -2.37 -3.87 -1.26 
  34 -0.75 -4.01 -1.26 
  35 -1.03 -3.71 -0.75 
  36 -0.61 -3.84 -0.75 
  37 -0.34 -3.71 -0.61 
  38 -0.22 -3.47 -0.34 
  39  0.76 -3.54 -0.22 
  40  0.38 -3.52  0.76 
  41  1.63 -3.46  0.76 
  42  1.36 -2.86  1.63 
  43  1.13 -3.04  1.63 
  44  2.93 -2.17  1.63 
  45  2.25 -2.07  2.93 
  46  1.44 -3.05  2.93 
  47  1.43 -2.34  2.93 
  48  2.61 -3.29  2.93 
  49  4.59 -2.78  2.93 
  50  4.15 -2.06  4.59 
  51  6.01 -1.86  4.59 
  52  5.83 -2.04  6.01 
  53  6.00 -2.24  6.01 
  54 10.73 -1.18  6.01 
  55  4.44  5.13 10.73 
  56  3.74  2.22 10.73 
  57  7.98  3.72 10.73 
  58  9.71  9.21 10.73 
  59  5.58  3.25 10.73 
  60  6.28 10.04 10.73 
  61  8.22  9.80 10.73 
  62  6.64 18.79 10.73 
  63  8.88  6.46 10.73 
  64 10.49 25.59 10.73 
  65  7.70 16.95 10.73 
  66 11.74  2.48 10.73 
  67 12.62  5.29 11.74 
  68 17.69 14.90 12.62 
  69 11.70  0.57 17.69 
  70 14.05  1.43 17.69 
  71 12.77  0.04 17.69 
  72 13.17  0.80 17.69 
  73 10.80  2.23 17.69 
  74 14.75  4.26 17.69 
  75 13.27  4.33 17.69 
  76 11.58 27.84 17.69 
  77 20.29 25.76 17.69 
  78 22.70 16.46 20.29 
  79 15.89  9.04 22.70 
  80 16.59 20.03 22.70 
  81 20.18  9.61 22.70 
  82 17.40 10.45 22.70 
  83 15.15 23.00 22.70 
  84 16.80 31.14 22.70 
  85 14.15 14.94 22.70 
  86 18.73  4.33 22.70 
  87 16.28 -1.43 22.70 
  88 22.72 12.87 22.70 
  89 18.93 13.04 22.72 
  90 21.89 15.31 22.72 
  91 15.83 13.84 22.72 
  92 16.43 26.86 22.72 
  93 22.94 13.87 22.72 
  94 30.82 12.96 22.94 
  95 18.63 20.99 30.82 
  96 20.72 46.05 30.82 
  97 23.95 20.79 30.82 
  98 24.10 27.34 30.82 
  99 30.55 34.30 30.82 
 100 32.81 19.77 30.82 
 101 30.72 29.37 32.81 
 102 29.44 42.84 32.81 
 103 31.90 23.96 32.81 
 104 32.59 43.77 32.81 
 105 30.95 29.98 32.81 
 106 42.77 26.02 32.81 
 107 42.64 30.00 42.77 
 108 37.32 44.16 42.77 
 109 37.49 32.59 42.77 
 110 34.15 25.10 42.77 
 111 40.81 45.51 42.77 
 112 54.89 30.60 42.77 
 113 28.52 84.57 54.89 
 114 28.41 54.40 54.89 
 115 51.77 40.59 54.89 
 116 46.83 122.32 54.89 
 117 32.92 43.69 54.89 
 118 32.82 26.24 54.89 
 119 33.74 23.22 54.89 
 120 31.68 36.47 54.89 
 121 63.08 32.74 54.89 
 122 33.68 67.07 63.08 
 123 34.46 51.81 63.08 
 124 51.56 16.87 63.08 
 125 44.27 116.48 63.08 
 126 42.36 61.27 63.08 
 127 61.50 54.64 63.08 
 128 45.74 76.25 63.08 
 129 47.62 65.19 63.08 
 130 70.22 20.47 63.08 
 131 63.88 70.54 70.22 
 132 47.12 70.94 70.22 
 133 61.42 33.16 70.22 
 134 52.31 130.78 70.22 
 135 47.26 118.33 70.22 
 136 39.04 91.25 70.22 
 137 65.31 125.48 70.22 
 138 47.41 70.87 70.22 
 139 54.64 33.12 70.22 
 140 36.82 33.68 70.22 
 141 58.72 46.83 70.22 
 142 46.25 41.26 70.22 
 143 59.23 54.34 70.22 
 144 42.83 169.89 70.22 
 145 43.45 196.98 70.22 
 146 68.91 148.40 70.22 
 147 76.01 78.59 70.22 
 148 44.25 147.94 76.01 
 149 51.99 68.38 76.01 
 150 64.10 59.13 76.01 
 151 70.75 37.99 76.01 
 152 83.48 98.06 76.01 
 153 58.60 54.56 83.48 
 154 81.67 61.09 83.48 
 155 76.84 143.39 83.48 
 156 66.08 115.50 83.48 
 157 93.85 102.52 83.48 
 158 86.19 84.58 93.85 
 159 63.72 102.28 93.85 
 160 87.13 70.28 93.85 
 161 80.23 113.35 93.85 
 162 98.70 142.81 93.85 
 163 88.58 148.35 98.70 
 164 94.34 87.00 98.70 
 165 68.47 126.64 98.70 
 166 68.92 100.07 98.70 
 167 72.94 87.14 98.70 
 168 98.86 136.11 98.70 
 169 79.98 91.90 98.86 
 170 101.01 102.42 98.86 
 171 77.96 164.06 101.01 
 172 120.53 176.77 101.01 
 173 91.24 152.21 120.53 
 174 85.34 148.74 120.53 
 175 106.67 180.96 120.53 
 176 79.17 71.23 120.53 
 177 120.49 80.19 120.53 
 178 79.04 49.64 120.53 
 179 99.75 76.01 120.53 
 180 101.60 117.85 120.53 
 181 89.19 130.05 120.53 
 182 94.25 147.38 120.53 
 183 116.56 119.35 120.53 
 184 116.43 113.52 120.53 
 185 83.44 138.98 120.53 
 186 120.89 124.92 120.53 
 187 102.04 307.66 120.89 
 188 115.19 136.96 120.89 
 189 92.20 104.31 120.89 
 190 105.65 109.70 120.89 
 191 120.36 125.99 120.89 
 192 110.24 111.79 120.89 
 193 92.58 232.19 120.89 
 194 112.59 193.93 120.89 
 195 144.38 214.29 120.89 
 196 100.97 124.68 144.38 
 197 122.10 233.41 144.38 
 198 122.30 142.85 144.38 
 199 86.83 155.92 144.38 
 200 98.75 210.19 144.38 
 201 101.87 174.18 144.38 
 202 99.01 209.10 144.38 
 203 167.10 225.28 144.38 
 204 118.65 238.95 167.10 
 205 132.82 214.30 167.10 
 206 159.04 247.47 167.10 
 207 180.87 203.87 167.10 
 208 117.62 111.53 180.87 
 209 139.10 199.80 180.87 
 210 145.17 216.11 180.87 
 211 180.81 132.28 180.87 
 212 164.99 156.69 180.87 
 213 152.95 149.61 180.87 
 214 125.02 147.76 180.87 
 215 122.27 139.70 180.87 
 216 167.61 218.09 180.87 
 217 149.16 170.15 180.87 
 218 213.45 249.07 180.87 
 219 187.02 204.45 213.45 
 220 194.38 210.76 213.45 
 221 149.89 254.76 213.45 
 222 182.86 217.11 213.45 
 223 231.03 182.69 213.45 
 224 193.60 374.06 231.03 
 225 165.27 242.47 231.03 
 226 167.83 254.39 231.03 
 227 205.84 213.37 231.03 
 228 139.92 348.80 231.03 
 229 288.17 284.93 231.03 
 230 228.20 382.17 288.17 
 231 237.94 317.87 288.17 
 232 230.34 225.83 288.17 
 233 264.12 209.40 288.17 
 234 192.30 207.53 288.17 
 235 283.14 284.61 288.17 
 236 184.45 160.15 288.17 
 237 366.49 333.78 288.17 
 238 211.40 219.71 366.49 
 239 313.40 250.49 366.49 
 240 244.37 179.45 366.49 
 241 216.12 195.03 366.49 
 242 266.46 193.99 366.49 
 243 297.45 212.58 366.49 
 244 275.83 224.04 366.49 
 245 285.04 279.67 366.49 
 246 264.09 230.88 366.49 
 247 342.60 213.92 366.49 
 248 312.82 248.29 366.49 
 249 297.84 228.18 366.49 
 250 310.84 295.27 366.49 
 251 292.62 351.10 366.49 
 252 359.90 476.33 366.49 
 253 428.69 443.74 366.49 
 254 341.90 548.43 428.69 
 255 335.00 569.10 428.69 
 256 359.67 572.29 428.69 
 257 422.89 755.19 428.69 
 258 489.46 651.86 428.69 
 259 506.28 745.57 489.46 
 260 498.01 613.87 506.28 
 261 455.41 719.47 506.28 
 262 417.14 677.95 506.28 
 263 458.02 606.20 506.28 
 264 478.94 715.05 506.28 
 265 394.43 699.74 506.28 
 266 369.70 773.21 506.28 
 267 511.42 689.49 506.28 
 268 480.58 903.70 511.42 
 269 505.54 673.96 511.42 
 270 495.61 759.47 511.42 
 271 524.79 790.84 511.42 
 272 535.35 511.15 524.79 
 273 639.06 608.84 535.35 
 274 598.04 690.68 639.06 
 275 511.04 958.81 639.06 
 276 545.86 772.77 639.06 
 277 457.44 871.41 639.06 
 278 657.06 1016.04 639.06 
 279 728.29 1058.68 657.06 
 280 549.22 1174.88 728.29 
 281 567.69 948.45 728.29 
 282 571.60 1012.98 728.29 
 283 707.35 1118.33 728.29 
 284 694.98 1100.53 728.29 
 285 720.28 998.39 728.29 
 286 742.31 908.87 728.29 
 287 772.69 1012.26 742.31 
 288 742.12 1004.96 772.69 
 289 689.26 1113.68 772.69 
 290 676.51 935.59 772.69 
 291 846.54 890.26 772.69 
 292 737.88 814.87 846.54 
 293 853.02 996.59 846.54 
 294 822.69 912.49 853.02 
 295 747.96 885.57 853.02 
 296 814.22 940.28 853.02 
 297 817.48 952.34 853.02 
 298 680.67 1129.14 853.02 
 299 776.95 1164.69 853.02 
 276 606.61 1157.88 -100000000.00 
 277 608.07 821.39 606.61 
 278 589.33 942.45 608.07 
 279 559.04 672.96 608.07 
 280 652.89 515.66 608.07 
 281 608.65 801.54 652.89 
 282 606.60 1041.61 652.89 
 283 560.64 866.10 652.89 
 284 596.09 811.75 652.89 
 285 581.56 1048.86 652.89 
 286 582.15 915.45 652.89 
 287 668.78 751.38 652.89 
 288 676.61 742.80 668.78 
 289 635.04 744.01 676.61 
 290 625.08 765.24 676.61 
 291 573.93 849.88 676.61 
 292 661.79 810.56 676.61 
 293 683.05 854.36 676.61 
 294 740.42 1031.28 683.05 
 295 616.87 917.80 740.42 
 296 786.49 990.66 740.42 
 297 638.58 1249.97 786.49 
 298 701.35 1079.87 786.49 
 299 745.05 1108.08 786.49 
 300 916.69 1103.17 786.49 
 301 737.29 1068.26 916.69 
 302 708.04 1141.90 916.69 
 303 792.79 1284.96 916.69 
 304 753.87 1424.18 916.69 
 305 816.36 1369.78 916.69 
 306 757.66 1246.63 916.69 
 307 800.65 1119.09 916.69 
 308 824.23 1038.99 916.69 
 309 821.99 1089.24 916.69 
 310 890.81 1074.49 916.69 
 311 909.92 1111.65 916.69 
 312 1064.57 1147.64 916.69 
 313 1013.42 1354.21 1064.57 
 314 886.69 1288.86 1064.57 
 315 849.84 1506.63 1064.57 
 316 1076.14 1305.68 1064.57 
 317 965.51 1430.85 1076.14 
 318 1033.01 1362.01 1076.14 
 319 928.68 1408.55 1076.14 
 320 1009.26 1330.97 1076.14 
 321 940.30 1490.01 1076.14 
 322 1035.07 1331.15 1076.14 
 323 906.21 1405.90 1076.14 
 324 1108.27 1349.00 1076.14 
 325 1104.74 1422.81 1108.27 
 326 1090.72 1587.77 1108.27 
 327 1086.56 1393.06 1108.27 
 328 1326.63 1682.42 1108.27 
 329 1175.81 1658.08 1326.63 
 330 1251.11 1631.79 1326.63 
 331 1212.86 1773.48 1326.63 
 332 1176.72 1985.18 1326.63 
 333 1276.96 1930.02 1326.63 
 334 1344.91 1643.53 1326.63 
 335 1297.27 1798.69 1344.91 
 336 1344.13 1755.90 1344.91 
 337 1346.83 1908.43 1344.91 
 338 1310.40 1895.13 1346.83 
 339 1333.86 1877.55 1346.83 
 340 1345.72 1835.21 1346.83 
 341 1390.16 1643.46 1346.83 
 342 1488.08 1719.48 1390.16 
 343 1342.09 1583.58 1488.08 
 344 1393.16 1739.05 1488.08 
 345 1164.71 1718.52 1488.08 
 346 1343.74 1765.84 1488.08 
 347 1471.32 1697.99 1488.08 
 348 1319.02 1823.99 1488.08 
 349 1381.38 1618.39 1488.08 
 350 1340.88 1686.72 1488.08 
 351 1358.72 1823.47 1488.08 
 352 1397.45 1895.08 1488.08 
 353 1366.41 1749.18 1488.08 
 354 1524.25 1801.68 1488.08 
 355 1420.65 1879.81 1524.25 
 356 1550.57 2016.27 1524.25 
 357 1442.13 2018.41 1550.57 
 358 1452.70 1868.20 1550.57 
 359 1339.07 1862.64 1550.57 
 360 1665.78 1887.91 1550.57 
 361 1507.73 1928.42 1665.78 
 362 1580.14 1876.07 1665.78 
 363 1547.45 2068.92 1665.78 
 364 1597.32 1996.38 1665.78 
 365 1745.76 2099.30 1665.78 
 366 1604.12 1950.52 1745.76 
 367 1642.74 2024.09 1745.76 
 368 1728.32 2163.91 1745.76 
 369 1654.82 2217.61 1745.76 
 370 1660.24 2396.46 1745.76 
 371 1820.53 2163.56 1745.76 
 372 1714.45 2167.95 1820.53 
 373 1874.47 2323.37 1820.53 
 374 1732.63 2049.58 1874.47 
 375 1762.66 1900.68 1874.47 
 376 1935.13 2311.68 1874.47 
 377 1768.32 2475.21 1935.13 
 378 1855.76 2455.61 1935.13 
 379 1832.99 2456.15 1935.13 
 380 1953.19 2456.00 1935.13 
 381 1855.90 2257.21 1953.19 
 382 2178.98 2549.85 1953.19 
 383 1940.13 2408.91 2178.98 
 384 2021.96 2166.44 2178.98 
 385 1899.75 1993.04 2178.98 
 386 1982.80 2081.56 2178.98 
 387 1800.55 2433.85 2178.98 
 388 2013.94 2291.64 2178.98 
 389 1969.58 2521.77 2178.98 
 390 2092.84 2534.39 2178.98 
 391 2008.61 2463.58 2178.98 
 392 1892.60 2362.01 2178.98 
 393 2009.39 2544.30 2178.98 
 394 1990.38 2297.18 2178.98 
 395 1958.82 2462.33 2178.98 
 396 1834.69 2646.38 2178.98 
 397 2061.21 2618.43 2178.98 
 398 2095.17 2442.98 2178.98 
 399 2100.95 2333.84 2178.98 
 400 2060.78 2359.94 2178.98 
 401 2143.51 2257.37 2178.98 
 402 2059.49 2511.65 2178.98 
 403 2163.83 2538.25 2178.98 
 404 2196.98 2767.14 2178.98 
 405 2086.73 2717.24 2196.98 
 406 2122.81 2681.38 2196.98 
 407 2166.98 2819.40 2196.98 
 408 2279.06 2773.39 2196.98 
 409 2232.28 2854.48 2279.06 
 410 2106.28 2635.28 2279.06 
 411 2333.31 2657.80 2279.06 
 412 2213.37 2763.11 2333.31 
 413 2459.15 2803.93 2333.31 
 414 2236.10 2757.32 2459.15 
 415 2178.67 2707.07 2459.15 
 416 2230.85 2846.76 2459.15 
 417 2213.62 2989.58 2459.15 
 418 2411.77 2830.85 2459.15 
 419 2253.03 2836.81 2459.15 
 420 2231.95 2872.36 2459.15 
 421 2298.60 2770.95 2459.15 
 422 2367.96 3060.04 2459.15 
 423 2433.59 2980.45 2459.15 
 424 2513.87 2833.68 2459.15 
 425 2418.75 3065.73 2513.87 
 426 2433.08 2913.88 2513.87 
 427 2327.68 2997.88 2513.87 
 428 2448.68 2684.36 2513.87 
 429 2347.83 2870.52 2513.87 
 430 2338.44 3080.92 2513.87 
 431 2504.43 2881.18 2513.87 
 432 2473.10 2834.38 2513.87 
 433 2625.58 2987.66 2513.87 
 434 2567.14 2778.83 2625.58 
 435 2484.25 3003.44 2625.58 
 436 2544.50 2847.97 2625.58 
 437 2420.61 3107.93 2625.58 
 438 2515.20 2893.89 2625.58 
 439 2615.51 3066.65 2625.58 
 440 2554.29 3019.82 2625.58 
 441 2581.70 3115.30 2625.58 
 442 2713.86 2893.82 2625.58 
 443 2477.12 2932.95 2713.86 
 444 2532.98 2829.06 2713.86 
 445 2353.66 2841.41 2713.86 
 446 2524.42 2912.77 2713.86 
 447 2650.93 2938.22 2713.86 
 448 2703.96 2876.60 2713.86 
 449 2414.35 2843.05 2713.86 
 450 2652.07 2848.39 2713.86 
 451 2562.98 2906.31 2713.86 
 452 2789.53 3034.38 2713.86 
 453 2523.11 3057.91 2789.53 
 454 2654.58 3007.44 2789.53 
 455 2328.37 2794.35 2789.53 
 456 2595.47 2823.02 2789.53 
 457 2716.66 3249.77 2789.53 
 458 2746.84 3174.51 2789.53 
 459 2639.34 3072.81 2789.53 
 460 2653.03 3123.87 2789.53 
 461 2745.07 3194.34 2789.53 
 462 2666.97 3086.97 2789.53 
 463 2812.42 3150.76 2789.53 
 464 2800.37 3117.27 2812.42 
 465 2701.42 2881.96 2812.42 
 466 2687.89 2986.94 2812.42 
 467 2620.82 3153.66 2812.42 
 468 2632.95 3116.43 2812.42 
 469 2832.23 3161.32 2812.42 
 470 2794.18 3087.64 2832.23 
 471 2706.14 3161.03 2832.23 
 472 2766.76 3171.26 2832.23 
 473 2702.33 3068.43 2832.23 
 474 2833.83 2911.85 2832.23 
 475 2780.09 3029.54 2833.83 
 476 2616.18 2882.61 2833.83 
 477 2852.13 3152.34 2833.83 
 478 2678.47 3190.10 2852.13 
 479 2795.10 3240.99 2852.13 
 480 2766.57 3265.03 2852.13 
 481 2733.61 3340.54 2852.13 
 482 2968.36 3270.44 2852.13 
 483 2870.58 3301.22 2968.36 
 484 2554.34 3253.20 2968.36 
 485 2818.26 3278.55 2968.36 
 486 2717.60 3206.14 2968.36 
 487 2893.80 3181.25 2968.36 
 488 2776.18 3352.32 2968.36 
 489 2861.20 3375.41 2968.36 
 490 2703.09 3290.09 2968.36 
 491 2841.95 3375.80 2968.36 
 492 2872.36 3189.77 2968.36 
 493 2835.81 3204.61 2968.36 
 494 3030.42 3226.48 2968.36 
 495 3142.33 3370.60 3030.42 
 496 2924.09 3238.61 3142.33 
 497 3020.00 3344.53 3142.33 
 498 3065.10 3090.95 3142.33 
 499 2869.86 3298.26 3142.33 
 476 2814.86 3213.05 -100000000.00 
