Iter | Sampling Pol | Evaluation Pol | Best (Sampled) 
   0 -6.21 -5.59 -100000000.00 
   1 -5.91 -4.70 -6.21 
   2 -5.95 -4.86 -5.91 
   3 -5.83 -3.94 -5.91 
   4 -5.48 -5.86 -5.83 
   5 -4.85 -5.58 -5.48 
   6 -4.60 -4.52 -4.85 
   7 -4.88 -5.29 -4.60 
   8 -4.88 -4.96 -4.60 
   9 -4.60 -5.53 -4.60 
  10 -4.54 -5.31 -4.60 
  11 -4.63 -5.09 -4.54 
  12 -4.13 -5.08 -4.54 
  13 -4.22 -4.97 -4.13 
  14 -4.44 -3.99 -4.13 
  15 -4.31 -5.08 -4.13 
  16 -3.93 -5.10 -4.13 
  17 -3.95 -5.12 -3.93 
  18 -4.00 -5.23 -3.93 
  19 -4.23 -5.15 -3.93 
  20 -3.95 -4.57 -3.93 
  21 -4.05 -4.73 -3.93 
  22 -3.03 -4.10 -3.93 
  23 -3.96 -4.77 -3.03 
  24 -4.08 -4.22 -3.03 
  25 -3.32 -4.09 -3.03 
  26 -4.07 -3.49 -3.03 
  27 -3.99 -3.59 -3.03 
  28 -4.02 -1.16 -3.03 
  29 -3.09 -2.57 -3.03 
  30 -3.25 -0.92 -3.03 
  31 -3.99 -1.25 -3.03 
  32 -4.10 -4.25 -3.03 
  33 -3.80 -4.59 -3.03 
  34 -4.17 -3.86 -3.03 
  35 -3.15 -4.26 -3.03 
  36 -3.64 -4.06 -3.03 
  37 -2.80 -4.56 -3.03 
  38 -3.27 -5.47 -2.80 
  39 -3.12 -4.65 -2.80 
  40 -3.33 -5.45 -2.80 
  41 -3.34 -3.50 -2.80 
  42 -3.20 -6.07 -2.80 
  43 -2.33 -6.08 -2.80 
  44 -1.92 -5.16 -2.33 
  45 -2.73 -4.81 -1.92 
  46 -2.98 -4.23 -1.92 
  47 -2.32 -4.99 -1.92 
  48 -2.50 -6.13 -1.92 
  49  0.61 -3.56 -1.92 
  50 -2.20 -6.22  0.61 
  51 -1.35 -1.22  0.61 
  52 -1.57 -0.07  0.61 
  53 -2.30 -4.82  0.61 
  54 -1.57  1.81  0.61 
  55 -2.18 -3.18  0.61 
  56 -2.77 -4.09  0.61 
  57 -2.04 -2.17  0.61 
  58 -1.44 -2.83  0.61 
  59 -2.72 -3.16  0.61 
  60 -0.19 -2.32  0.61 
  61  1.14 -1.05  0.61 
  62 -1.46 -1.96  1.14 
  63 -1.44  0.29  1.14 
  64 -0.63 -2.67  1.14 
  65 -0.79 -1.36  1.14 
  66 -0.30  8.05  1.14 
  67 -0.27  1.29  1.14 
  68 -0.69  1.68  1.14 
  69 -0.72  3.68  1.14 
  70  0.43 -3.06  1.14 
  71  0.12  2.17  1.14 
  72 -0.72 -3.10  1.14 
  73  0.30  0.34  1.14 
  74 -0.38 -0.95  1.14 
  75  0.09  5.16  1.14 
  76  1.78 16.05  1.14 
  77  1.31  7.87  1.78 
  78  0.86  4.67  1.78 
  79  0.32 14.12  1.78 
  80 -0.22 11.60  1.78 
  81  1.09  5.31  1.78 
  82 -0.29 12.44  1.78 
  83  1.66 11.86  1.78 
  84  1.92  7.23  1.78 
  85  1.19 14.85  1.92 
  86  5.30 10.89  1.92 
  87  3.23 18.63  5.30 
  88  3.01 17.22  5.30 
  89  3.66 19.62  5.30 
  90  3.63  8.63  5.30 
  91  1.98 12.13  5.30 
  92  2.77 16.78  5.30 
  93  8.19 14.48  5.30 
  94  5.33 24.26  8.19 
  95  6.66 24.44  8.19 
  96  3.72 29.66  8.19 
  97  5.04 26.42  8.19 
  98  4.94 19.19  8.19 
  99  6.28 17.50  8.19 
 100  7.57 18.13  8.19 
 101  9.46 20.03  8.19 
 102  5.69 14.67  9.46 
 103  7.73 19.48  9.46 
 104  6.28 16.13  9.46 
 105  3.23 43.70  9.46 
 106  7.73 28.68  9.46 
 107  6.11 35.20  9.46 
 108  8.40 19.40  9.46 
 109  6.90 13.59  9.46 
 110 12.93 39.43  9.46 
 111 13.70 12.35 12.93 
 112 11.01 11.52 13.70 
 113 10.13  7.85 13.70 
 114  9.70 -4.79 13.70 
 115 11.01 -5.38 13.70 
 116 11.60 -6.75 13.70 
 117 19.83 -7.58 13.70 
 118  9.23 -5.71 19.83 
 119 20.31 -5.49 19.83 
 120 17.88 -6.42 20.31 
 121 21.56 -6.90 20.31 
 122 20.35 -1.50 21.56 
 123 16.61 -5.41 21.56 
 124 21.73 -5.31 21.56 
 125 27.31 -4.22 21.73 
 126 17.75 -3.60 27.31 
 127 16.17 -4.50 27.31 
 128 19.90 -1.48 27.31 
 129 16.04 -0.82 27.31 
 130 34.01 11.03 27.31 
 131 18.59 28.01 34.01 
 132 22.84 24.55 34.01 
 133 29.89 50.64 34.01 
 134 16.70 39.80 34.01 
 135 16.68 45.25 34.01 
 136 24.33 35.51 34.01 
 137 18.38 63.34 34.01 
 138 34.05 48.44 34.01 
 139 46.54 26.91 34.05 
 140 28.47 38.52 46.54 
 141 29.76 31.61 46.54 
 142 31.90 68.87 46.54 
 143 41.98 55.90 46.54 
 144 33.56 35.77 46.54 
 145 31.04 63.86 46.54 
 146 31.97 30.08 46.54 
 147 40.16 40.68 46.54 
 148 35.99 48.19 46.54 
 149 31.40 37.56 46.54 
 150 29.35 43.91 46.54 
 151 25.97 36.88 46.54 
 152 31.84 22.35 46.54 
 153 38.58 32.16 46.54 
 154 34.74 25.24 46.54 
 155 47.67 36.05 46.54 
 156 33.03 32.12 47.67 
 157 34.60 25.61 47.67 
 158 51.18 19.76 47.67 
 159 42.84 35.56 51.18 
 160 55.53 24.77 51.18 
 161 45.73 34.51 55.53 
 162 33.65 32.73 55.53 
 163 35.26 49.94 55.53 
 164 46.16 48.59 55.53 
 165 59.58 22.28 55.53 
 166 50.28 24.65 59.58 
 167 37.25 27.22 59.58 
 168 40.06 59.80 59.58 
 169 38.27 22.70 59.58 
 170 43.42 22.11 59.58 
 171 44.68 34.62 59.58 
 172 65.84 47.24 59.58 
 173 68.88 40.08 65.84 
 174 56.74 37.95 68.88 
 175 35.35 43.20 68.88 
 176 44.30 75.82 68.88 
 177 63.45 51.40 68.88 
 178 57.43 126.30 68.88 
 179 53.34 112.79 68.88 
 180 68.66 74.71 68.88 
 181 70.60 106.48 68.88 
 182 58.55 58.34 70.60 
 183 81.46 60.95 70.60 
 184 64.25 43.81 81.46 
 185 77.49 31.69 81.46 
 186 64.04 33.80 81.46 
 187 68.49 29.07 81.46 
 188 74.34 60.30 81.46 
 189 41.49 52.84 81.46 
 190 79.05 72.62 81.46 
 191 65.92 43.02 81.46 
 192 86.31 57.66 81.46 
 193 74.65 62.07 86.31 
 194 89.67 54.20 86.31 
 195 90.85 46.41 89.67 
 196 82.65 65.84 90.85 
 197 70.89 44.10 90.85 
 198 65.98 59.42 90.85 
 199 69.14 72.10 90.85 
 200 72.91 128.41 90.85 
 201 82.33 120.66 90.85 
 202 63.62 170.66 90.85 
 203 97.38 152.25 90.85 
 204 82.19 182.98 97.38 
 205 74.37 220.46 97.38 
 206 111.60 89.00 97.38 
 207 106.95 171.23 111.60 
 208 81.17 176.53 111.60 
 209 125.89 251.39 111.60 
 210 96.87 146.91 125.89 
 211 80.48 117.91 125.89 
 212 90.40 93.46 125.89 
 213 87.65 68.83 125.89 
 214 68.60 90.49 125.89 
 215 80.46 118.24 125.89 
 216 121.41 61.71 125.89 
 217 72.19 80.83 125.89 
 218 129.99 71.42 125.89 
 219 107.30 40.56 129.99 
 220 78.09 75.38 129.99 
 221 67.58 81.86 129.99 
 222 72.28 72.47 129.99 
 223 142.64 76.76 129.99 
 224 81.89 87.83 142.64 
 225 119.17 71.86 142.64 
 226 92.73 105.94 142.64 
 227 122.43 108.50 142.64 
 228 106.15 92.33 142.64 
 229 119.84 78.18 142.64 
 230 94.89 90.53 142.64 
 231 115.33 99.81 142.64 
 232 105.06 81.30 142.64 
 233 119.58 79.17 142.64 
 234 111.64 85.93 142.64 
 235 88.26 78.33 142.64 
 236 96.97 69.57 142.64 
 237 155.54 110.43 142.64 
 238 90.57 105.79 155.54 
 239 114.98 128.50 155.54 
 240 99.04 93.62 155.54 
 241 90.98 151.83 155.54 
 242 126.94 89.33 155.54 
 243 114.59 103.96 155.54 
 244 153.18 97.02 155.54 
 245 147.54 90.36 155.54 
 246 117.19 75.24 155.54 
 247 124.77 63.83 155.54 
 248 120.26 89.20 155.54 
 249 131.67 81.94 155.54 
 250 113.63 100.63 155.54 
 251 96.15 80.34 155.54 
 252 87.38 70.37 155.54 
 253 110.25 82.14 155.54 
 254 109.64 118.65 155.54 
 255 139.45 101.09 155.54 
 256 122.68 117.65 155.54 
 257 107.29 109.11 155.54 
 258 142.45 113.53 155.54 
 259 119.79 125.11 155.54 
 260 186.15 125.85 155.54 
 261 158.49 114.16 186.15 
 262 161.76 113.31 186.15 
 263 95.70 92.85 186.15 
 264 187.85 96.95 186.15 
 265 199.03 99.54 187.85 
 266 152.81 124.44 199.03 
 267 161.54 112.17 199.03 
 268 158.86 89.03 199.03 
 269 153.76 69.49 199.03 
 270 170.91 101.78 199.03 
 271 143.10 63.56 199.03 
 272 157.33 119.82 199.03 
 273 181.88 149.31 199.03 
 274 176.79 128.10 199.03 
 275 186.67 145.80 199.03 
 276 176.30 141.87 199.03 
 277 149.48 121.10 199.03 
 278 179.71 114.94 199.03 
 279 185.80 103.35 199.03 
 280 126.64 132.50 199.03 
 281 175.00 102.30 199.03 
 282 232.22 165.20 199.03 
 283 184.75 146.02 232.22 
 284 227.10 214.30 232.22 
 285 211.32 175.74 232.22 
 286 177.87 242.36 232.22 
 287 215.00 186.24 232.22 
 288 251.73 87.36 232.22 
 289 208.58 114.01 251.73 
 290 229.54 113.62 251.73 
 291 209.39 103.77 251.73 
 292 186.99 125.30 251.73 
 293 218.33 72.83 251.73 
 294 258.83 85.37 251.73 
 295 168.96 119.88 258.83 
 296 194.04 106.84 258.83 
 297 236.83 109.93 258.83 
 298 140.26 119.73 258.83 
 299 198.62 156.70 258.83 
