Iter | Sampling Pol | Evaluation Pol | Best (Sampled) 
   0 -6.53 -6.27 -100000000.00 
   1 -5.74 -5.28 -6.53 
   2 -5.51 -4.73 -5.74 
   3 -4.93 -4.84 -5.51 
   4 -4.45 -4.84 -4.93 
   5 -4.37 -4.43 -4.45 
   6 -4.49 -3.47 -4.37 
   7 -3.98 -3.20 -4.37 
   8 -3.72 -2.49 -3.98 
   9 -2.95 -2.46 -3.72 
  10 -3.42 -2.95 -2.95 
  11 -3.36 -0.58 -2.95 
  12 -2.71 -3.17 -2.95 
  13 -2.95 -0.41 -2.71 
  14 -2.06 -2.15 -2.71 
  15 -3.35 -2.19 -2.06 
  16 -2.98 -1.88 -2.06 
  17 -2.41  1.07 -2.06 
  18 -1.38 -2.89 -2.06 
  19 -2.26 -3.29 -1.38 
  20 -1.78 -3.35 -1.38 
  21 -1.60 -3.33 -1.38 
  22 -1.71 -2.83 -1.38 
  23 -1.18 -2.16 -1.38 
  24 -1.56 -3.38 -1.18 
  25 -1.30 -3.00 -1.18 
  26 -1.28  1.80 -1.18 
  27 -0.88 -0.59 -1.18 
  28 -2.22 -2.92 -0.88 
  29 -0.72 -1.90 -0.88 
  30 -0.69 -0.83 -0.72 
  31 -0.89 -3.08 -0.69 
  32 -0.72 -2.45 -0.69 
  33 -0.68 -3.46 -0.69 
  34 -0.84 -2.64 -0.68 
  35  0.19  0.31 -0.68 
  36  2.71  4.53  0.19 
  37  0.33 -1.77  2.71 
  38 -0.23  3.13  2.71 
  39 -0.01 -2.04  2.71 
  40  2.00  0.77  2.71 
  41 -0.40  1.96  2.71 
  42 -0.83  3.47  2.71 
  43  0.04  1.04  2.71 
  44  0.48  3.20  2.71 
  45  1.68 25.26  2.71 
  46  1.11 10.49  2.71 
  47  2.54  4.52  2.71 
  48  2.19  0.19  2.71 
  49  4.65  2.75  2.71 
  50  3.04  6.57  4.65 
  51  5.68  6.77  4.65 
  52  5.20 16.63  5.68 
  53  6.55 11.62  5.68 
  54  4.47  9.36  6.55 
  55  4.74  3.66  6.55 
  56  4.08 72.17  6.55 
  57  3.88 13.83  6.55 
  58  4.41  5.31  6.55 
  59  5.56  8.45  6.55 
  60  4.19  6.72  6.55 
  61  2.69 14.07  6.55 
  62  7.96 15.77  6.55 
  63  7.34 11.79  7.96 
  64  5.13 12.73  7.96 
  65  8.76 11.04  7.96 
  66  7.55  9.09  8.76 
  67 10.88  9.79  8.76 
  68  9.07 24.84 10.88 
  69  9.60 14.62 10.88 
  70 11.13  7.10 10.88 
  71 10.12  5.36 11.13 
  72 11.01 20.31 11.13 
  73 12.48 23.62 11.13 
  74 11.85 14.65 12.48 
  75 16.71 18.31 12.48 
  76 15.29 26.16 16.71 
  77 15.95 20.24 16.71 
  78 17.83 31.11 16.71 
  79 14.93 19.78 17.83 
  80 18.90 40.92 17.83 
  81 15.71 114.43 18.90 
  82 16.78 27.87 18.90 
  83 21.60 35.50 18.90 
  84 20.50 81.04 21.60 
  85 19.45 44.93 21.60 
  86 17.30 22.72 21.60 
  87 19.00 35.96 21.60 
  88 23.29 51.80 21.60 
  89 25.07 24.54 23.29 
  90 26.11 35.21 25.07 
  91 22.39 27.52 26.11 
  92 24.84 37.20 26.11 
  93 34.04 32.91 26.11 
  94 30.20 77.55 34.04 
  95 36.44 19.37 34.04 
  96 28.91 38.52 36.44 
  97 36.52 27.33 36.44 
  98 34.78 21.93 36.52 
  99 31.51 20.15 36.52 
 100 50.61 79.42 36.52 
 101 51.14 44.61 50.61 
 102 41.28 26.01 51.14 
 103 56.92 26.86 51.14 
 104 57.34 26.60 56.92 
 105 50.85 37.08 57.34 
 106 53.04 32.25 57.34 
 107 45.79 52.34 57.34 
 108 56.84 56.86 57.34 
 109 44.93 34.30 57.34 
 110 47.31 85.64 57.34 
 111 59.95 127.94 57.34 
 112 43.75 71.37 59.95 
 113 54.89 43.77 59.95 
 114 68.23 87.36 59.95 
 115 59.05 33.70 68.23 
 116 73.40 37.44 68.23 
 117 67.67 106.47 73.40 
 118 76.56 107.95 73.40 
 119 85.26 49.50 76.56 
 120 60.43 49.92 85.26 
 121 71.78 54.67 85.26 
 122 95.38 135.09 85.26 
 123 72.73 62.35 95.38 
 124 61.21 50.00 95.38 
 125 82.45 109.36 95.38 
 126 81.87 47.09 95.38 
 127 101.97 52.96 95.38 
 128 73.76 93.49 101.97 
 129 82.35 35.09 101.97 
 130 87.99 46.15 101.97 
 131 108.80 38.32 101.97 
 132 87.30 48.00 108.80 
 133 73.48 30.24 108.80 
 134 66.74 23.56 108.80 
 135 89.37 22.47 108.80 
 136 63.37 20.97 108.80 
 137 122.24 27.79 108.80 
 138 119.91 49.94 122.24 
 139 72.49 69.02 122.24 
 140 96.65 63.43 122.24 
 141 99.90 75.88 122.24 
 142 99.59 56.59 122.24 
 143 107.56 20.95 122.24 
 144 100.21 24.44 122.24 
 145 116.11 26.60 122.24 
 146 129.09 33.78 122.24 
 147 112.88  9.19 129.09 
 148 87.43 18.81 129.09 
 149 92.89 16.34 129.09 
 150 107.17 14.46 129.09 
 151 118.69 137.11 129.09 
 152 123.60 99.09 129.09 
 153 133.14 162.17 129.09 
 154 151.92 108.60 133.14 
 155 131.33 48.11 151.92 
 156 116.13 51.70 151.92 
 157 195.84 61.38 151.92 
 158 120.36 51.55 195.84 
 159 141.60 53.68 195.84 
 160 149.25 31.46 195.84 
 161 158.59 191.89 195.84 
 162 152.30 96.54 195.84 
 163 149.56 136.57 195.84 
 164 161.73 67.21 195.84 
 165 162.79 136.15 195.84 
 166 234.35 189.88 195.84 
 167 177.10 157.24 234.35 
 168 212.50 129.71 234.35 
 169 173.22 63.35 234.35 
 170 158.86 71.59 234.35 
 171 220.96 224.65 234.35 
 172 197.37 140.51 234.35 
 173 212.10 168.21 234.35 
 174 231.63 202.93 234.35 
 175 217.02 148.02 234.35 
 176 212.11 179.74 234.35 
 177 204.82 291.64 234.35 
 178 167.58 253.73 234.35 
 179 215.11 204.79 234.35 
 180 202.62 262.02 234.35 
 181 223.62 223.51 234.35 
 182 236.95 192.67 234.35 
 183 255.34 340.03 236.95 
 184 251.18 308.59 255.34 
 185 266.72 266.71 255.34 
 186 298.84 118.40 266.72 
 187 308.09 101.45 298.84 
 188 340.31 122.09 308.09 
 189 327.59 171.89 340.31 
 190 321.49 149.72 340.31 
 191 272.49 258.64 340.31 
 192 338.31 223.63 340.31 
 193 332.86 285.19 340.31 
 194 260.37 241.54 340.31 
 195 276.86 243.47 340.31 
 196 336.67 300.59 340.31 
 197 322.00 282.54 340.31 
 198 235.93 242.28 340.31 
 199 308.54 227.04 340.31 
 200 404.84 246.63 340.31 
 201 313.69 168.16 404.84 
 202 393.88 160.43 404.84 
 203 402.96 311.32 404.84 
 204 359.54 227.71 404.84 
 205 335.11 140.03 404.84 
 206 399.67 178.47 404.84 
 207 421.74 75.54 404.84 
 208 407.99 158.22 421.74 
 209 417.77 122.07 421.74 
 210 404.96 223.00 421.74 
 211 443.05 178.23 421.74 
 212 464.16 246.99 443.05 
 213 529.98 359.83 464.16 
 214 471.50 425.35 529.98 
 215 487.37 366.45 529.98 
 216 526.77 449.71 529.98 
 217 507.57 413.40 529.98 
 218 554.87 515.33 529.98 
 219 528.46 511.48 554.87 
 220 522.89 349.61 554.87 
 221 489.13 372.13 554.87 
 222 494.09 429.62 554.87 
 223 529.70 394.31 554.87 
 224 534.80 401.95 554.87 
 225 528.48 327.02 554.87 
 226 592.39 360.90 554.87 
 227 628.88 455.58 592.39 
 228 603.30 427.06 628.88 
 229 582.53 392.36 628.88 
 230 546.69 474.46 628.88 
 231 498.27 333.26 628.88 
 232 590.35 420.28 628.88 
 233 603.84 526.93 628.88 
 234 586.87 391.54 628.88 
 235 648.92 409.02 628.88 
 236 531.04 309.44 648.92 
 237 649.07 530.32 648.92 
 238 641.69 538.10 649.07 
 239 702.71 571.12 649.07 
 240 611.61 388.88 702.71 
 241 663.55 406.82 702.71 
 242 757.60 492.97 702.71 
 243 691.90 726.41 757.60 
 244 804.67 685.30 757.60 
 245 744.82 703.69 804.67 
 246 791.45 681.84 804.67 
 247 777.18 678.39 804.67 
 248 802.48 684.93 804.67 
 249 853.68 675.90 804.67 
 250 782.30 727.23 853.68 
 251 812.78 817.65 853.68 
 252 818.57 599.85 853.68 
 253 879.27 773.30 853.68 
 254 903.92 708.24 879.27 
 255 874.81 610.71 903.92 
 256 841.01 741.47 903.92 
 257 838.94 866.96 903.92 
 258 773.37 683.81 903.92 
 259 861.83 629.66 903.92 
 260 970.01 831.02 903.92 
 261 930.49 832.05 970.01 
 262 902.38 709.65 970.01 
 263 877.65 742.09 970.01 
 264 938.75 811.35 970.01 
 265 825.43 588.31 970.01 
 266 880.72 694.03 970.01 
 267 982.91 573.81 970.01 
 268 956.59 568.28 982.91 
 269 860.31 671.32 982.91 
 270 879.97 568.11 982.91 
 271 899.39 452.69 982.91 
 272 1110.97 717.62 982.91 
 273 1048.49 727.23 1110.97 
 274 933.65 704.57 1110.97 
 275 924.38 727.85 1110.97 
 276 967.53 718.66 1110.97 
 277 938.19 724.12 1110.97 
 278 1015.67 746.87 1110.97 
 279 1068.62 598.25 1110.97 
 280 936.69 721.79 1110.97 
 281 924.88 525.16 1110.97 
 282 972.32 720.74 1110.97 
 283 1091.96 643.50 1110.97 
 284 949.55 517.28 1110.97 
 285 1081.40 525.51 1110.97 
 286 1063.07 603.43 1110.97 
 287 1170.27 624.42 1110.97 
 288 1056.77 736.40 1170.27 
 289 1117.23 785.04 1170.27 
 290 1025.98 863.26 1170.27 
 291 1079.80 694.63 1170.27 
 292 1135.35 568.30 1170.27 
 293 1147.68 657.60 1170.27 
 294 1146.16 575.44 1170.27 
 295 1185.63 656.04 1170.27 
 296 1172.72 468.33 1185.63 
 297 1194.64 666.99 1185.63 
 298 1144.49 559.55 1194.64 
 299 970.26 321.56 1194.64 
