Iter | Sampling Pol | Evaluation Pol | Best (Sampled) 
   0 -7.28 -3.48 -100000000.00 
   1 -6.33 -4.98 -7.28 
   2 -5.39 -3.48 -6.33 
   3 -5.22 -4.08 -5.39 
   4 -4.67 -2.98 -5.22 
   5 -4.02 -4.03 -4.67 
   6 -4.01 -4.70 -4.02 
   7 -3.83 -3.33 -4.01 
   8 -3.87 -1.21 -3.83 
   9 -3.98 -1.91 -3.83 
  10 -3.54 -0.65 -3.83 
  11 -3.44 -2.65 -3.54 
  12 -3.45 -3.15 -3.44 
  13 -1.73 -4.20 -3.44 
  14 -3.01 -2.20 -1.73 
  15 -3.70 -2.90 -1.73 
  16 -3.20 -2.97 -1.73 
  17 -3.47 -2.91 -1.73 
  18 -3.65 -3.25 -1.73 
  19 -3.25 -0.69 -1.73 
  20 -1.47 -2.10 -1.73 
  21 -2.19 -2.36 -1.47 
  22 -1.92 -1.56 -1.47 
  23 -2.50 -3.33 -1.47 
  24 -2.44 -3.05 -1.47 
  25 -1.77 -3.70 -1.47 
  26  0.04 -2.26 -1.47 
  27 -1.65 -2.07  0.04 
  28 -1.70  0.65  0.04 
  29  0.48 -2.34  0.04 
  30 -0.45 -2.53  0.48 
  31 -1.67  7.31  0.48 
  32 -0.81  0.08  0.48 
  33  2.33 -2.20  0.48 
  34 -1.59  3.24  2.33 
  35 -0.95 -0.42  2.33 
  36  1.16 -0.23  2.33 
  37  1.72  4.91  2.33 
  38 -0.13  0.26  2.33 
  39 -0.72 -0.64  2.33 
  40  4.25  1.54  2.33 
  41  1.83 -2.45  4.25 
  42  0.88 -2.48  4.25 
  43  0.42  0.57  4.25 
  44  0.21  0.57  4.25 
  45  1.11 -1.35  4.25 
  46  4.70  2.53  4.25 
  47  6.81  3.21  4.70 
  48  4.51  5.55  6.81 
  49  7.18  3.19  6.81 
  50  7.10 21.33  7.18 
  51  4.73  2.95  7.18 
  52  5.22  8.24  7.18 
  53  3.90  8.25  7.18 
  54  8.82 11.84  7.18 
  55 10.11 16.67  8.82 
  56 11.47 27.65 10.11 
  57  5.13  8.83 11.47 
  58  7.94 10.81 11.47 
  59  4.48  8.19 11.47 
  60 16.96 -3.24 11.47 
  61  6.44 -2.81 16.96 
  62 11.52 -3.43 16.96 
  63 11.51 12.38 16.96 
  64 10.61 11.71 16.96 
  65 11.77 12.48 16.96 
  66  8.66  9.83 16.96 
  67 14.20 12.96 16.96 
  68  9.62  2.94 16.96 
  69 15.04  1.98 16.96 
  70 17.51  9.40 16.96 
  71 11.70  6.64 17.51 
  72 18.28 14.03 17.51 
  73 22.31  8.15 18.28 
  74 19.62 11.74 22.31 
  75 24.20 11.73 22.31 
  76 18.00 23.52 24.20 
  77 18.69 20.64 24.20 
  78 21.41 32.33 24.20 
  79 29.66 62.29 24.20 
  80 23.99 47.70 29.66 
  81 15.15 56.82 29.66 
  82 25.65 31.70 29.66 
  83 32.50 31.42 29.66 
  84 25.55 42.47 32.50 
  85 30.35 34.26 32.50 
  86 34.32 56.67 32.50 
  87 30.93 35.15 34.32 
  88 31.58 33.46 34.32 
  89 39.28 47.30 34.32 
  90 45.14 62.65 39.28 
  91 52.60 70.40 45.14 
  92 44.02 64.09 52.60 
  93 63.80 51.82 52.60 
  94 49.55 102.74 63.80 
  95 61.66 65.70 63.80 
  96 47.22 70.96 63.80 
  97 36.32 51.31 63.80 
  98 55.85 31.78 63.80 
  99 87.15 11.55 63.80 
 100 64.22 39.71 87.15 
 101 79.95 20.31 87.15 
 102 71.09 17.20 87.15 
 103 52.88 12.69 87.15 
 104 62.23 19.29 87.15 
 105 100.99 19.75 87.15 
 106 60.47 31.26 100.99 
 107 82.00 29.25 100.99 
 108 83.59 45.05 100.99 
 109 94.03 24.88 100.99 
 110 90.29 39.21 100.99 
 111 81.09 24.94 100.99 
 112 85.25 77.53 100.99 
 113 116.00 43.55 100.99 
 114 108.36 45.11 116.00 
 115 122.03 53.23 116.00 
 116 99.48 51.65 122.03 
 117 121.09 116.38 122.03 
 118 134.49 90.63 122.03 
 119 142.79 199.93 134.49 
 120 106.64 99.38 142.79 
 121 134.07 156.61 142.79 
 122 106.32 107.39 142.79 
 123 186.10 78.39 142.79 
 124 166.22 91.52 186.10 
 125 174.55 61.65 186.10 
 126 176.96 138.45 186.10 
 127 188.08 109.72 186.10 
 128 193.66 143.67 188.08 
 129 144.71 234.83 193.66 
 130 168.36 134.12 193.66 
 131 175.96 159.70 193.66 
 132 143.02 163.61 193.66 
 133 219.84 68.65 193.66 
 134 186.63 50.16 219.84 
 135 256.06 87.28 219.84 
 136 241.77 144.50 256.06 
 137 300.59 165.78 256.06 
 138 267.44 143.23 300.59 
 139 263.32 81.87 300.59 
 140 263.94 198.53 300.59 
 141 311.49 215.40 300.59 
 142 296.36 309.59 311.49 
 143 306.07 358.49 311.49 
 144 245.76 265.52 311.49 
 145 239.55 205.24 311.49 
 146 292.77 301.53 311.49 
 147 312.15 298.85 311.49 
 148 265.19 243.20 312.15 
 149 418.16 263.63 312.15 
 150 327.10 323.60 418.16 
 151 309.90 230.55 418.16 
 152 360.16 299.29 418.16 
 153 376.38 242.04 418.16 
 154 369.78 227.31 418.16 
 155 355.46 289.32 418.16 
 156 408.15 360.09 418.16 
 157 383.43 285.46 418.16 
 158 444.88 253.22 418.16 
 159 538.96 416.99 444.88 
 160 442.94 211.85 538.96 
 161 465.64 393.90 538.96 
 162 586.15 277.91 538.96 
 163 412.25 182.36 586.15 
 164 426.48 204.23 586.15 
 165 473.79 348.25 586.15 
 166 491.08 281.60 586.15 
 167 470.26 274.59 586.15 
 168 555.84 296.84 586.15 
 169 486.27 316.23 586.15 
 170 508.46 320.50 586.15 
 171 503.48 287.81 586.15 
 172 535.42 265.94 586.15 
 173 525.46 342.00 586.15 
 174 653.50 179.00 586.15 
 175 513.21 248.07 653.50 
 176 587.04 252.29 653.50 
 177 600.74 185.12 653.50 
 178 623.30 228.80 653.50 
 179 555.86 280.95 653.50 
 180 552.07 343.50 653.50 
 181 659.09 352.62 653.50 
 182 748.45 287.07 659.09 
 183 724.73 299.29 748.45 
 184 638.92 261.90 748.45 
 185 639.90 542.98 748.45 
 186 706.06 347.31 748.45 
 187 707.38 439.90 748.45 
 188 813.40 421.41 748.45 
 189 714.79 469.80 813.40 
 190 698.96 449.61 813.40 
 191 751.85 409.70 813.40 
 192 741.85 558.18 813.40 
 193 845.24 687.70 813.40 
 194 733.04 557.09 845.24 
 195 764.11 716.78 845.24 
 196 910.94 488.67 845.24 
 197 752.17 910.25 910.94 
 198 836.46 920.23 910.94 
 199 925.72 1125.28 910.94 
 200 967.93 954.66 925.72 
 201 900.65 901.97 967.93 
 202 977.40 806.59 967.93 
 203 1000.72 725.83 977.40 
 204 938.64 762.10 1000.72 
 205 954.15 554.49 1000.72 
 206 1173.43 675.39 1000.72 
 207 1144.98 920.38 1173.43 
 208 930.36 565.40 1173.43 
 209 1059.72 799.98 1173.43 
 210 1085.19 1003.33 1173.43 
 211 962.73 833.61 1173.43 
 212 1073.56 1051.36 1173.43 
 213 1214.95 1105.78 1173.43 
 214 950.37 1078.29 1214.95 
 215 1153.94 983.80 1214.95 
 216 1267.36 1108.86 1214.95 
 217 1221.05 934.69 1267.36 
 218 1301.31 1127.63 1267.36 
 219 1281.98 1301.82 1301.31 
 220 1278.50 1054.60 1301.31 
 221 1237.05 1118.95 1301.31 
 222 1383.19 596.33 1301.31 
 223 1276.40 657.83 1383.19 
 224 1169.81 778.42 1383.19 
 225 1355.87 794.64 1383.19 
 226 1220.78 779.30 1383.19 
 227 1268.05 719.35 1383.19 
 228 1294.82 946.13 1383.19 
 229 1347.02 880.69 1383.19 
 230 1492.34 1041.79 1383.19 
 231 1472.46 1145.44 1492.34 
 232 1374.94 1299.43 1492.34 
 233 1488.89 1230.54 1492.34 
 234 1357.86 1171.04 1492.34 
 235 1472.42 1054.26 1492.34 
 236 1480.24 1238.90 1492.34 
 237 1411.11 840.71 1492.34 
 238 1455.06 1195.01 1492.34 
 239 1694.71 1403.89 1492.34 
 240 1518.65 1347.66 1694.71 
 241 1447.75 1246.47 1694.71 
 242 1679.86 1166.28 1694.71 
 243 1702.38 1302.30 1694.71 
 244 1590.94 1472.41 1702.38 
 245 1560.68 1786.96 1702.38 
 246 1512.73 1457.25 1702.38 
 247 1746.06 1143.47 1702.38 
 248 1755.31 1765.39 1746.06 
 249 1639.07 1743.14 1755.31 
 250 1628.41 1435.98 1755.31 
 251 1689.83 1714.02 1755.31 
 252 1744.82 1774.22 1755.31 
 253 1822.60 1460.90 1755.31 
 254 1905.52 1393.05 1822.60 
 255 1857.53 1211.66 1905.52 
 256 1627.62 1682.56 1905.52 
 257 1800.87 1608.75 1905.52 
 258 1930.19 1784.94 1905.52 
 259 1905.60 1900.54 1930.19 
 260 1822.41 1911.38 1930.19 
 261 1826.09 2036.68 1930.19 
 262 1958.23 2224.96 1930.19 
 263 1930.60 2019.09 1958.23 
 264 1851.86 2132.51 1958.23 
 265 2062.30 2132.96 1958.23 
 266 1885.62 2093.90 2062.30 
 267 1847.78 1996.58 2062.30 
 268 1911.02 1965.25 2062.30 
 269 2066.57 2588.16 2062.30 
 270 1842.94 2467.21 2066.57 
 271 2112.47 2157.12 2066.57 
 272 2153.51 2495.04 2112.47 
 273 2083.26 2384.96 2153.51 
 274 1977.83 2417.16 2153.51 
 275 1912.79 2362.61 2153.51 
 276 2172.20 2039.41 2153.51 
 277 2049.15 2491.21 2172.20 
 278 2255.45 2226.18 2172.20 
 279 2138.04 2090.37 2255.45 
 280 2149.45 2105.58 2255.45 
 281 2118.94 2273.85 2255.45 
 282 2049.93 2214.37 2255.45 
 283 2071.52 1868.75 2255.45 
 284 2046.11 2125.72 2255.45 
 285 2246.47 2084.74 2255.45 
 286 2163.96 2371.42 2255.45 
 287 2187.66 2193.66 2255.45 
 288 2266.40 2498.11 2255.45 
 289 2210.49 2456.24 2266.40 
 290 2158.89 2805.12 2266.40 
 291 2226.06 2844.09 2266.40 
 292 2399.48 3067.36 2266.40 
 293 2079.92 2870.36 2399.48 
 294 2509.11 2674.36 2399.48 
 295 2269.55 2634.10 2509.11 
 296 2384.28 2777.90 2509.11 
 297 2417.33 2760.33 2509.11 
 298 2176.66 2703.56 2509.11 
 299 2261.80 2878.73 2509.11 
