Iter | Sampling Pol | Evaluation Pol | Best (Sampled) 
   0 -7.15 -6.58 -100000000.00 
   1 -6.98 -5.49 -7.15 
   2 -6.15 -3.70 -6.98 
   3 -5.89 -5.25 -6.15 
   4 -5.16 -5.17 -5.89 
   5 -5.13 -4.81 -5.16 
   6 -4.76 -3.84 -5.13 
   7 -5.09  4.39 -4.76 
   8 -4.52 -2.00 -4.76 
   9 -4.32 -1.44 -4.52 
  10 -3.80  0.06 -4.32 
  11 -3.49 -0.98 -3.80 
  12 -3.17 -0.19 -3.49 
  13 -2.79 -0.85 -3.17 
  14 -3.20 -2.91 -2.79 
  15 -2.55 -3.60 -2.79 
  16 -3.15 -0.79 -2.55 
  17 -3.56 -3.50 -2.55 
  18 -3.30 -3.38 -2.55 
  19 -3.24 -3.30 -2.55 
  20 -2.34 -2.08 -2.55 
  21 -3.67 -0.04 -2.34 
  22 -1.68  6.00 -2.34 
  23 -2.08  0.43 -1.68 
  24 -2.30 -2.14 -1.68 
  25 -3.83 -1.40 -1.68 
  26 -2.77 -0.09 -1.68 
  27 -2.49  1.21 -1.68 
  28 -1.88 -1.44 -1.68 
  29 -1.64 -1.14 -1.68 
  30 -1.85  4.15 -1.64 
  31 -2.46  1.28 -1.64 
  32 -2.27  1.27 -1.64 
  33 -1.48  0.28 -1.64 
  34 -1.54 -3.76 -1.48 
  35 -0.62 -2.07 -1.48 
  36 -2.67 -1.58 -0.62 
  37 -1.94 11.81 -0.62 
  38 -1.40 -1.92 -0.62 
  39 -0.38  5.54 -0.62 
  40  2.87 -2.63 -0.38 
  41  1.24 -2.88  2.87 
  42 -1.73 -3.44  2.87 
  43 -2.22 -3.55  2.87 
  44  1.86 -1.82  2.87 
  45 -0.25  5.59  2.87 
  46  1.43 -0.46  2.87 
  47 -1.35 -0.38  2.87 
  48 -1.82  9.23  2.87 
  49  1.60 -1.02  2.87 
  50 -0.75 -0.57  2.87 
  51 -1.26  3.08  2.87 
  52  0.40 -2.48  2.87 
  53  3.52 -1.43  2.87 
  54  1.00 -3.29  3.52 
  55  2.05 -2.84  3.52 
  56  0.95 -3.58  3.52 
  57  2.88 -3.21  3.52 
  58  4.92 -2.52  3.52 
  59  4.14 -2.70  4.92 
  60  3.57 -0.04  4.92 
  61  4.15 -2.87  4.92 
  62  4.38 -3.49  4.92 
  63  6.25  1.19  4.92 
  64  9.54  1.41  6.25 
  65  6.14  1.56  9.54 
  66  5.64 20.45  9.54 
  67  7.04  2.79  9.54 
  68  4.58 -1.08  9.54 
  69 10.39  1.04  9.54 
  70  3.96  2.32 10.39 
  71  6.68  2.51 10.39 
  72 11.06 -1.01 10.39 
  73 10.27 -1.34 11.06 
  74 10.78  1.36 11.06 
  75 10.89  5.17 11.06 
  76  7.86 -0.79 11.06 
  77  6.81 -0.07 11.06 
  78 12.35 12.91 11.06 
  79 11.09  2.56 12.35 
  80 14.96  4.27 12.35 
  81 14.86 13.96 14.96 
  82 15.94  0.69 14.96 
  83 19.22 -0.33 15.94 
  84 16.82 -0.04 19.22 
  85 10.43  6.24 19.22 
  86 23.28  6.70 19.22 
  87 17.30 19.33 23.28 
  88 24.82 -1.00 23.28 
  89 25.15  5.24 24.82 
  90 39.16  5.60 25.15 
  91 21.04  1.81 39.16 
  92 26.56  3.56 39.16 
  93 24.23  9.54 39.16 
  94 37.51 28.63 39.16 
  95 44.78  5.87 39.16 
  96 27.29  7.01 44.78 
  97 17.88  7.35 44.78 
  98 32.77  8.18 44.78 
  99 28.74  7.48 44.78 
 100 37.55  4.94 44.78 
 101 40.14 11.37 44.78 
 102 41.56 13.24 44.78 
 103 36.63  4.47 44.78 
 104 32.99  2.09 44.78 
 105 33.52  6.20 44.78 
 106 39.13  7.14 44.78 
 107 32.51  8.08 44.78 
 108 42.38  3.05 44.78 
 109 40.42  5.81 44.78 
 110 39.11  4.02 44.78 
 111 56.41 16.13 44.78 
 112 38.40 16.00 56.41 
 113 37.97 12.92 56.41 
 114 26.99 24.06 56.41 
 115 41.13 39.23 56.41 
 116 56.51 39.22 56.41 
 117 48.92 41.78 56.51 
 118 44.65 12.12 56.51 
 119 36.82 43.43 56.51 
 120 46.97 21.01 56.51 
 121 38.66 63.04 56.51 
 122 51.12 71.69 56.51 
 123 51.20 34.06 56.51 
 124 44.39 44.31 56.51 
 125 43.96 23.71 56.51 
 126 56.34 50.51 56.51 
 127 58.19 58.20 56.51 
 128 68.09 70.21 58.19 
 129 50.41 24.53 68.09 
 130 43.61 46.98 68.09 
 131 58.39 80.66 68.09 
 132 60.15 71.27 68.09 
 133 69.22 109.97 68.09 
 134 66.68 45.05 69.22 
 135 73.78 33.69 69.22 
 136 84.69 51.14 73.78 
 137 94.60 39.82 84.69 
 138 68.83 80.65 94.60 
 139 76.51 72.77 94.60 
 140 91.22 80.58 94.60 
 141 82.72 44.71 94.60 
 142 97.94 50.91 94.60 
 143 91.50 42.80 97.94 
 144 93.03 87.47 97.94 
 145 101.50 67.60 97.94 
 146 102.54 99.43 101.50 
 147 143.00 69.57 102.54 
 148 120.57 49.64 143.00 
 149 148.90 89.40 143.00 
 150 117.99 68.29 148.90 
 151 148.80 93.78 148.90 
 152 132.82 80.98 148.90 
 153 146.11 118.46 148.90 
 154 146.66 101.39 148.90 
 155 121.91 143.12 148.90 
 156 145.18 109.32 148.90 
 157 141.83 42.23 148.90 
 158 137.73 67.06 148.90 
 159 161.62 67.33 148.90 
 160 184.85 80.76 161.62 
 161 172.53 91.76 184.85 
 162 146.68 76.19 184.85 
 163 163.10 103.83 184.85 
 164 162.45 89.85 184.85 
 165 197.18 120.54 184.85 
 166 206.66 123.98 197.18 
 167 192.64 114.21 206.66 
 168 251.43 150.83 206.66 
 169 224.94 154.19 251.43 
 170 196.94 106.60 251.43 
 171 229.78 237.18 251.43 
 172 208.86 186.87 251.43 
 173 205.18 171.01 251.43 
 174 220.08 201.25 251.43 
 175 193.82 245.12 251.43 
 176 292.40 97.11 251.43 
 177 220.57 143.19 292.40 
 178 272.43 153.16 292.40 
 179 246.70 242.52 292.40 
 180 299.63 234.61 292.40 
 181 228.96 299.08 299.63 
 182 235.79 330.01 299.63 
 183 264.17 234.74 299.63 
 184 333.55 142.26 299.63 
 185 300.81 157.69 333.55 
 186 237.76 147.90 333.55 
 187 301.79 164.61 333.55 
 188 367.97 83.11 333.55 
 189 365.27 134.42 367.97 
 190 333.12 169.31 367.97 
 191 290.41 137.93 367.97 
 192 344.47 146.61 367.97 
 193 311.69 192.08 367.97 
 194 350.94 254.94 367.97 
 195 353.23 204.94 367.97 
 196 420.73 326.90 367.97 
 197 319.37 168.53 420.73 
 198 374.36 261.58 420.73 
 199 310.58 173.40 420.73 
 200 390.11 210.32 420.73 
 201 452.88 300.46 420.73 
 202 417.05 165.30 452.88 
 203 446.55 228.82 452.88 
 204 426.99 177.18 452.88 
 205 405.52 241.11 452.88 
 206 479.86 245.61 452.88 
 207 431.47 216.62 479.86 
 208 414.42 218.32 479.86 
 209 395.75 255.17 479.86 
 210 539.77 203.91 479.86 
 211 413.17 163.56 539.77 
 212 533.73 287.86 539.77 
 213 565.81 206.97 539.77 
 214 446.47 239.99 565.81 
 215 495.49 224.40 565.81 
 216 481.45 189.79 565.81 
 217 528.82 337.45 565.81 
 218 587.40 443.26 565.81 
 219 617.66 331.45 587.40 
 220 509.50 383.52 617.66 
 221 666.98 308.86 617.66 
 222 556.14 353.48 666.98 
 223 617.14 339.30 666.98 
 224 577.27 489.60 666.98 
 225 573.44 437.66 666.98 
 226 551.37 442.72 666.98 
 227 735.48 468.89 666.98 
 228 659.25 438.37 735.48 
 229 729.50 523.71 735.48 
 230 627.12 497.52 735.48 
 231 768.65 539.46 735.48 
 232 781.10 593.04 768.65 
 233 642.07 548.84 781.10 
 234 679.06 553.50 781.10 
 235 732.90 440.43 781.10 
 236 763.40 493.40 781.10 
 237 799.36 429.79 781.10 
 238 763.71 434.74 799.36 
 239 708.90 483.36 799.36 
 240 694.28 521.32 799.36 
 241 746.98 503.04 799.36 
 242 882.96 502.59 799.36 
 243 783.03 622.46 882.96 
 244 819.79 500.31 882.96 
 245 792.10 537.80 882.96 
 246 871.39 381.66 882.96 
 247 919.85 339.13 882.96 
 248 857.10 653.75 919.85 
 249 877.77 607.18 919.85 
 250 906.34 566.39 919.85 
 251 1019.05 652.74 919.85 
 252 960.44 613.95 1019.05 
 253 973.08 655.67 1019.05 
 254 982.64 662.00 1019.05 
 255 977.49 716.01 1019.05 
 256 1043.01 805.62 1019.05 
 257 976.27 681.16 1043.01 
 258 1045.59 728.57 1043.01 
 259 1130.37 760.76 1045.59 
 260 1002.65 732.32 1130.37 
 261 1041.76 795.42 1130.37 
 262 1104.75 899.10 1130.37 
 263 1073.23 961.59 1130.37 
 264 1119.86 812.28 1130.37 
 265 1141.78 887.38 1130.37 
 266 968.97 839.05 1141.78 
 267 1240.92 855.48 1141.78 
 268 1151.40 904.22 1240.92 
 269 1080.67 1098.93 1240.92 
 270 1068.50 903.91 1240.92 
 271 1090.09 720.20 1240.92 
 272 1311.92 707.43 1240.92 
 273 1310.01 936.76 1311.92 
 274 1199.17 1094.53 1311.92 
 275 1131.26 1017.77 1311.92 
 276 1196.07 1149.11 1311.92 
 277 1170.81 1038.94 1311.92 
 278 1158.81 1062.39 1311.92 
 279 1222.48 1028.02 1311.92 
 280 1059.06 1268.44 1311.92 
 281 1112.66 1322.04 1311.92 
 282 1235.40 1157.50 1311.92 
 283 1309.83 1303.02 1311.92 
 284 1187.39 1287.18 1311.92 
 285 1343.15 1309.12 1311.92 
 286 1267.90 1279.21 1343.15 
 287 1283.68 1423.43 1343.15 
 288 1322.49 1151.25 1343.15 
 289 1122.50 1175.72 1343.15 
 290 1205.67 1336.81 1343.15 
 291 1359.49 1215.77 1343.15 
 292 1401.50 1219.55 1359.49 
 293 1234.20 1189.28 1401.50 
 294 1324.26 1176.91 1401.50 
 295 1150.63 1090.32 1401.50 
 296 1248.65 1278.54 1401.50 
 297 1388.64 1429.59 1401.50 
 298 1232.54 1237.13 1401.50 
 299 1179.56 1184.67 1401.50 
