Iter | Sampling Pol | Evaluation Pol | Best (Sampled) 
   0 -4.50 -5.40 -100000000.00 
   1 -4.47 -5.38 -4.50 
   2 -4.73 -5.12 -4.47 
   3 -3.41 -4.64 -4.47 
   4 -2.54 -4.56 -3.41 
   5 -2.32 -4.51 -2.54 
   6 -2.97 -3.84 -2.32 
   7 -3.44 -2.01 -2.32 
   8 -2.36 -4.61 -2.32 
   9 -1.13 19.22 -2.32 
  10 -1.87 -2.12 -1.13 
  11 -2.94  2.57 -1.13 
  12  1.24 -4.07 -1.13 
  13 -2.02  2.61  1.24 
  14 -2.71 -4.66  1.24 
  15 -1.64 -1.80  1.24 
  16  1.07 -1.71  1.24 
  17  1.80  2.93  1.24 
  18  0.76 -2.40  1.80 
  19  2.63 -0.80  1.80 
  20  4.73 15.33  2.63 
  21  2.07  2.66  4.73 
  22  7.86 -1.31  4.73 
  23  1.21 -1.92  7.86 
  24 -0.74 -4.20  7.86 
  25  0.70  1.15  7.86 
  26  4.68 -4.93  7.86 
  27  4.38 -4.24  7.86 
  28  3.17  2.37  7.86 
  29  5.09  0.12  7.86 
  30  3.35  0.23  7.86 
  31  0.40 -2.24  7.86 
  32  3.54 -3.68  7.86 
  33  7.30 -1.15  7.86 
  34 10.11 -1.29  7.86 
  35 15.37 -1.08 10.11 
  36 15.65  7.16 15.37 
  37 16.35  6.61 15.65 
  38  7.89 -2.22 16.35 
  39  9.90 -4.81 16.35 
  40  4.73 -4.90 16.35 
  41  3.89 -1.62 16.35 
  42 10.27 -0.97 16.35 
  43  8.96 -5.32 16.35 
  44 20.95 -5.01 16.35 
  45 11.01 -2.98 20.95 
  46 20.91 -5.55 20.95 
  47  9.43 -3.69 20.95 
  48 23.92 -3.16 20.95 
  49 20.24  5.04 23.92 
  50  5.35  1.87 23.92 
  51 21.94 -1.06 23.92 
  52 12.47  6.25 23.92 
  53 21.80  7.74 23.92 
  54 17.77 36.52 23.92 
  55 39.52 55.53 23.92 
  56 30.81 42.31 39.52 
  57 28.24 56.49 39.52 
  58 51.93 142.38 39.52 
  59 36.77 73.07 51.93 
  60 14.70 91.24 51.93 
  61 38.36 54.35 51.93 
  62 42.36 30.68 51.93 
  63 31.63 146.38 51.93 
  64 34.99 23.30 51.93 
  65 41.60 89.07 51.93 
  66 75.57 84.27 51.93 
  67 49.21 69.43 75.57 
  68 57.67 54.75 75.57 
  69 77.18 26.13 75.57 
  70 72.66 140.17 77.18 
  71 67.01 185.74 77.18 
  72 86.18 71.51 77.18 
  73 79.58 166.50 86.18 
  74 62.91 98.63 86.18 
  75 81.36 162.84 86.18 
  76 71.13 96.55 86.18 
  77 90.58 114.74 86.18 
  78 109.90 92.02 90.58 
  79 117.12 166.28 109.90 
  80 119.28 331.66 117.12 
  81 85.23 385.20 119.28 
  82 134.76 228.76 119.28 
  83 115.83 233.81 134.76 
  84 116.26 208.62 134.76 
  85 124.61 235.90 134.76 
  86 115.29 217.12 134.76 
  87 154.18 265.23 134.76 
  88 166.61 197.03 154.18 
  89 147.25 210.24 166.61 
  90 190.28 183.22 166.61 
  91 190.72 205.99 190.28 
  92 215.55 245.52 190.72 
  93 179.25 258.09 215.55 
  94 276.11 217.45 215.55 
  95 274.99 200.53 276.11 
  96 319.76 280.34 276.11 
  97 346.99 325.33 319.76 
  98 343.70 341.97 346.99 
  99 318.94 362.31 346.99 
