Iter | Sampling Pol | Evaluation Pol | Best (Sampled) 
   0 -7.64 -4.42 -100000000.00 
   1 -7.12 -4.06 -7.64 
   2 -5.55 -4.09 -7.12 
   3 -4.71 -3.89 -5.55 
   4 -4.35 -3.63 -4.71 
   5 -4.22 -3.95 -4.35 
   6 -3.77 -0.94 -4.22 
   7 -3.77 -1.03 -3.77 
   8 -3.36 -3.86 -3.77 
   9 -3.09 -4.18 -3.36 
  10 -2.69 -4.26 -3.09 
  11 -2.26 -4.26 -2.69 
  12 -2.17 -4.35 -2.26 
  13 -2.54 -3.86 -2.17 
  14 -2.69 -2.95 -2.17 
  15 -1.21 -2.88 -2.17 
  16 -1.80 -2.81 -1.21 
  17 -1.92 -3.24 -1.21 
  18 -1.00 -2.72 -1.21 
  19 -0.57 -0.65 -1.00 
  20 -2.04  2.42 -0.57 
  21 -1.19  8.76 -0.57 
  22  0.94  2.44 -0.57 
  23  0.78  1.97  0.94 
  24 -0.86  2.02  0.94 
  25 -2.13 -0.08  0.94 
  26 -0.55 -0.90  0.94 
  27  1.58 -0.07  0.94 
  28  0.47  6.56  1.58 
  29  1.66 15.71  1.58 
  30  2.67 -0.73  1.66 
  31  0.90  5.31  2.67 
  32  3.43 38.06  2.67 
  33  1.86  6.02  3.43 
  34  2.79 32.56  3.43 
  35  2.32 20.34  3.43 
  36  3.06  3.78  3.43 
  37  1.88 12.35  3.43 
  38  3.24 37.58  3.43 
  39  2.75  0.75  3.43 
  40  6.48  7.74  3.43 
  41  3.33 16.65  6.48 
  42  7.53  8.20  6.48 
  43  5.35  8.29  7.53 
  44  7.86  2.95  7.53 
  45  4.27  4.42  7.86 
  46 11.32  6.36  7.86 
  47 14.24  6.10 11.32 
  48  9.03  1.97 14.24 
  49 12.27  5.25 14.24 
  50  8.29 15.68 14.24 
  51  8.97  6.00 14.24 
  52  7.60 10.09 14.24 
  53 12.91 24.86 14.24 
  54 15.40 22.70 14.24 
  55  9.63 34.80 15.40 
  56 16.03 14.77 15.40 
  57 14.47 26.10 16.03 
  58 17.64 65.15 16.03 
  59 13.48 29.16 17.64 
  60 14.57 41.26 17.64 
  61 25.51 19.10 17.64 
  62 24.25 19.89 25.51 
  63 17.27 22.26 25.51 
  64 15.06 42.44 25.51 
  65 16.66 51.16 25.51 
  66 22.18 31.68 25.51 
  67 21.59 12.10 25.51 
  68 22.69 74.05 25.51 
  69 15.87  8.72 25.51 
  70 24.81 16.20 25.51 
  71 20.74 34.83 25.51 
  72 23.72 27.05 25.51 
  73 30.84 57.05 25.51 
  74 27.13 45.07 30.84 
  75 44.68 87.59 30.84 
  76 28.12 46.29 44.68 
  77 36.05 53.97 44.68 
  78 30.97 43.08 44.68 
  79 39.08 47.73 44.68 
  80 52.02 26.03 44.68 
  81 56.31 50.76 52.02 
  82 47.51 45.79 56.31 
  83 35.63 78.33 56.31 
  84 70.26 164.46 56.31 
  85 53.32 178.69 70.26 
  86 58.16 91.31 70.26 
  87 54.07 72.55 70.26 
  88 84.90 144.10 70.26 
  89 77.42 141.01 84.90 
  90 83.85 123.81 84.90 
  91 65.70 112.24 84.90 
  92 70.64 211.48 84.90 
  93 88.64 100.27 84.90 
  94 63.63 190.64 88.64 
  95 81.59 136.03 88.64 
  96 84.63 145.04 88.64 
  97 94.82 149.72 88.64 
  98 116.51 218.46 94.82 
  99 83.42 117.08 116.51 
 100 101.89 115.52 116.51 
 101 139.95 87.53 116.51 
 102 149.44 64.13 139.95 
 103 145.32 97.59 149.44 
 104 170.83 93.41 149.44 
 105 153.34 113.47 170.83 
 106 149.14 115.13 170.83 
 107 166.64 169.04 170.83 
 108 158.54 108.35 170.83 
 109 151.68 201.44 170.83 
 110 170.73 155.86 170.83 
 111 205.29 170.82 170.83 
 112 161.48 225.92 205.29 
 113 196.98 273.16 205.29 
 114 175.96 272.64 205.29 
 115 184.55 177.85 205.29 
 116 191.51 248.64 205.29 
 117 189.05 262.58 205.29 
 118 195.89 178.83 205.29 
 119 221.72 154.51 205.29 
 120 182.17 119.79 221.72 
 121 210.02 108.20 221.72 
 122 219.03 137.87 221.72 
 123 226.65 163.73 221.72 
 124 221.53 289.69 226.65 
 125 279.61 115.51 226.65 
 126 261.11 162.85 279.61 
 127 269.97 144.07 279.61 
 128 260.35 112.26 279.61 
 129 289.12 97.97 279.61 
 130 322.03 93.87 289.12 
 131 330.62 181.78 322.03 
 132 398.68 186.59 330.62 
 133 375.15 195.17 398.68 
 134 448.65 321.58 398.68 
 135 500.41 423.19 448.65 
 136 328.45 363.49 500.41 
 137 442.89 378.31 500.41 
 138 393.13 305.60 500.41 
 139 491.97 338.74 500.41 
 140 403.98 265.49 500.41 
 141 502.71 304.83 500.41 
 142 413.12 431.19 502.71 
 143 476.54 573.28 502.71 
 144 417.96 345.39 502.71 
 145 410.44 387.66 502.71 
 146 534.31 422.85 502.71 
 147 529.47 361.12 534.31 
 148 512.14 324.43 534.31 
 149 594.60 332.51 534.31 
 150 561.02 275.14 594.60 
 151 603.07 506.69 594.60 
 152 580.13 422.24 603.07 
 153 568.64 542.02 603.07 
 154 662.40 482.43 603.07 
 155 615.66 417.48 662.40 
 156 579.09 222.96 662.40 
 157 673.20 338.94 662.40 
 158 639.26 350.89 673.20 
 159 646.10 475.30 673.20 
 160 738.05 390.49 673.20 
 161 694.54 499.90 738.05 
 162 834.07 392.37 738.05 
 163 851.77 349.91 834.07 
 164 699.50 406.10 851.77 
 165 722.07 513.84 851.77 
 166 891.01 454.23 851.77 
 167 945.66 571.80 891.01 
 168 1011.14 411.68 945.66 
 169 807.00 782.54 1011.14 
 170 902.35 763.08 1011.14 
 171 956.04 1048.75 1011.14 
 172 992.39 1013.95 1011.14 
 173 1034.86 808.34 1011.14 
 174 1221.11 684.88 1034.86 
 175 1139.09 713.44 1221.11 
 176 1042.02 749.04 1221.11 
 177 1112.88 920.23 1221.11 
 178 1337.81 796.17 1221.11 
 179 1065.66 959.24 1337.81 
 180 1122.29 1080.21 1337.81 
 181 1268.73 1107.16 1337.81 
 182 1148.39 945.09 1337.81 
 183 1234.94 992.07 1337.81 
 184 1390.67 956.90 1337.81 
 185 1243.09 847.95 1390.67 
 186 1368.37 1000.15 1390.67 
 187 1540.07 943.95 1390.67 
 188 1473.75 758.33 1540.07 
 189 1340.48 959.11 1540.07 
 190 1453.94 1048.90 1540.07 
 191 1389.95 1134.44 1540.07 
 192 1425.48 1217.45 1540.07 
 193 1510.01 963.72 1540.07 
 194 1458.03 1014.06 1540.07 
 195 1637.96 1003.79 1540.07 
 196 1684.11 1009.85 1637.96 
 197 1510.25 1045.33 1684.11 
 198 1550.50 1138.12 1684.11 
 199 1633.25 1023.42 1684.11 
 200 1651.79 1004.80 1684.11 
 201 1818.68 990.59 1684.11 
 202 1748.05 1163.86 1818.68 
 203 2004.28 1389.12 1818.68 
 204 1809.00 1105.66 2004.28 
 205 1774.45 1354.23 2004.28 
 206 1830.40 1070.53 2004.28 
 207 1907.33 1358.98 2004.28 
 208 1782.25 1045.09 2004.28 
 209 1897.13 1521.10 2004.28 
 210 1732.42 1152.04 2004.28 
 211 2031.67 1109.44 2004.28 
 212 2071.35 1502.42 2031.67 
 213 2222.57 1406.13 2071.35 
 214 1909.64 1501.91 2222.57 
 215 2018.70 1383.86 2222.57 
 216 2061.35 1333.32 2222.57 
 217 1956.39 1119.68 2222.57 
 218 2018.90 1817.11 2222.57 
 219 2196.38 1185.78 2222.57 
 220 2297.19 1494.99 2222.57 
 221 2157.31 1211.42 2297.19 
 222 2153.50 1323.44 2297.19 
 223 2152.21 1585.22 2297.19 
 224 2182.13 1244.95 2297.19 
 225 2233.37 1608.95 2297.19 
 226 2091.57 1291.43 2297.19 
 227 2050.00 1732.77 2297.19 
 228 2045.68 1322.99 2297.19 
 229 2407.80 1570.68 2297.19 
 230 2251.16 1609.28 2407.80 
 231 2216.10 1593.30 2407.80 
 232 2205.38 1608.58 2407.80 
 233 2272.22 1399.11 2407.80 
 234 2078.52 1752.18 2407.80 
 235 2348.11 1803.35 2407.80 
 236 2199.64 1655.57 2407.80 
 237 2481.23 1634.17 2407.80 
 238 2326.36 1446.63 2481.23 
 239 2358.56 1458.10 2481.23 
 240 2182.54 1176.59 2481.23 
 241 2096.42 1605.90 2481.23 
 242 2429.27 1491.09 2481.23 
 243 2321.74 1466.84 2481.23 
 244 2332.00 1445.43 2481.23 
 245 2443.99 1777.57 2481.23 
 246 2540.72 1792.90 2481.23 
 247 2570.83 1829.27 2540.72 
 248 2426.54 1644.28 2570.83 
 249 2464.86 1682.35 2570.83 
 250 2401.86 1929.56 2570.83 
 251 2472.21 2103.49 2570.83 
 252 2459.88 1877.74 2570.83 
 253 2572.06 1462.37 2570.83 
 254 2528.94 1789.47 2572.06 
 255 2454.98 1902.24 2572.06 
 256 2574.24 1764.82 2572.06 
 257 2556.70 1739.51 2574.24 
 258 2676.02 1803.59 2574.24 
 259 2690.09 1948.89 2676.02 
 260 2564.78 1894.14 2690.09 
 261 2610.96 1739.58 2690.09 
 262 2513.29 1977.10 2690.09 
 263 2429.15 1797.37 2690.09 
 264 2596.62 2118.83 2690.09 
 265 2551.65 1985.56 2690.09 
 266 2622.24 1853.35 2690.09 
 267 2895.68 1889.06 2690.09 
 268 2764.39 2058.90 2895.68 
 269 2664.61 1920.90 2895.68 
 270 2591.14 2155.41 2895.68 
 271 2642.45 2185.45 2895.68 
 272 2749.95 2174.38 2895.68 
 273 2678.03 1988.04 2895.68 
 274 2693.06 2157.90 2895.68 
 275 2621.15 1975.97 2895.68 
 276 2710.23 2127.12 2895.68 
 277 2650.96 1917.97 2895.68 
 278 2710.07 2005.01 2895.68 
 279 2666.54 2084.17 2895.68 
 280 2761.68 1849.16 2895.68 
 281 2717.80 2021.65 2895.68 
 282 2708.85 2028.61 2895.68 
 283 2614.22 1938.27 2895.68 
 284 2700.73 1871.71 2895.68 
 285 2598.59 1905.61 2895.68 
 286 2728.85 1955.80 2895.68 
 287 2846.03 2138.96 2895.68 
 288 2689.87 1979.90 2895.68 
 289 2920.72 2042.13 2895.68 
 290 2846.39 1957.95 2920.72 
 291 2884.38 2337.81 2920.72 
 292 2893.05 2472.98 2920.72 
 293 2948.32 2277.23 2920.72 
 294 2879.14 2289.76 2948.32 
 295 2896.87 2177.04 2948.32 
 296 2884.47 2131.79 2948.32 
 297 2932.91 2288.37 2948.32 
 298 2861.83 2014.49 2948.32 
 299 2700.06 2197.24 2948.32 
