Iter | Sampling Pol | Evaluation Pol | Best (Sampled) 
   0 -6.47 -5.61 -100000000.00 
   1 -6.19 -5.24 -6.47 
   2 -5.88 -4.70 -6.19 
   3 -5.67 -4.30 -5.88 
   4 -5.35 -4.11 -5.67 
   5 -4.86 -3.84 -5.35 
   6 -4.74 -3.84 -4.86 
   7 -4.80 -3.44 -4.74 
   8 -4.50 -3.18 -4.74 
   9 -3.84 -3.34 -4.50 
  10 -4.55 -1.56 -3.84 
  11 -4.51 -3.84 -3.84 
  12 -3.82 -3.74 -3.84 
  13 -4.23 -3.76 -3.82 
  14 -3.87 -3.86 -3.82 
  15 -4.13 -3.81 -3.82 
  16 -3.67 -3.79 -3.82 
  17 -3.60 -3.27 -3.67 
  18 -2.86 -3.51 -3.60 
  19 -2.97 -3.92 -2.86 
  20 -2.86 -4.71 -2.86 
  21 -3.08 -3.78 -2.86 
  22 -3.05 -3.80 -2.86 
  23 -2.87 -3.60 -2.86 
  24 -3.02 -4.33 -2.86 
  25 -2.90 -4.28 -2.86 
  26 -2.91 -4.61 -2.86 
  27 -2.62 -4.85 -2.86 
  28 -2.81 -4.32 -2.62 
  29 -1.72 -4.11 -2.62 
  30 -1.90 -3.19 -1.72 
  31 -2.89 -3.11 -1.72 
  32 -2.23 -3.45 -1.72 
  33 -2.44 -2.73 -1.72 
  34 -1.17 -3.52 -1.72 
  35 -2.48 -3.87 -1.17 
  36 -2.28 -0.02 -1.17 
  37 -2.03 -3.13 -1.17 
  38 -1.69 -3.17 -1.17 
  39 -2.37 -1.30 -1.17 
  40 -2.59 -3.03 -1.17 
  41 -1.79 -2.59 -1.17 
  42 -1.31 -3.85 -1.17 
  43 -1.98 -3.86 -1.17 
  44 -1.30 -3.79 -1.17 
  45 -1.90  0.86 -1.17 
  46 -1.32 -2.32 -1.17 
  47 -0.97 -3.38 -1.17 
  48 -1.82 -3.99 -0.97 
  49 -0.80  0.18 -0.97 
  50 -0.95 -2.81 -0.80 
  51 -1.46 -2.98 -0.80 
  52 -1.72 -3.17 -0.80 
  53 -0.73 -2.47 -0.80 
  54 -0.33 -2.66 -0.73 
  55  0.06 -1.61 -0.33 
  56 -0.06  0.64  0.06 
  57  0.13 -3.37  0.06 
  58  1.07  0.91  0.13 
  59 -0.37 -3.14  1.07 
  60  0.01 -2.02  1.07 
  61  0.62 -1.98  1.07 
  62  0.30 -0.64  1.07 
  63  1.81 -0.41  1.07 
  64  0.91  0.40  1.81 
  65  1.66 -2.33  1.81 
  66  2.81 -1.03  1.81 
  67  3.59 -0.85  2.81 
  68  2.24  1.13  3.59 
  69  2.15 -0.91  3.59 
  70  2.60  1.25  3.59 
  71  4.13  0.20  3.59 
  72  2.60  0.89  4.13 
  73  4.78  2.92  4.13 
  74  2.85  3.00  4.78 
  75  5.79  4.05  4.78 
  76  3.02  9.99  5.79 
  77  3.51  2.50  5.79 
  78  5.17  6.09  5.79 
  79  5.32  5.82  5.79 
  80  5.83  4.59  5.79 
  81  6.79  5.69  5.83 
  82  7.59  2.70  6.79 
  83  7.66  5.57  7.59 
  84  7.96 -0.34  7.66 
  85  4.74  9.16  7.96 
  86  5.20 -0.16  7.96 
  87  7.87  2.64  7.96 
  88  6.53 28.54  7.96 
  89  7.43  4.36  7.96 
  90  9.04  8.86  7.96 
  91  7.51 10.79  9.04 
  92  8.65  4.40  9.04 
  93 13.56 25.46  9.04 
  94  9.20  6.27 13.56 
  95  9.54  1.46 13.56 
  96  7.08  0.12 13.56 
  97 11.04  1.67 13.56 
  98 11.52  1.74 13.56 
  99 16.14  5.57 13.56 
 100  9.44  8.17 16.14 
 101 18.91  2.30 16.14 
 102 13.11  2.68 18.91 
 103 10.75 24.93 18.91 
 104 12.48 15.83 18.91 
 105 15.40 24.17 18.91 
 106 14.13 12.97 18.91 
 107 12.02 15.25 18.91 
 108 14.69 13.51 18.91 
 109 10.97 18.12 18.91 
 110 17.35 27.30 18.91 
 111 11.28 23.71 18.91 
 112 20.66 36.88 18.91 
 113 16.19 17.27 20.66 
 114 19.04 41.69 20.66 
 115 25.48  4.65 20.66 
 116 12.04 18.30 25.48 
 117 16.53  6.17 25.48 
 118 16.01  3.61 25.48 
 119 16.10  7.14 25.48 
 120 15.01 23.60 25.48 
 121 19.31 -0.53 25.48 
 122 19.66  7.58 25.48 
 123 21.76  3.28 25.48 
 124 18.04  6.90 25.48 
 125 14.40  6.76 25.48 
 126 24.33  7.97 25.48 
 127 20.51  8.85 25.48 
 128 17.68 10.28 25.48 
 129 14.26 10.40 25.48 
 130 17.79 18.02 25.48 
 131 17.88 10.47 25.48 
 132 18.85 12.48 25.48 
 133 29.35 12.32 25.48 
 134 20.68 16.99 29.35 
 135 29.90 16.43 29.35 
 136 15.96 10.01 29.90 
 137 24.28  7.09 29.90 
 138 22.59 14.19 29.90 
 139 22.52 14.26 29.90 
 140 27.73 13.49 29.90 
 141 23.42 10.85 29.90 
 142 19.62  6.49 29.90 
 143 19.88 79.00 29.90 
 144 30.80  8.17 29.90 
 145 15.22 13.74 30.80 
 146 27.29  9.90 30.80 
 147 26.88  8.50 30.80 
 148 24.87 41.96 30.80 
 149 39.20 22.64 30.80 
 150 33.29 45.17 39.20 
 151 34.34 39.07 39.20 
 152 35.67 19.26 39.20 
 153 26.32 53.03 39.20 
 154 42.42 21.54 39.20 
 155 51.28  9.88 42.42 
 156 36.75 36.18 51.28 
 157 34.10 31.84 51.28 
 158 41.22 10.02 51.28 
 159 34.87 20.33 51.28 
 160 44.52 15.41 51.28 
 161 45.76 10.94 51.28 
 162 43.03 53.99 51.28 
 163 25.99 33.54 51.28 
 164 41.20 24.69 51.28 
 165 38.63 80.34 51.28 
 166 42.12 48.02 51.28 
 167 25.59 14.96 51.28 
 168 35.17 34.85 51.28 
 169 31.27 41.27 51.28 
 170 53.47 26.61 51.28 
 171 43.72 19.91 53.47 
 172 49.56 11.13 53.47 
 173 45.46 11.33 53.47 
 174 60.38 12.81 53.47 
 175 50.38 58.53 60.38 
 176 52.02 12.28 60.38 
 177 52.29 14.95 60.38 
 178 59.59 20.19 60.38 
 179 34.81 14.69 60.38 
 180 67.89 25.51 60.38 
 181 57.60 73.19 67.89 
 182 80.43 35.53 67.89 
 183 64.25 22.17 80.43 
 184 105.52 70.98 80.43 
 185 85.25 38.45 105.52 
 186 97.86 41.59 105.52 
 187 91.29 45.24 105.52 
 188 126.61 31.91 105.52 
 189 103.81 56.81 126.61 
 190 93.65 107.38 126.61 
 191 86.10 91.62 126.61 
 192 116.18 60.24 126.61 
 193 110.64 159.71 126.61 
 194 98.22 94.01 126.61 
 195 120.49 70.00 126.61 
 196 115.96 58.36 126.61 
 197 125.77 79.16 126.61 
 198 112.82 87.65 126.61 
 199 141.94 104.28 126.61 
 200 128.06 115.33 141.94 
 201 128.89 56.22 141.94 
 202 138.18 35.68 141.94 
 203 133.65 121.49 141.94 
 204 117.64 153.64 141.94 
 205 146.54 91.43 141.94 
 206 206.53 125.03 146.54 
 207 163.10 171.38 206.53 
 208 119.15 138.32 206.53 
 209 142.16 61.40 206.53 
 210 151.37 187.57 206.53 
 211 170.85 182.83 206.53 
 212 201.17 78.86 206.53 
 213 230.92 71.18 206.53 
 214 139.67 109.79 230.92 
 215 183.85 149.38 230.92 
 216 189.13 201.87 230.92 
 217 189.16 128.38 230.92 
 218 279.92 214.66 230.92 
 219 237.91 256.85 279.92 
 220 276.15 210.56 279.92 
 221 235.06 173.06 279.92 
 222 222.87 95.16 279.92 
 223 253.81 131.41 279.92 
 224 203.38 173.30 279.92 
 225 164.36 171.30 279.92 
 226 233.06 260.70 279.92 
 227 280.79 228.13 279.92 
 228 283.98 207.89 280.79 
 229 269.18 115.53 283.98 
 230 266.73 101.26 283.98 
 231 326.05 203.77 283.98 
 232 271.64 218.04 326.05 
 233 314.11 245.97 326.05 
 234 277.54 233.98 326.05 
 235 310.74 154.31 326.05 
 236 309.78 184.10 326.05 
 237 388.48 315.74 326.05 
 238 294.96 225.46 388.48 
 239 364.75 192.81 388.48 
 240 323.66 169.90 388.48 
 241 295.47 145.67 388.48 
 242 331.43 188.96 388.48 
 243 329.71 214.40 388.48 
 244 330.40 206.32 388.48 
 245 332.82 184.88 388.48 
 246 388.93 208.86 388.48 
 247 384.23 160.03 388.93 
 248 391.24 201.78 388.93 
 249 397.52 186.94 391.24 
 250 392.42 151.48 397.52 
 251 351.78 197.10 397.52 
 252 343.61 184.89 397.52 
 253 337.33 222.31 397.52 
 254 389.44 130.15 397.52 
 255 445.40 130.07 397.52 
 256 350.66 317.13 445.40 
 257 363.36 217.37 445.40 
 258 401.87 153.42 445.40 
 259 363.87 216.27 445.40 
 260 363.84 179.55 445.40 
 261 397.35 244.65 445.40 
 262 490.10 249.13 445.40 
 263 317.82 292.59 490.10 
 264 455.57 192.19 490.10 
 265 462.80 189.82 490.10 
 266 427.83 169.63 490.10 
 267 464.85 232.89 490.10 
 268 431.91 247.05 490.10 
 269 473.61 277.93 490.10 
 270 448.63 203.23 490.10 
 271 570.03 195.21 490.10 
 272 485.58 292.81 570.03 
 273 451.52 328.11 570.03 
 274 497.78 362.08 570.03 
 275 511.17 337.17 570.03 
 276 463.96 387.55 570.03 
 277 530.78 537.23 570.03 
 278 519.73 495.96 570.03 
 279 506.94 533.59 570.03 
 280 498.68 337.47 570.03 
 281 501.52 300.37 570.03 
 282 582.91 395.77 570.03 
 283 555.07 360.08 582.91 
 284 562.05 367.63 582.91 
 285 619.37 344.64 582.91 
 286 644.02 431.54 619.37 
 287 658.30 387.66 644.02 
 288 605.08 473.04 658.30 
 289 640.49 410.07 658.30 
 290 657.25 412.93 658.30 
 291 664.45 409.27 658.30 
 292 728.63 295.21 664.45 
 293 675.64 292.63 728.63 
 294 792.97 352.77 728.63 
 295 755.11 561.83 792.97 
 296 737.56 534.50 792.97 
 297 652.25 707.80 792.97 
 298 735.47 688.33 792.97 
 299 603.47 740.59 792.97 
