Iter | Sampling Pol | Evaluation Pol | Best (Sampled) 
   0 -9.99 -10.87 -100000000.00 
   1 -9.21 -8.07 -9.99 
   2 -9.17 -7.45 -9.21 
   3 -8.39 -8.42 -9.17 
   4 -8.20 -6.80 -8.39 
   5 -8.26 -6.29 -8.20 
   6 -8.59 -7.28 -8.20 
   7 -8.53 -7.60 -8.20 
   8 -7.88 -6.22 -8.20 
   9 -8.21 -7.31 -7.88 
  10 -7.89 -6.50 -7.88 
  11 -7.86 -6.33 -7.88 
  12 -6.95 -6.45 -7.86 
  13 -8.31 -6.37 -6.95 
  14 -8.95 -6.42 -6.95 
  15 -8.05 -6.96 -6.95 
  16 -8.28 -6.99 -6.95 
  17 -8.69 -6.28 -6.95 
  18 -8.36 -7.08 -6.95 
  19 -7.83 -6.34 -6.95 
  20 -7.73 -6.13 -6.95 
  21 -7.20 -6.43 -6.95 
  22 -7.34 -5.83 -6.95 
  23 -6.93 -5.91 -6.95 
  24 -7.76 -5.01 -6.93 
  25 -6.95 -5.42 -6.93 
  26 -7.51 -1.81 -6.93 
  27 -7.40 -5.55 -6.93 
  28 -7.48 -5.03 -6.93 
  29 -7.24 -4.06 -6.93 
  30 -7.28 -4.96 -6.93 
  31 -6.11 -2.22 -6.93 
  32 -7.19 -4.73 -6.11 
  33 -7.44 -4.73 -6.11 
  34 -6.23 -5.99 -6.11 
  35 -6.81 -6.25 -6.11 
  36 -7.62 -6.03 -6.11 
  37 -6.29 -4.84 -6.11 
  38 -7.11 -4.82 -6.11 
  39 -5.55 -0.79 -6.11 
  40 -6.28 -3.25 -5.55 
  41 -5.81 -5.12 -5.55 
  42 -6.45 -5.21 -5.55 
  43 -6.63 -3.56 -5.55 
  44 -5.45 -3.31 -5.55 
  45 -6.25  0.50 -5.45 
  46 -6.32 -2.83 -5.45 
  47 -6.66 -4.00 -5.45 
  48 -6.52 -1.44 -5.45 
  49 -4.91 -5.03 -5.45 
  50 -5.89 -4.87 -4.91 
  51 -5.85 -3.94 -4.91 
  52 -6.27 -4.30 -4.91 
  53 -5.61 -4.49 -4.91 
  54 -3.92 -4.82 -4.91 
  55 -4.63 -4.48 -3.92 
  56 -5.41 -2.98 -3.92 
  57 -4.65 -2.82 -3.92 
  58 -5.55 -3.87 -3.92 
  59 -3.87  0.81 -3.92 
  60 -4.98 -4.44 -3.87 
  61 -4.85 -1.53 -3.87 
  62 -4.58 -4.20 -3.87 
  63 -3.70 -4.08 -3.87 
  64 -4.26 -4.02 -3.70 
  65 -3.66 -3.79 -3.70 
  66 -3.93 -3.87 -3.66 
  67 -4.37 -3.84 -3.66 
  68 -4.09 -2.48 -3.66 
  69 -4.23 -3.79 -3.66 
  70 -3.91 -3.89 -3.66 
  71 -3.34 -2.62 -3.66 
  72 -4.92 -0.01 -3.34 
  73 -2.84 -3.03 -3.34 
  74 -3.76 -2.56 -2.84 
  75 -3.90  8.53 -2.84 
  76 -2.88 -3.72 -2.84 
  77 -3.28  4.41 -2.84 
  78 -3.76 -3.38 -2.84 
  79 -2.67 -0.38 -2.84 
  80 -2.85 -2.80 -2.67 
  81 -2.52 -3.09 -2.67 
  82 -2.16 -3.07 -2.52 
  83 -0.40 -3.66 -2.16 
  84 -3.46 -3.63 -0.40 
  85 -3.73  0.11 -0.40 
  86 -2.21 -0.23 -0.40 
  87 -3.14 -4.53 -0.40 
  88 -2.85 -4.54 -0.40 
  89 -2.37 -3.97 -0.40 
  90 -1.96 -1.95 -0.40 
  91 -2.63 -2.25 -0.40 
  92 -3.52 -4.06 -0.40 
  93 -2.00  5.06 -0.40 
  94 -2.67  2.46 -0.40 
  95 -3.32  0.97 -0.40 
  96 -1.95 -1.85 -0.40 
  97 -2.75 -1.89 -0.40 
  98 -1.70 -0.49 -0.40 
  99 -2.01  0.36 -0.40 
 100 -0.60 -2.46 -0.40 
 101 -2.16 -1.87 -0.40 
 102 -0.55 -0.15 -0.40 
 103 -0.97  2.13 -0.40 
 104 -2.93 -1.53 -0.40 
 105 -0.61  2.33 -0.40 
 106 -0.65  0.21 -0.40 
 107  0.29 -3.92 -0.40 
 108 -0.97 -2.02  0.29 
 109 -1.18 -2.01  0.29 
 110 -0.16 -0.84  0.29 
 111 -0.88 -1.99  0.29 
 112 -1.19 -0.19  0.29 
 113 -0.62 -1.80  0.29 
 114  0.12  1.24  0.29 
 115 -1.14  1.99  0.29 
 116 -1.52 -1.17  0.29 
 117 -1.29  1.22  0.29 
 118 -2.32  0.26  0.29 
 119 -0.30 -0.83  0.29 
 120 -1.46  2.09  0.29 
 121 -0.34 -0.56  0.29 
 122  1.74 -1.30  0.29 
 123 -0.36  3.11  1.74 
 124 -0.05  0.84  1.74 
 125  1.83 -2.33  1.74 
 126  1.31  0.19  1.83 
 127 -1.23 -1.90  1.83 
 128 -0.94 -3.36  1.83 
 129  0.10 -2.69  1.83 
 130  0.54 -3.41  1.83 
 131 -1.03 -3.33  1.83 
 132  2.17 -2.46  1.83 
 133  0.98 -3.17  2.17 
 134  0.94 -1.40  2.17 
 135  2.31 -0.09  2.17 
 136  5.75 -2.02  2.31 
 137  3.96  2.34  5.75 
 138 -0.75  0.92  5.75 
 139  0.67 -3.22  5.75 
 140  1.93 -2.19  5.75 
 141  0.58 -1.56  5.75 
 142  2.60 -0.46  5.75 
 143  2.28  0.66  5.75 
 144  0.69 -0.02  5.75 
 145  3.35 -2.87  5.75 
 146  3.76 -0.87  5.75 
 147  0.62 -1.04  5.75 
 148  2.04 -2.73  5.75 
 149 10.07  4.27  5.75 
 150  5.51  1.95 10.07 
 151  6.98  0.74 10.07 
 152  1.83  0.93 10.07 
 153  3.05 -0.52 10.07 
 154  9.49  1.00 10.07 
 155  4.82 -0.52 10.07 
 156  9.32 -0.18 10.07 
 157  6.66  1.17 10.07 
 158  3.87  0.07 10.07 
 159  4.39  2.86 10.07 
 160  6.04  1.49 10.07 
 161  8.68  6.06 10.07 
 162  9.49  4.96 10.07 
 163  5.97  0.90 10.07 
 164  9.29 -0.12 10.07 
 165  8.06  2.90 10.07 
 166 10.33  3.94 10.07 
 167  8.21 18.21 10.33 
 168  8.90  3.43 10.33 
 169 13.99  2.31 10.33 
 170  6.54  4.48 13.99 
 171 15.40  3.83 13.99 
 172  7.76  3.87 15.40 
 173 17.37 12.54 15.40 
 174  8.11  0.34 17.37 
 175  8.42 24.62 17.37 
 176 10.29  4.04 17.37 
 177 11.95 18.74 17.37 
 178  9.01 11.12 17.37 
 179 10.97  6.73 17.37 
 180 15.44 11.46 17.37 
 181 18.95  6.04 17.37 
 182 14.86 44.12 18.95 
 183 21.62 22.41 18.95 
 184 13.06 21.21 21.62 
 185 14.68 33.51 21.62 
 186 14.13 32.54 21.62 
 187 26.57 29.51 21.62 
 188 13.24  9.97 26.57 
 189 18.04 10.59 26.57 
 190 15.46 15.90 26.57 
 191 17.33 16.32 26.57 
 192 21.00 22.75 26.57 
 193 22.41 36.74 26.57 
 194 20.96 28.07 26.57 
 195 21.18 56.66 26.57 
 196 29.85 58.35 26.57 
 197 43.08 45.75 29.85 
 198 29.46 64.15 43.08 
 199 27.83 45.95 43.08 
 200 41.60 59.18 43.08 
 201 27.55 98.19 43.08 
 202 41.38 75.09 43.08 
 203 46.32 90.68 43.08 
 204 38.13 58.11 46.32 
 205 47.76 116.74 46.32 
 206 42.00 141.37 47.76 
 207 48.50 96.78 47.76 
 208 47.55 109.52 48.50 
 209 43.59 123.08 48.50 
 210 32.08 97.10 48.50 
 211 76.10 87.66 48.50 
 212 51.36 106.43 76.10 
 213 64.72 84.19 76.10 
 214 61.46 106.32 76.10 
 215 51.24 58.53 76.10 
 216 66.18 126.20 76.10 
 217 68.51 56.47 76.10 
 218 72.66 92.14 76.10 
 219 76.90 287.03 76.10 
 220 84.54 108.39 76.90 
 221 78.57 118.02 84.54 
 222 92.23 144.01 84.54 
 223 80.81 203.94 92.23 
 224 59.56 179.89 92.23 
 225 86.39 181.27 92.23 
 226 99.21 271.40 92.23 
 227 67.13 349.79 99.21 
 228 93.92 273.42 99.21 
 229 118.65 199.34 99.21 
 230 118.25 282.84 118.65 
 231 101.99 329.17 118.65 
 232 95.33 306.44 118.65 
 233 102.05 324.30 118.65 
 234 109.76 227.02 118.65 
 235 129.48 184.69 118.65 
 236 129.83 288.26 129.48 
 237 140.76 412.54 129.83 
 238 152.36 291.97 140.76 
 239 162.74 432.19 152.36 
 240 125.97 222.96 162.74 
 241 167.54 258.00 162.74 
 242 196.74 387.00 167.54 
 243 142.61 321.07 196.74 
 244 149.10 346.13 196.74 
 245 160.47 306.17 196.74 
 246 193.57 257.08 196.74 
 247 252.90 349.61 196.74 
 248 215.35 219.96 252.90 
 249 221.72 326.38 252.90 
 250 192.29 308.25 252.90 
 251 193.84 507.79 252.90 
 252 189.44 349.21 252.90 
 253 262.21 404.96 252.90 
 254 264.25 493.45 262.21 
 255 231.25 645.12 264.25 
 256 299.89 429.50 264.25 
 257 242.18 512.34 299.89 
 258 344.00 385.00 299.89 
 259 361.24 464.96 344.00 
 260 327.81 655.58 361.24 
 261 279.53 420.64 361.24 
 262 375.94 437.97 361.24 
 263 280.75 480.21 375.94 
 264 345.31 740.57 375.94 
 265 317.18 1006.73 375.94 
 266 296.98 931.59 375.94 
 267 331.77 737.53 375.94 
 268 367.55 1110.78 375.94 
 269 345.72 529.29 375.94 
 270 392.25 576.97 375.94 
 271 453.47 873.99 392.25 
 272 430.08 906.21 453.47 
 273 432.62 876.83 453.47 
 274 491.41 1011.43 453.47 
 275 397.14 879.10 491.41 
 276 480.43 741.43 491.41 
 277 514.79 709.64 491.41 
 278 495.29 643.06 514.79 
 279 488.70 870.31 514.79 
 280 424.09 930.75 514.79 
 281 506.19 1232.16 514.79 
 282 631.81 987.20 514.79 
 283 503.96 1072.14 631.81 
 284 443.42 981.38 631.81 
 285 575.81 1275.20 631.81 
 286 559.53 1119.62 631.81 
 287 652.30 932.64 631.81 
 288 621.31 1114.25 652.30 
 289 578.58 788.63 652.30 
 290 578.94 873.27 652.30 
 291 561.39 832.87 652.30 
 292 666.40 924.29 652.30 
 293 619.33 632.11 666.40 
 294 663.79 918.34 666.40 
 295 618.81 934.80 666.40 
 296 674.77 853.79 666.40 
 297 732.05 1012.94 674.77 
 298 686.11 903.31 732.05 
 299 800.62 931.65 732.05 
 276 477.30 1101.64 -100000000.00 
 277 517.72 925.89 477.30 
 278 446.28 1083.27 517.72 
 279 517.96 1227.32 517.72 
 280 480.64 934.66 517.96 
 281 484.63 710.53 517.96 
 282 504.71 986.53 517.96 
 283 435.86 942.48 517.96 
 284 617.63 829.53 517.96 
 285 558.02 1173.61 617.63 
 286 518.25 925.86 617.63 
 287 588.90 926.74 617.63 
 288 565.78 968.55 617.63 
 289 490.04 947.61 617.63 
 290 626.83 720.07 617.63 
 291 560.83 955.07 626.83 
 292 593.48 805.65 626.83 
 293 601.78 757.48 626.83 
 294 712.94 969.36 626.83 
 295 594.53 1338.44 712.94 
 296 581.84 1078.15 712.94 
 297 755.59 1313.40 712.94 
 298 630.78 1026.27 755.59 
 299 666.82 1262.78 755.59 
 300 759.80 985.18 755.59 
 301 731.81 1028.34 759.80 
 302 737.19 1153.57 759.80 
 303 821.05 1067.50 759.80 
 304 831.45 1212.74 821.05 
 305 814.57 1359.95 831.45 
 306 924.99 1038.90 831.45 
 307 824.91 1073.40 924.99 
 308 875.30 1265.71 924.99 
 309 802.59 1090.40 924.99 
 310 900.61 1105.10 924.99 
 311 1047.15 1127.87 924.99 
 312 912.37 1152.35 1047.15 
 313 950.76 1418.40 1047.15 
 314 903.39 974.09 1047.15 
 315 1019.09 1406.03 1047.15 
 316 946.01 1020.06 1047.15 
 317 1013.75 860.51 1047.15 
 318 901.04 1009.90 1047.15 
 319 988.68 908.48 1047.15 
 320 1025.75 1161.69 1047.15 
 321 1055.97 1066.31 1047.15 
 322 1076.09 823.02 1055.97 
 323 1059.26 1071.61 1076.09 
 324 1300.74 1069.09 1076.09 
 325 1212.59 1527.70 1300.74 
 326 1139.91 1285.45 1300.74 
 327 1071.47 1426.16 1300.74 
 328 1164.90 1679.59 1300.74 
 329 1344.19 1390.70 1300.74 
 330 1156.61 1681.39 1344.19 
 331 1263.16 1491.28 1344.19 
 332 1054.09 1668.89 1344.19 
 333 1200.39 1647.94 1344.19 
 334 1454.48 1340.62 1344.19 
 335 1318.77 1584.33 1454.48 
 336 1477.69 1709.51 1454.48 
 337 1248.19 1727.12 1477.69 
 338 1420.49 1609.64 1477.69 
 339 1349.47 1555.17 1477.69 
 340 1448.45 1631.91 1477.69 
 341 1392.13 1558.91 1477.69 
 342 1265.79 1499.32 1477.69 
 343 1497.88 1395.40 1477.69 
 344 1534.56 1485.24 1497.88 
 345 1363.58 1703.81 1534.56 
 346 1516.87 1780.53 1534.56 
 347 1539.55 1644.90 1534.56 
 348 1527.19 1924.70 1539.55 
 349 1568.67 1810.86 1539.55 
 350 1514.86 1619.45 1568.67 
 351 1572.68 1951.40 1568.67 
 352 1524.40 1977.72 1572.68 
 353 1695.55 2142.75 1572.68 
 354 1677.43 2165.33 1695.55 
 355 1658.16 1474.65 1695.55 
 356 1723.34 1604.75 1695.55 
 357 1825.92 1973.15 1723.34 
 358 1606.35 1819.20 1825.92 
 359 1641.38 1858.47 1825.92 
 360 2017.48 1590.92 1825.92 
 361 1567.27 1856.92 2017.48 
 362 1680.97 1930.39 2017.48 
 363 1908.60 1835.98 2017.48 
 364 2012.20 1857.62 2017.48 
 365 2053.63 1839.16 2017.48 
 366 1860.51 1685.49 2053.63 
 367 1946.44 1667.53 2053.63 
 368 1820.32 1660.59 2053.63 
 369 1928.46 1806.01 2053.63 
 370 1914.27 1666.05 2053.63 
 371 1966.89 1579.78 2053.63 
 372 1943.21 1740.33 2053.63 
 373 2164.67 1616.67 2053.63 
 374 2064.62 1736.96 2164.67 
 375 2009.82 1840.86 2164.67 
 376 2185.02 1751.19 2164.67 
 377 1962.16 1909.85 2185.02 
 378 2089.72 2011.06 2185.02 
 379 2092.11 2105.29 2185.02 
 380 2088.46 1741.81 2185.02 
 381 2094.56 2043.86 2185.02 
 382 2196.75 1876.72 2185.02 
 383 2136.08 2116.01 2196.75 
 384 2103.84 1896.80 2196.75 
 385 2071.86 2053.96 2196.75 
 386 2116.90 2295.28 2196.75 
 387 2153.30 2266.29 2196.75 
 388 2108.78 2039.03 2196.75 
 389 2093.33 2114.61 2196.75 
 390 2236.85 1954.83 2196.75 
 391 2160.38 2078.35 2236.85 
 392 2122.36 2200.75 2236.85 
 393 2207.53 2097.18 2236.85 
 394 2198.83 1984.44 2236.85 
 395 2243.59 2256.87 2236.85 
 396 2187.41 2109.24 2243.59 
 397 2291.28 2052.41 2243.59 
 398 2233.76 2036.48 2291.28 
 399 2286.77 2138.82 2291.28 
 400 2263.38 2059.55 2291.28 
 401 2363.35 2026.58 2291.28 
 402 2266.98 1910.03 2363.35 
 403 2263.82 2112.35 2363.35 
 404 2487.26 1991.70 2363.35 
 405 2310.85 2207.54 2487.26 
 406 2383.27 1998.40 2487.26 
 407 2432.50 1809.04 2487.26 
 408 2522.48 1459.15 2487.26 
 409 2209.76 1115.06 2522.48 
 410 2116.52 1811.50 2522.48 
 411 2430.43 1888.46 2522.48 
 412 2419.24 2202.13 2522.48 
 413 2574.49 2349.14 2522.48 
 414 2375.01 1908.07 2574.49 
 415 2401.49 2494.07 2574.49 
 416 2536.31 2268.07 2574.49 
 417 2367.65 1886.24 2574.49 
 418 2463.97 2255.04 2574.49 
 419 2474.79 2461.64 2574.49 
 420 2416.01 2066.15 2574.49 
 421 2453.16 2344.48 2574.49 
 422 2657.94 2496.12 2574.49 
 423 2716.97 2421.64 2657.94 
 424 2529.36 2298.26 2716.97 
 425 2425.89 2361.05 2716.97 
 426 2498.37 2293.83 2716.97 
 427 2619.95 2467.22 2716.97 
 428 2521.18 2149.18 2716.97 
 429 2339.22 2254.36 2716.97 
 430 2666.96 2193.78 2716.97 
 431 2408.76 2313.60 2716.97 
 432 2539.75 2643.19 2716.97 
 433 2717.15 2674.86 2716.97 
 434 2463.81 2555.27 2717.15 
 435 2597.93 2492.27 2717.15 
 436 2726.03 2058.88 2717.15 
 437 2657.79 2553.53 2726.03 
 438 2695.98 2454.22 2726.03 
 439 2544.00 2616.99 2726.03 
 440 2610.01 2327.81 2726.03 
 441 2682.73 2784.76 2726.03 
 442 2623.84 2514.55 2726.03 
 443 2608.54 2561.14 2726.03 
 444 2779.51 2263.82 2726.03 
 445 2400.09 1847.56 2779.51 
 446 2596.79 2422.81 2779.51 
 447 2654.75 3018.19 2779.51 
 448 2733.69 2404.72 2779.51 
 449 2787.69 2806.24 2779.51 
 450 2763.72 2753.77 2787.69 
 451 2756.82 2485.86 2787.69 
 452 2737.35 2328.46 2787.69 
 453 2898.57 2812.84 2787.69 
 454 2785.98 2709.18 2898.57 
 455 2722.07 2571.93 2898.57 
 456 2812.80 2546.49 2898.57 
 457 2807.11 2755.45 2898.57 
 458 2676.56 2252.64 2898.57 
 459 2891.03 2972.24 2898.57 
 460 2769.41 2863.53 2898.57 
 461 2703.99 2741.71 2898.57 
 462 2870.92 2833.20 2898.57 
 463 2806.19 2484.26 2898.57 
 464 2757.48 2852.57 2898.57 
 465 2951.46 2706.68 2898.57 
 466 2814.14 2791.62 2951.46 
 467 2749.30 2745.21 2951.46 
 468 2688.70 2369.92 2951.46 
 469 2648.58 2730.00 2951.46 
 470 2796.14 2859.62 2951.46 
 471 2875.81 2954.57 2951.46 
 472 2877.35 1932.90 2951.46 
 473 2519.05 3112.13 2951.46 
 474 2917.62 2835.63 2951.46 
 475 2943.96 2682.34 2951.46 
 476 2752.40 2960.86 2951.46 
 477 2855.52 2896.76 2951.46 
 478 2685.91 3059.34 2951.46 
 479 2942.12 2888.38 2951.46 
 480 2907.79 3062.81 2951.46 
 481 2938.05 3050.46 2951.46 
 482 2953.12 2977.47 2951.46 
 483 2958.50 3117.34 2953.12 
 484 2747.30 3275.72 2958.50 
 485 3015.03 3187.43 2958.50 
 486 3002.01 3237.43 3015.03 
 487 2985.37 3117.27 3015.03 
 488 3042.79 3309.45 3015.03 
 489 3130.04 3257.77 3042.79 
 490 2927.84 3182.39 3130.04 
 491 3028.38 3211.76 3130.04 
 492 3045.83 3174.72 3130.04 
 493 3172.15 3208.78 3130.04 
 494 3132.56 3191.15 3172.15 
 495 3108.33 3155.47 3172.15 
 496 3123.54 3114.52 3172.15 
 497 2976.37 3033.30 3172.15 
 498 3153.40 3269.56 3172.15 
 499 3078.42 3243.41 3172.15 
 500 3037.52 3137.40 3172.15 
 501 2772.75 3251.46 3172.15 
 502 3068.73 3194.23 3172.15 
 503 3136.86 3193.65 3172.15 
 504 3037.83 3142.89 3172.15 
 505 3173.88 3120.38 3172.15 
 506 3024.94 3202.30 3173.88 
 507 3142.49 3146.23 3173.88 
 508 3024.28 3144.95 3173.88 
 509 3001.47 2906.34 3173.88 
 510 2855.36 2986.08 3173.88 
 511 3108.17 3219.83 3173.88 
 512 3117.64 3152.41 3173.88 
 513 3072.45 3224.32 3173.88 
 514 3028.09 3253.80 3173.88 
 515 3187.14 3215.27 3173.88 
 516 3059.84 3236.21 3187.14 
 517 3014.18 3193.28 3187.14 
 518 3113.59 3195.29 3187.14 
 519 3192.98 3207.93 3187.14 
 520 3279.91 3320.69 3192.98 
 521 3040.62 3213.02 3279.91 
 522 3082.62 3246.05 3279.91 
 523 3066.87 3135.73 3279.91 
 524 3311.76 3183.87 3279.91 
 525 3157.70 3213.31 3311.76 
 526 3008.33 3127.11 3311.76 
 527 3177.28 2964.57 3311.76 
 528 3119.86 3289.14 3311.76 
 529 3125.78 3212.88 3311.76 
 530 3244.66 2970.87 3311.76 
 531 3249.74 3007.68 3311.76 
 532 3011.07 3072.46 3311.76 
 533 3179.04 3421.80 3311.76 
 534 3213.30 3334.31 3311.76 
 535 3078.59 3248.01 3311.76 
 536 3151.06 3284.55 3311.76 
 537 3075.30 3321.83 3311.76 
 538 3096.41 3398.57 3311.76 
 539 3031.64 3492.14 3311.76 
 540 3112.65 3344.45 3311.76 
 541 3134.49 3303.98 3311.76 
 542 3116.84 3325.36 3311.76 
 543 3135.93 3419.10 3311.76 
 544 3370.53 3424.32 3311.76 
 545 3194.11 3451.95 3370.53 
 546 3210.82 3423.12 3370.53 
 547 3293.80 3343.47 3370.53 
 548 3283.30 3332.95 3370.53 
 549 3295.98 3438.04 3370.53 
 550 3118.61 3396.49 3370.53 
 551 3085.42 3392.30 3370.53 
 552 3238.59 3419.41 3370.53 
 553 3037.16 3145.13 3370.53 
 554 3048.26 3301.55 3370.53 
 555 3238.57 3326.66 3370.53 
 556 3264.56 3200.39 3370.53 
 557 3156.34 3290.87 3370.53 
 558 3247.17 3338.14 3370.53 
 559 3303.11 3223.17 3370.53 
 560 3363.53 3389.47 3370.53 
 561 3370.82 3348.13 3370.53 
 562 3302.60 3175.67 3370.82 
 563 3213.70 3367.63 3370.82 
 564 3265.32 3197.96 3370.82 
 565 3311.51 3393.34 3370.82 
 566 3207.66 3441.00 3370.82 
 567 3263.70 3369.12 3370.82 
 568 3272.91 3573.02 3370.82 
 569 3319.99 3465.31 3370.82 
 570 3264.69 3435.14 3370.82 
 571 3118.39 3563.44 3370.82 
 572 3093.58 3451.17 3370.82 
 573 3371.05 3416.67 3370.82 
 574 3109.86 3466.73 3371.05 
 575 3214.07 3369.25 3371.05 
 576 3314.68 3427.87 3371.05 
 577 3309.77 3076.02 3371.05 
 578 3320.88 3185.02 3371.05 
 579 3290.53 3362.60 3371.05 
 580 3243.10 3322.70 3371.05 
 581 3237.97 3233.08 3371.05 
 582 3375.92 3253.22 3371.05 
 583 3074.51 3396.85 3375.92 
 584 3388.62 3315.84 3375.92 
 585 3392.13 3355.57 3388.62 
 586 3335.94 3342.90 3392.13 
 587 3404.22 3295.24 3392.13 
 588 3251.06 3440.54 3404.22 
 589 3271.96 3197.24 3404.22 
 590 3331.37 3222.07 3404.22 
 591 3376.30 3102.49 3404.22 
 592 3233.29 3193.53 3404.22 
 593 3321.15 3340.85 3404.22 
 594 3501.74 3154.35 3404.22 
 595 3397.60 3103.92 3501.74 
 596 3304.23 3198.30 3501.74 
 597 3391.24 3241.57 3501.74 
 598 3352.11 3575.24 3501.74 
 599 3430.59 3268.18 3501.74 
 600 3480.34 3538.01 3501.74 
 601 3398.19 3537.59 3501.74 
 602 3345.47 3393.89 3501.74 
 603 3451.23 3509.60 3501.74 
 604 3360.38 3597.42 3501.74 
 605 3431.95 3444.53 3501.74 
 606 3386.29 3519.17 3501.74 
 607 3451.78 3528.91 3501.74 
 608 3377.12 3500.53 3501.74 
 609 3156.43 3574.06 3501.74 
 610 3402.66 3583.12 3501.74 
 611 3499.80 3421.04 3501.74 
 612 3354.73 3655.94 3501.74 
 613 3483.19 3647.89 3501.74 
 614 3329.76 3675.04 3501.74 
 615 3425.04 3578.22 3501.74 
 616 3495.79 3748.79 3501.74 
 617 3559.60 3747.07 3501.74 
 618 3398.38 3770.45 3559.60 
 619 3361.69 3743.31 3559.60 
 620 3550.23 3708.81 3559.60 
 621 3414.34 3687.14 3559.60 
 622 3423.69 3545.83 3559.60 
 623 3264.98 3645.44 3559.60 
 624 3362.15 3678.11 3559.60 
 625 3554.18 3417.97 3559.60 
 626 3461.97 3402.41 3559.60 
 627 3443.96 3670.53 3559.60 
 628 3513.76 3669.20 3559.60 
 629 3539.14 3738.50 3559.60 
 630 3457.42 3679.64 3559.60 
 631 3471.82 3695.82 3559.60 
 632 3585.30 3718.67 3559.60 
 633 3410.72 3716.98 3585.30 
 634 3352.49 3792.94 3585.30 
 635 3374.45 3785.45 3585.30 
 636 3447.58 3760.55 3585.30 
 637 3487.43 3641.29 3585.30 
 638 3470.63 3707.36 3585.30 
 639 3536.14 3610.47 3585.30 
 640 3425.31 3753.34 3585.30 
 641 3422.07 3763.44 3585.30 
 642 3413.41 3626.32 3585.30 
 643 3559.72 3689.81 3585.30 
 644 3625.69 3549.17 3585.30 
 645 3375.02 3537.57 3625.69 
 646 3459.34 3613.13 3625.69 
 647 3521.70 3542.39 3625.69 
 648 3610.90 3411.02 3625.69 
 649 3405.32 3513.75 3625.69 
 650 3483.55 3627.18 3625.69 
 651 3320.02 3395.19 3625.69 
 652 3488.99 3443.51 3625.69 
 653 3336.49 3428.01 3625.69 
 654 3541.65 3500.93 3625.69 
 655 3490.38 3463.78 3625.69 
 656 3557.48 3451.11 3625.69 
 657 3473.76 3404.87 3625.69 
 658 3342.49 3287.58 3625.69 
 659 3603.48 3513.23 3625.69 
 660 3507.36 3362.11 3625.69 
 661 3555.91 3639.86 3625.69 
 662 3306.07 3482.70 3625.69 
 663 3554.82 3432.92 3625.69 
 664 3538.77 3521.33 3625.69 
 665 3386.77 3456.13 3625.69 
 666 3324.61 3186.42 3625.69 
 667 3466.41 3468.40 3625.69 
 668 3401.05 3460.86 3625.69 
 669 3526.24 3424.88 3625.69 
 670 3496.97 3395.54 3625.69 
 671 3523.86 3430.81 3625.69 
 672 3547.11 3356.80 3625.69 
 673 3368.90 3586.99 3625.69 
 674 3508.22 3709.17 3625.69 
 675 3557.18 3632.96 3625.69 
 676 3420.58 3391.90 3625.69 
 677 3599.38 3468.46 3625.69 
 678 3576.82 3521.99 3625.69 
 679 3549.70 3621.54 3625.69 
 680 3321.96 3795.21 3625.69 
 681 3332.14 3651.37 3625.69 
 682 3569.39 3432.73 3625.69 
 683 3293.53 3538.61 3625.69 
 684 3535.55 3747.85 3625.69 
 685 3315.09 3501.72 3625.69 
 686 3465.68 3595.67 3625.69 
 687 3527.50 3562.19 3625.69 
 688 3417.08 3515.54 3625.69 
 689 3244.69 3525.12 3625.69 
 690 3475.48 3638.80 3625.69 
 691 3548.31 3570.10 3625.69 
 692 3318.67 3454.39 3625.69 
 693 3423.27 3290.94 3625.69 
 694 3372.20 3440.44 3625.69 
 695 3652.10 3577.38 3625.69 
 696 3549.50 3478.29 3652.10 
 697 3556.72 3546.13 3652.10 
 698 3625.53 3654.27 3652.10 
 699 3438.11 3663.41 3652.10 
 700 3656.08 3687.82 3652.10 
 701 3597.35 3561.74 3656.08 
 702 3481.93 3630.38 3656.08 
 703 3612.70 3703.69 3656.08 
 704 3569.42 3724.35 3656.08 
 705 3408.20 3714.40 3656.08 
 706 3610.30 3664.47 3656.08 
 707 3580.70 3615.05 3656.08 
 708 3541.18 3658.58 3656.08 
 709 3586.33 3653.79 3656.08 
 710 3615.98 3722.00 3656.08 
 711 3571.98 3660.51 3656.08 
 712 3558.88 3660.82 3656.08 
 713 3521.43 3660.50 3656.08 
 714 3576.30 3541.11 3656.08 
 715 3565.87 3611.98 3656.08 
 716 3619.27 3616.10 3656.08 
 717 3666.70 3640.30 3656.08 
 718 3575.99 3667.92 3666.70 
 719 3587.76 3660.10 3666.70 
 720 3681.96 3583.90 3666.70 
 721 3548.82 3523.60 3681.96 
 722 3608.83 3718.12 3681.96 
 723 3687.57 3652.29 3681.96 
 724 3640.52 3665.01 3687.57 
 725 3730.30 3671.78 3687.57 
 726 3509.85 3704.06 3730.30 
 727 3619.97 3878.37 3730.30 
 728 3568.14 3640.66 3730.30 
 729 3568.10 3631.06 3730.30 
 730 3509.90 3622.38 3730.30 
 731 3466.63 3683.32 3730.30 
 732 3709.89 3620.15 3730.30 
 733 3569.68 3728.50 3730.30 
 734 3551.17 3768.76 3730.30 
 735 3655.50 3786.96 3730.30 
 736 3547.18 3789.70 3730.30 
 737 3646.44 3916.03 3730.30 
 738 3613.60 3917.11 3730.30 
 739 3657.61 3870.80 3730.30 
 740 3590.36 3777.70 3730.30 
 741 3709.65 3797.47 3730.30 
 742 3594.94 3803.96 3730.30 
 743 3567.64 3749.20 3730.30 
 744 3658.92 3830.52 3730.30 
 745 3563.21 3618.23 3730.30 
 746 3584.41 3863.27 3730.30 
 747 3600.84 3807.92 3730.30 
 748 3582.00 3844.22 3730.30 
 749 3598.43 3794.77 3730.30 
 750 3600.02 3669.71 3730.30 
 751 3563.44 3744.32 3730.30 
 752 3750.95 3673.83 3730.30 
 753 3623.10 3726.24 3750.95 
 754 3678.30 3726.45 3750.95 
 755 3655.96 3739.18 3750.95 
 756 3509.97 3767.28 3750.95 
 757 3265.87 3844.24 3750.95 
 758 3650.83 3681.05 3750.95 
 759 3615.82 3761.33 3750.95 
 760 3528.01 3632.34 3750.95 
 761 3639.48 3729.37 3750.95 
 762 3746.37 3788.07 3750.95 
 763 3807.18 3913.21 3750.95 
 764 3764.57 3879.36 3807.18 
 765 3548.72 3929.23 3807.18 
 766 3608.47 3962.76 3807.18 
 767 3648.01 3926.41 3807.18 
 768 3745.39 3879.05 3807.18 
 769 3651.23 3932.05 3807.18 
 770 3547.19 3725.71 3807.18 
 771 3689.89 3801.93 3807.18 
 772 3731.55 3685.16 3807.18 
 773 3733.79 3891.37 3807.18 
 774 3540.35 3916.53 3807.18 
 775 3648.56 3758.90 3807.18 
 776 3629.52 3900.36 3807.18 
 777 3571.09 3758.86 3807.18 
 778 3752.71 3568.49 3807.18 
 779 3694.87 3514.33 3807.18 
 780 3676.70 3676.50 3807.18 
 781 3543.57 3757.16 3807.18 
 782 3600.69 3643.89 3807.18 
 783 3560.30 3730.86 3807.18 
 784 3634.86 3829.55 3807.18 
 785 3747.43 3693.28 3807.18 
 786 3801.45 3859.68 3807.18 
 787 3756.24 3765.75 3807.18 
 788 3789.55 3623.38 3807.18 
 789 3656.27 3656.84 3807.18 
 790 3721.60 3572.69 3807.18 
 791 3779.76 3582.39 3807.18 
 792 3713.68 3769.82 3807.18 
 793 3732.17 3764.32 3807.18 
 794 3729.26 3719.71 3807.18 
 795 3777.76 3730.88 3807.18 
 796 3773.71 3766.00 3807.18 
 797 3635.56 3799.62 3807.18 
 798 3719.16 3878.79 3807.18 
 799 3798.01 3811.30 3807.18 
