Iter | Sampling Pol | Evaluation Pol | Best (Sampled) 
   0 -7.92 -12.79 -100000000.00 
   1 -9.23 -13.44 -7.92 
   2 -8.17 -13.52 -7.92 
   3 -9.46 -12.04 -7.92 
   4 -9.03 -11.67 -7.92 
   5 -7.98 -10.77 -7.92 
   6 -8.80 -10.98 -7.92 
   7 -8.65 -10.88 -7.92 
   8 -8.31 -10.34 -7.92 
   9 -8.97 -10.14 -7.92 
  10 -8.72 -9.60 -7.92 
  11 -8.61 -10.53 -7.92 
  12 -8.92 -7.90 -7.92 
  13 -8.73 -7.06 -7.92 
  14 -7.11 -6.50 -7.92 
  15 -8.64 -7.81 -7.11 
  16 -8.09 -7.51 -7.11 
  17 -8.15 -7.31 -7.11 
  18 -8.03 -7.48 -7.11 
  19 -7.20 -7.33 -7.11 
  20 -7.75 -7.09 -7.11 
  21 -7.02 -6.80 -7.11 
  22 -6.52 -6.64 -7.02 
  23 -7.53 -6.25 -6.52 
  24 -7.47 -6.43 -6.52 
  25 -6.63 -6.59 -6.52 
  26 -7.38 -6.03 -6.52 
  27 -6.39 -6.18 -6.52 
  28 -4.83 -6.35 -6.39 
  29 -7.24 -6.64 -4.83 
  30 -6.85 -6.26 -4.83 
  31 -6.56 -5.87 -4.83 
  32 -6.44 -5.19 -4.83 
  33 -5.21 -5.93 -4.83 
  34 -4.84 -6.01 -4.83 
  35 -5.72  7.66 -4.83 
  36 -5.92 -6.35 -4.83 
  37 -5.19 -5.54 -4.83 
  38 -5.34 -6.77 -4.83 
  39 -5.31 -6.83 -4.83 
  40 -4.55 -6.62 -4.83 
  41 -4.50 -6.33 -4.55 
  42 -5.32 -6.04 -4.50 
  43 -4.70 -5.73 -4.50 
  44 -4.47 -5.87 -4.50 
  45 -4.83 -5.45 -4.47 
  46 -4.56 -5.49 -4.47 
  47 -4.13 -5.43 -4.47 
  48 -4.41 -5.35 -4.13 
  49 -5.27 -5.27 -4.13 
  50 -4.83 -4.65 -4.13 
  51 -3.09 -5.07 -4.13 
  52 -3.39 -3.03 -3.09 
  53 -5.09 -0.69 -3.09 
  54 -3.04 27.59 -3.09 
  55 -4.23 -4.47 -3.04 
  56 -2.18 -4.47 -3.04 
  57 -3.40 -4.47 -2.18 
  58 -4.26 -5.16 -2.18 
  59 -3.63 -4.83 -2.18 
  60 -2.89 -4.04 -2.18 
  61 -1.23 -4.62 -2.18 
  62 -0.55 -4.41 -1.23 
  63 -3.25 -3.70 -0.55 
  64 -3.33 -5.27 -0.55 
  65 -3.96 -4.01 -0.55 
  66 -1.71 -5.20 -0.55 
  67 -3.61 -4.69 -0.55 
  68  1.57 -3.94 -0.55 
  69 -3.58 -2.21  1.57 
  70 -2.24 -3.22  1.57 
  71  2.04 -3.38  1.57 
  72 -3.70 -3.93  2.04 
  73 -2.42 -2.31  2.04 
  74 -3.66 -2.95  2.04 
  75 -3.65 -0.17  2.04 
  76 -2.03 -3.62  2.04 
  77 -0.16 -2.39  2.04 
  78 -2.42 -4.21  2.04 
  79 -3.54 -0.69  2.04 
  80 -0.33 -4.43  2.04 
  81 -1.21 -5.29  2.04 
  82  1.06 -1.82  2.04 
  83 -3.84  1.05  2.04 
  84 -1.53  0.74  2.04 
  85 -4.73  2.21  2.04 
  86 -3.83  1.47  2.04 
  87  0.74 -5.06  2.04 
  88 -0.87  0.90  2.04 
  89 -0.49 -3.52  2.04 
  90 -0.37 -2.03  2.04 
  91 -1.81  2.61  2.04 
  92 -0.95  0.72  2.04 
  93 -1.75 -2.46  2.04 
  94 -1.89 10.22  2.04 
  95 -0.00  2.24  2.04 
  96 -0.20 -1.31  2.04 
  97  1.56  9.43  2.04 
  98 -0.12  0.14  2.04 
  99 -0.92 16.90  2.04 
 100  2.08  1.84  2.04 
 101 -1.29  0.48  2.08 
 102 -0.78  7.42  2.08 
 103 -0.74  6.40  2.08 
 104  5.66  8.07  2.08 
 105 -0.79  9.11  5.66 
 106 -0.74 10.81  5.66 
 107  1.71 -2.37  5.66 
 108 -0.57 -2.48  5.66 
 109  1.53 -4.32  5.66 
 110 -1.59 -2.54  5.66 
 111  4.18 -2.81  5.66 
 112  4.17 -2.35  5.66 
 113  0.72 -3.38  5.66 
 114  2.45 -2.41  5.66 
 115  8.51 -4.93  5.66 
 116  1.09 -4.01  8.51 
 117  3.70 -3.87  8.51 
 118  4.74 -2.80  8.51 
 119  6.10 -3.49  8.51 
 120  2.22 -3.29  8.51 
 121  3.45 -3.52  8.51 
 122  4.35 -2.12  8.51 
 123  6.02 -2.31  8.51 
 124  4.86 -2.32  8.51 
 125 -0.52 -3.51  8.51 
 126  8.31  2.88  8.51 
 127  8.32 -1.69  8.51 
 126  9.00 -3.64 -100000000.00 
 127  8.37 -2.82  9.00 
 128  5.20 -3.77  9.00 
 129  3.98 -0.73  9.00 
 130  5.78 -1.65  9.00 
 131  6.79 10.48  9.00 
 132  8.06 -3.50  9.00 
 133  7.95 -3.56  9.00 
 134  4.46 -2.63  9.00 
 135  8.36 -2.02  9.00 
 136  8.11 -1.72  9.00 
 137  5.19  6.99  9.00 
 138  8.58  4.37  9.00 
 139  9.04  0.04  9.00 
 140 12.58  8.25  9.04 
 141  5.07  2.97 12.58 
 142  6.96  7.77 12.58 
 143  8.59  1.78 12.58 
 144 16.08 11.61 12.58 
 145  8.01  5.86 16.08 
 146 13.90 30.86 16.08 
 147 12.04  6.52 16.08 
 148 16.40 32.22 16.08 
 149  8.30  2.43 16.40 
 150 16.64 38.64 16.40 
 151  9.98  6.48 16.64 
 152  9.67 12.88 16.64 
 153 10.27 10.85 16.64 
 154 12.55 13.42 16.64 
 155 11.64  4.97 16.64 
 156  9.89 24.24 16.64 
 157 14.11  9.37 16.64 
 158  8.47  4.11 16.64 
 159 11.86 12.72 16.64 
 160 10.27 10.69 16.64 
 161 17.30  6.34 16.64 
 162 17.18  5.70 17.30 
 163 13.75  6.06 17.30 
 164 13.78 10.72 17.30 
 165 19.96  4.99 17.30 
 166 16.50 14.63 19.96 
 167 18.89 20.92 19.96 
 168 28.39 23.45 19.96 
 169 17.95 38.58 28.39 
 170 16.24 13.56 28.39 
 171 12.07 34.24 28.39 
 172 15.93  2.10 28.39 
 173 21.59  4.92 28.39 
 174 17.13  5.62 28.39 
 175 19.54 47.16 28.39 
 176 21.98 33.43 28.39 
 177 26.45  8.18 28.39 
 178 23.73 62.20 28.39 
 179 23.43  7.32 28.39 
 180 22.17  9.35 28.39 
 181 19.34 19.32 28.39 
 182 28.24 40.90 28.39 
 183 24.45 36.24 28.39 
 184 23.42  6.61 28.39 
 185 17.69 19.53 28.39 
 186 22.91  9.59 28.39 
 187 31.65 49.73 28.39 
 188 16.92 29.10 31.65 
 189 18.90 35.72 31.65 
 190 33.20 25.98 31.65 
 191 31.50 19.56 33.20 
 192 24.08 25.45 33.20 
 193 25.25 73.74 33.20 
 194 33.35 30.93 33.20 
 195 20.94 34.16 33.35 
 196 43.45 33.58 33.35 
 197 23.48 74.46 43.45 
 198 36.47 128.91 43.45 
 199 27.92 50.13 43.45 
 200 25.92 27.38 43.45 
 201 37.56 112.53 43.45 
 202 50.79 88.55 43.45 
 203 32.54 47.89 50.79 
 204 41.06 71.20 50.79 
 205 40.49 101.63 50.79 
 206 44.14 78.05 50.79 
 207 41.92 84.84 50.79 
 208 58.82 72.66 50.79 
 209 48.72 48.80 58.82 
 210 53.27 96.84 58.82 
 211 57.54 38.49 58.82 
 212 57.51 59.98 58.82 
 213 34.01 36.23 58.82 
 214 71.36 109.42 58.82 
 215 54.25 46.54 71.36 
 216 47.91 47.61 71.36 
 217 39.44 45.91 71.36 
 218 55.58 42.39 71.36 
 219 50.34 80.50 71.36 
 220 74.47 60.79 71.36 
 221 83.23 78.64 74.47 
 222 70.68 158.87 83.23 
 223 62.54 37.60 83.23 
 224 73.12 62.80 83.23 
 225 69.91 40.21 83.23 
 226 82.02 69.87 83.23 
 227 97.82 154.15 83.23 
 228 74.98 72.37 97.82 
 229 87.64 71.28 97.82 
 230 84.00 74.63 97.82 
 231 80.21 129.29 97.82 
 232 96.07 112.70 97.82 
 233 98.12 122.15 97.82 
 234 92.49 62.94 98.12 
 235 117.63 127.56 98.12 
 236 105.49 118.73 117.63 
 237 122.89 102.69 117.63 
 238 101.73 89.60 122.89 
 239 128.46 118.29 122.89 
 240 130.93 83.59 128.46 
 241 122.34 72.18 130.93 
 242 136.36 125.80 130.93 
 243 116.14 129.76 136.36 
 244 152.80 125.65 136.36 
 245 133.32 158.97 152.80 
 246 130.96 112.46 152.80 
 247 164.64 127.95 152.80 
 248 133.04 110.14 164.64 
 249 170.59 164.89 164.64 
 250 161.83 125.18 170.59 
 251 171.48 200.66 170.59 
 252 149.24 165.34 171.48 
 253 188.32 173.25 171.48 
 254 216.68 142.41 188.32 
 255 224.63 123.86 216.68 
 256 204.57 151.29 224.63 
 257 203.25 161.89 224.63 
 258 217.69 203.21 224.63 
 259 250.73 139.67 224.63 
 260 261.85 204.97 250.73 
 261 249.73 392.59 261.85 
 262 221.41 300.08 261.85 
 263 316.81 269.12 261.85 
 264 271.38 310.66 316.81 
 265 319.04 147.72 316.81 
 266 281.92 178.11 319.04 
 267 267.97 171.79 319.04 
 268 341.76 224.59 319.04 
 269 334.25 200.66 341.76 
 270 298.20 290.70 341.76 
 271 332.92 230.56 341.76 
 272 383.22 345.31 341.76 
 273 432.84 294.25 383.22 
 274 399.62 142.67 432.84 
 275 427.68 172.88 432.84 
 276 381.14 82.97 432.84 
 277 440.48 143.46 432.84 
 278 480.68 160.05 440.48 
 279 343.36 251.75 480.68 
 280 470.70 136.79 480.68 
 281 402.75 241.07 480.68 
 282 486.66 301.52 480.68 
 283 514.14 346.37 486.66 
 284 497.37 480.24 514.14 
 285 494.81 506.08 514.14 
 286 521.42 497.18 514.14 
 287 523.99 550.50 521.42 
 288 479.78 717.67 523.99 
 289 499.82 580.99 523.99 
 290 545.33 351.49 523.99 
 291 597.94 260.28 545.33 
 292 631.53 237.97 597.94 
 293 594.38 226.20 631.53 
 294 599.62 184.34 631.53 
 295 616.23 305.22 631.53 
 296 641.27 317.45 631.53 
 297 691.12 705.97 641.27 
 298 732.28 463.01 691.12 
 299 714.58 444.87 732.28 
 276 437.54 385.55 -100000000.00 
 277 370.66 286.90 437.54 
 278 450.73 170.31 437.54 
 279 422.33 265.38 450.73 
 280 395.92 124.20 450.73 
 281 440.84 227.79 450.73 
 282 473.62 287.96 450.73 
 283 529.19 218.63 473.62 
 284 562.24 442.50 529.19 
 285 510.67 479.90 562.24 
 286 536.85 379.26 562.24 
 287 488.75 311.79 562.24 
 288 556.24 440.85 562.24 
 289 498.81 480.93 562.24 
 290 556.01 545.12 562.24 
 291 541.55 542.12 562.24 
 292 585.76 660.32 562.24 
 293 524.68 590.84 585.76 
 294 666.23 655.49 585.76 
 295 623.93 536.13 666.23 
 296 790.80 649.44 666.23 
 297 695.44 759.12 790.80 
 298 733.70 659.07 790.80 
 299 651.94 723.38 790.80 
 300 738.17 794.10 790.80 
 301 757.21 773.92 790.80 
 302 797.66 987.15 790.80 
 303 829.48 827.60 797.66 
 304 757.83 930.68 829.48 
 305 788.76 849.33 829.48 
 306 823.07 757.19 829.48 
 307 761.42 935.20 829.48 
 308 1019.78 841.56 829.48 
 309 880.27 741.21 1019.78 
 310 1005.43 983.51 1019.78 
 311 977.19 923.49 1019.78 
 312 910.89 1224.50 1019.78 
 313 1021.82 958.22 1019.78 
 314 1195.04 815.09 1021.82 
 315 1109.62 738.23 1195.04 
 316 1163.16 945.43 1195.04 
 317 1223.22 1095.98 1195.04 
 318 1087.87 1218.41 1223.22 
 319 1190.45 928.61 1223.22 
 320 1320.61 1116.57 1223.22 
 321 1043.69 958.20 1320.61 
 322 1313.31 978.93 1320.61 
 323 1248.83 1250.35 1320.61 
 324 1356.55 1338.28 1320.61 
 325 1430.86 1313.78 1356.55 
 326 1350.83 1124.60 1430.86 
 327 1264.21 789.61 1430.86 
 328 1480.24 929.29 1430.86 
 329 1298.71 846.26 1480.24 
 330 1593.86 842.97 1480.24 
 331 1394.85 1115.60 1593.86 
 332 1447.85 1364.81 1593.86 
 333 1515.54 979.75 1593.86 
 334 1493.89 1248.48 1593.86 
 335 1550.62 1361.44 1593.86 
 336 1462.01 1693.83 1593.86 
 337 1462.05 1347.62 1593.86 
 338 1491.67 1789.30 1593.86 
 339 1664.42 1712.32 1593.86 
 340 1507.94 1765.54 1664.42 
 341 1602.15 1414.74 1664.42 
 342 1465.06 1293.06 1664.42 
 343 1489.51 1482.92 1664.42 
 344 1789.65 1294.67 1664.42 
 345 1522.35 1676.93 1789.65 
 346 1736.86 1386.27 1789.65 
 347 1642.59 1308.08 1789.65 
 348 1748.22 1377.24 1789.65 
 349 1721.24 967.03 1789.65 
 350 1596.43 812.06 1789.65 
 351 1650.85 1226.43 1789.65 
 352 1789.84 1278.68 1789.65 
 353 1696.43 1171.16 1789.84 
 354 2010.11 1268.35 1789.84 
 355 1646.68 1379.43 2010.11 
 356 2032.97 1934.11 2010.11 
 357 1974.62 1318.44 2032.97 
 358 1922.48 1312.89 2032.97 
 359 1919.89 1458.33 2032.97 
 360 2001.28 1598.29 2032.97 
 361 1896.14 1329.07 2032.97 
 362 1926.75 1322.22 2032.97 
 363 2167.21 1336.23 2032.97 
 364 2123.76 1006.74 2167.21 
 365 2170.96 1031.93 2167.21 
 366 1993.84 1240.52 2170.96 
 367 1885.15 1547.50 2170.96 
 368 1961.67 1919.48 2170.96 
 369 2047.54 1688.85 2170.96 
 370 2022.85 1869.13 2170.96 
 371 2151.11 1901.21 2170.96 
 372 2236.96 1740.24 2170.96 
 373 2095.77 1817.14 2236.96 
 374 2063.25 1700.74 2236.96 
 375 2124.95 1969.88 2236.96 
 376 1937.68 1731.90 2236.96 
 377 2233.32 1758.53 2236.96 
 378 2067.88 1558.29 2236.96 
 379 2265.91 1704.35 2236.96 
 380 2335.56 1495.88 2265.91 
 381 1963.15 1535.71 2335.56 
 382 2336.97 1988.38 2335.56 
 383 2335.76 1758.65 2336.97 
 384 2297.93 1889.31 2336.97 
 385 2221.71 2024.93 2336.97 
 386 2310.54 2234.09 2336.97 
 387 2297.94 2087.80 2336.97 
 388 2272.80 2206.70 2336.97 
 389 2399.17 2295.16 2336.97 
 390 2334.99 2051.93 2399.17 
 391 2277.08 2272.56 2399.17 
 392 2432.45 2254.97 2399.17 
 393 2432.30 2046.55 2432.45 
 394 2496.35 1764.87 2432.45 
 395 2448.75 2058.96 2496.35 
 396 2299.94 2225.19 2496.35 
 397 2426.99 1978.78 2496.35 
 398 2317.70 2174.35 2496.35 
 399 2412.75 1949.42 2496.35 
 400 2419.40 1690.91 2496.35 
 401 2358.02 1685.60 2496.35 
 402 2568.63 2157.17 2496.35 
 403 2486.55 2230.74 2568.63 
 404 2634.12 1670.50 2568.63 
 405 2615.43 2095.15 2634.12 
 406 2478.72 1901.29 2634.12 
 407 2264.64 2050.25 2634.12 
 408 2652.09 1942.67 2634.12 
 409 2410.86 1842.40 2652.09 
 410 2578.95 1735.66 2652.09 
 411 2650.00 1604.26 2652.09 
 412 2505.42 2154.55 2652.09 
 413 2606.62 2151.42 2652.09 
 414 2613.25 2122.43 2652.09 
 415 2645.53 2189.20 2652.09 
 416 2703.54 2298.43 2652.09 
 417 2750.25 2036.53 2703.54 
 418 2604.79 2069.68 2750.25 
 419 2641.53 2247.93 2750.25 
 420 2725.35 2433.22 2750.25 
 421 2681.50 2024.85 2750.25 
 422 2465.41 2296.75 2750.25 
 423 2595.19 1395.70 2750.25 
 424 2557.76 2242.25 2750.25 
 425 2680.75 2467.75 2750.25 
 426 2680.90 2422.24 2750.25 
 427 2679.63 2519.56 2750.25 
 428 2741.94 2383.24 2750.25 
 429 2671.28 2385.84 2750.25 
 430 2756.75 2382.51 2750.25 
 431 2547.04 2329.22 2756.75 
 432 2660.36 2306.10 2756.75 
 433 2852.08 2662.57 2756.75 
 434 2752.17 2333.94 2852.08 
 435 2850.11 2432.85 2852.08 
 436 2821.49 2543.32 2852.08 
 437 2959.53 2703.50 2852.08 
 438 2766.08 2517.74 2959.53 
 439 2943.01 2498.35 2959.53 
 440 2731.68 2739.53 2959.53 
 441 2902.15 2613.44 2959.53 
 442 2862.83 2561.54 2959.53 
 443 2808.03 2184.75 2959.53 
 444 2982.03 2311.09 2959.53 
 445 2898.79 2616.78 2982.03 
 446 2889.33 2654.11 2982.03 
 447 2956.37 2717.14 2982.03 
 448 2960.05 2918.33 2982.03 
 449 2912.24 2764.83 2982.03 
 450 3039.39 2260.49 2982.03 
 451 2764.45 2718.70 3039.39 
 452 2860.09 2434.79 3039.39 
 453 2817.45 2653.20 3039.39 
 454 3105.95 2537.77 3039.39 
 455 2799.33 2319.35 3105.95 
 456 2842.20 2712.26 3105.95 
 457 3036.87 2605.81 3105.95 
 458 2907.21 2462.03 3105.95 
 459 3031.57 2394.45 3105.95 
 460 2982.32 2265.19 3105.95 
 461 2908.32 2435.27 3105.95 
 462 3071.96 2711.00 3105.95 
 463 3141.70 2684.66 3105.95 
 464 2988.69 2630.57 3141.70 
 465 2986.62 2437.18 3141.70 
 466 3154.33 2420.95 3141.70 
 467 3054.74 2249.09 3154.33 
 468 2932.69 2697.82 3154.33 
 469 3022.02 2264.98 3154.33 
 470 3052.18 2544.64 3154.33 
 471 3147.33 2397.59 3154.33 
 472 3158.50 2550.99 3154.33 
 473 2941.68 2579.24 3158.50 
 474 3073.80 2995.64 3158.50 
 475 3130.17 2658.58 3158.50 
 476 3011.03 2188.36 3158.50 
 477 3018.58 2407.97 3158.50 
 478 2926.91 1984.57 3158.50 
 479 3207.11 2418.62 3158.50 
 480 3108.65 2485.71 3207.11 
 481 3198.87 2506.22 3207.11 
 482 3129.93 2067.44 3207.11 
 483 3154.18 2509.84 3207.11 
 484 2914.50 2253.55 3207.11 
 485 2957.93 2329.63 3207.11 
 486 3169.32 2229.15 3207.11 
 487 3136.33 2416.66 3207.11 
 488 3042.73 2438.24 3207.11 
 489 3220.50 2454.61 3207.11 
 490 3006.28 2522.01 3220.50 
 491 3063.93 2800.17 3220.50 
 492 3099.27 2828.60 3220.50 
 493 3054.02 2520.88 3220.50 
 494 3301.99 2643.05 3220.50 
 495 3165.11 2677.01 3301.99 
 496 3031.28 2918.49 3301.99 
 497 3318.13 2561.57 3301.99 
 498 3373.81 2641.54 3318.13 
 499 3252.84 2721.74 3373.81 
 500 3221.59 2968.04 3373.81 
 501 3269.31 2710.34 3373.81 
 502 3040.55 3127.60 3373.81 
 503 3207.79 2390.20 3373.81 
 504 3123.38 2621.22 3373.81 
 505 3246.25 3031.72 3373.81 
 506 3271.16 2811.20 3373.81 
 507 3373.38 2830.86 3373.81 
 508 3167.17 2965.08 3373.81 
 509 3042.42 2650.84 3373.81 
 510 3125.87 2789.95 3373.81 
 511 3227.15 2710.57 3373.81 
 512 3267.30 2703.85 3373.81 
 513 3339.67 2597.16 3373.81 
 514 3286.06 2882.26 3373.81 
 515 3245.99 3031.67 3373.81 
 516 3142.71 3109.54 3373.81 
 517 3222.52 2868.41 3373.81 
 518 3327.16 2956.85 3373.81 
 519 3244.43 2903.06 3373.81 
 520 3232.28 2930.78 3373.81 
 521 3176.25 2787.91 3373.81 
 522 3271.12 3067.20 3373.81 
 523 3314.08 3148.81 3373.81 
 524 3317.99 2727.13 3373.81 
 525 3330.31 3128.85 3373.81 
 526 3426.88 3098.59 3373.81 
 527 3311.16 3007.44 3426.88 
 528 3352.15 2910.23 3426.88 
 529 3402.49 3130.85 3426.88 
 530 3474.50 3054.93 3426.88 
 531 3301.29 3206.29 3474.50 
 532 3318.95 3104.24 3474.50 
 533 3313.55 3173.69 3474.50 
 534 3408.14 2839.18 3474.50 
 535 3377.01 2935.64 3474.50 
 536 3368.72 3018.85 3474.50 
 537 3353.20 3002.37 3474.50 
 538 3443.97 3136.06 3474.50 
 539 3394.76 3267.08 3474.50 
 540 3412.41 3189.12 3474.50 
 541 3292.37 3027.16 3474.50 
 542 3355.53 2789.09 3474.50 
 543 3450.15 2942.29 3474.50 
 544 3359.17 2899.00 3474.50 
 545 3231.11 2766.78 3474.50 
 546 3379.71 2828.41 3474.50 
 547 3583.49 2877.13 3474.50 
 548 3408.55 2932.21 3583.49 
 549 3414.47 2982.19 3583.49 
 550 3546.80 3147.35 3583.49 
 551 3336.62 2993.30 3583.49 
 552 3507.35 2933.33 3583.49 
 553 3473.97 3275.33 3583.49 
 554 3462.55 2814.63 3583.49 
 555 3320.00 3019.32 3583.49 
 556 3295.04 2939.47 3583.49 
 557 3377.25 2862.73 3583.49 
 558 3293.72 3085.66 3583.49 
 559 3572.01 3003.47 3583.49 
 560 3437.74 3477.90 3583.49 
 561 3404.13 3304.73 3583.49 
 562 3250.63 3240.45 3583.49 
 563 3405.10 3141.42 3583.49 
 564 3393.25 3011.16 3583.49 
 565 3353.43 3272.98 3583.49 
 566 3444.63 2959.86 3583.49 
 567 3158.28 3084.23 3583.49 
 568 3461.59 3241.66 3583.49 
 569 3359.98 3086.87 3583.49 
 570 3523.08 3055.11 3583.49 
 571 3469.03 3011.08 3583.49 
 572 3451.81 3134.85 3583.49 
 573 3354.84 3305.94 3583.49 
 574 3395.31 3300.73 3583.49 
 575 3430.97 3210.18 3583.49 
 576 3515.33 3344.95 3583.49 
 577 3412.39 3312.05 3583.49 
 578 3397.25 3470.41 3583.49 
 579 3397.31 3327.13 3583.49 
 580 3564.45 3420.52 3583.49 
 581 3626.00 3244.51 3583.49 
 582 3598.33 3185.24 3626.00 
 583 3485.52 3402.19 3626.00 
 584 3510.46 3384.65 3626.00 
 585 3569.12 2996.00 3626.00 
 586 3508.62 2764.78 3626.00 
 587 3706.12 2957.62 3626.00 
 588 3526.35 3329.15 3706.12 
 589 3600.55 3320.92 3706.12 
 590 3475.70 3415.39 3706.12 
 591 3520.72 3317.35 3706.12 
 592 3450.83 3531.42 3706.12 
 593 3535.60 3430.26 3706.12 
 594 3614.39 3272.04 3706.12 
 595 3665.60 3054.62 3706.12 
 596 3693.73 2957.28 3706.12 
 597 3637.86 3123.49 3706.12 
 598 3481.53 2613.09 3706.12 
 599 3546.15 2583.35 3706.12 
 600 3522.33 2356.14 3706.12 
 601 3679.84 2623.33 3706.12 
 602 3525.34 2467.08 3706.12 
 603 3708.22 2603.54 3706.12 
 604 3546.26 2271.52 3708.22 
 605 3414.40 2797.46 3708.22 
 606 3548.67 2728.86 3708.22 
 607 3612.01 3018.48 3708.22 
 608 3569.92 3031.80 3708.22 
 609 3601.37 3028.16 3708.22 
 610 3502.50 2736.96 3708.22 
 611 3555.54 2555.52 3708.22 
 612 3508.76 2637.26 3708.22 
 613 3658.44 3440.33 3708.22 
 614 3674.73 2988.10 3708.22 
 615 3473.93 2586.76 3708.22 
 616 3640.35 3092.41 3708.22 
 617 3702.39 2932.14 3708.22 
 618 3659.08 2678.12 3708.22 
 619 3635.55 3275.15 3708.22 
 620 3712.81 2667.28 3708.22 
 621 3465.11 2561.32 3712.81 
 622 3465.88 2436.56 3712.81 
 623 3541.77 2772.55 3712.81 
 624 3505.40 2955.41 3712.81 
 625 3508.40 2787.52 3712.81 
 626 3482.23 3059.29 3712.81 
 627 3515.84 2743.56 3712.81 
 628 3534.40 2973.08 3712.81 
 629 3470.10 3197.86 3712.81 
 630 3559.48 3304.97 3712.81 
 631 3565.63 3018.37 3712.81 
 632 3563.54 3073.96 3712.81 
 633 3465.72 3449.85 3712.81 
 634 3532.86 3399.49 3712.81 
 635 3568.01 3024.15 3712.81 
 636 3731.88 3188.51 3712.81 
 637 3467.07 3315.21 3731.88 
 638 3541.44 3338.21 3731.88 
 639 3625.56 3188.56 3731.88 
 640 3530.65 3500.91 3731.88 
 641 3454.05 3227.97 3731.88 
 642 3538.16 3489.82 3731.88 
 643 3604.82 3589.22 3731.88 
 644 3723.62 3385.99 3731.88 
 645 3512.97 3313.34 3731.88 
 646 3525.13 3602.10 3731.88 
 647 3684.23 3555.41 3731.88 
 648 3660.08 3419.26 3731.88 
 649 3622.23 3276.30 3731.88 
 650 3790.02 3282.47 3731.88 
 651 3664.88 3540.17 3790.02 
 652 3529.31 3621.68 3790.02 
 653 3534.63 3454.62 3790.02 
 654 3610.49 3453.65 3790.02 
 655 3553.36 3338.06 3790.02 
 656 3601.37 2844.26 3790.02 
 657 3518.36 2999.29 3790.02 
 658 3539.91 2998.68 3790.02 
 659 3565.93 3004.30 3790.02 
 660 3628.18 2945.65 3790.02 
 661 3560.12 2858.75 3790.02 
 662 3497.80 3274.77 3790.02 
 663 3595.75 3096.75 3790.02 
 664 3638.24 3115.13 3790.02 
 665 3549.95 3209.64 3790.02 
 666 3517.36 3021.12 3790.02 
 667 3781.59 3581.31 3790.02 
 668 3477.78 3511.33 3790.02 
 669 3453.56 3375.57 3790.02 
 670 3688.13 3411.96 3790.02 
 671 3744.32 3401.21 3790.02 
 672 3636.60 3673.15 3790.02 
 673 3717.85 3499.38 3790.02 
 674 3741.44 3662.14 3790.02 
 675 3824.56 3859.50 3790.02 
 676 3754.26 3658.20 3824.56 
 677 3707.94 3756.58 3824.56 
 678 3793.03 3741.77 3824.56 
 679 3853.89 3737.32 3824.56 
 680 3775.16 3243.34 3853.89 
 681 3791.08 3607.62 3853.89 
 682 3871.57 3738.91 3853.89 
 683 3804.58 3196.55 3871.57 
 684 3737.51 3361.60 3871.57 
 685 3773.05 3434.59 3871.57 
 686 3704.89 3431.42 3871.57 
 687 3770.36 3416.60 3871.57 
 688 3710.96 3695.34 3871.57 
 689 3706.13 3517.02 3871.57 
 690 3725.35 3658.26 3871.57 
 691 3846.33 3685.46 3871.57 
 692 3781.69 3301.18 3871.57 
 693 3689.04 3536.64 3871.57 
 694 3872.04 3558.29 3871.57 
 695 3767.91 3596.12 3872.04 
 696 3793.81 3690.92 3872.04 
 697 3806.57 3549.50 3872.04 
 698 3744.51 3747.59 3872.04 
 699 3777.40 3670.09 3872.04 
 700 3859.04 3713.30 3872.04 
 701 3792.13 3511.68 3872.04 
 702 3668.02 3472.14 3872.04 
 703 3727.70 3279.09 3872.04 
 704 3689.80 3427.61 3872.04 
 705 3759.41 3683.38 3872.04 
 706 3688.47 3418.33 3872.04 
 707 3705.25 3477.96 3872.04 
 708 3939.24 3707.90 3872.04 
 709 3906.30 3642.55 3939.24 
 710 3792.29 3829.51 3939.24 
 711 3688.46 3754.53 3939.24 
 712 3744.20 3731.30 3939.24 
 713 3711.31 3570.81 3939.24 
 714 3914.10 3499.74 3939.24 
 715 3855.63 3464.48 3939.24 
 716 3797.06 3318.18 3939.24 
 717 3675.59 3467.74 3939.24 
 718 3680.05 3803.96 3939.24 
 719 3661.13 3608.54 3939.24 
 720 3775.08 3304.69 3939.24 
 721 3655.58 3648.45 3939.24 
 722 3873.53 3329.02 3939.24 
 723 3866.88 3530.19 3939.24 
 724 3845.76 3593.55 3939.24 
 725 3926.68 3448.95 3939.24 
 726 3918.39 3703.81 3939.24 
 727 3814.53 3389.46 3939.24 
 728 3846.03 3710.13 3939.24 
 729 3855.28 3438.22 3939.24 
 730 3828.92 3506.68 3939.24 
 731 3834.79 3387.14 3939.24 
 732 3805.51 3266.33 3939.24 
 733 3881.56 3282.10 3939.24 
 734 3811.18 3561.19 3939.24 
 735 3743.34 3670.93 3939.24 
 736 3864.40 3445.09 3939.24 
 737 3893.90 3796.76 3939.24 
 738 3767.23 3875.36 3939.24 
 739 3905.42 3608.90 3939.24 
 740 3713.07 3653.75 3939.24 
 741 4039.60 3340.79 3939.24 
 742 3788.01 3510.82 4039.60 
 743 3785.99 3705.73 4039.60 
 744 3828.42 3499.47 4039.60 
 745 3851.23 3678.94 4039.60 
 746 3855.04 3397.82 4039.60 
 747 3848.19 3676.16 4039.60 
 748 3763.77 3476.80 4039.60 
 749 3904.03 3487.61 4039.60 
 750 3804.44 3539.82 4039.60 
 751 3810.50 3636.38 4039.60 
 752 4014.93 3572.78 4039.60 
 753 3828.54 3819.82 4039.60 
 754 3755.49 3630.72 4039.60 
 755 3907.41 3780.33 4039.60 
 756 3877.24 3654.30 4039.60 
 757 3917.25 3580.48 4039.60 
 758 3941.82 3485.08 4039.60 
 759 3883.71 3452.43 4039.60 
 760 3772.85 3657.51 4039.60 
 761 3838.37 3657.63 4039.60 
 762 3864.54 3733.66 4039.60 
 763 3779.77 3721.23 4039.60 
 764 3988.32 3720.18 4039.60 
 765 3932.09 3414.64 4039.60 
 766 3783.38 3497.25 4039.60 
 767 3939.46 3667.69 4039.60 
 768 3878.43 3396.43 4039.60 
 769 3807.72 3361.06 4039.60 
 770 3729.07 3483.61 4039.60 
 771 3875.80 3703.63 4039.60 
 772 3823.38 3597.60 4039.60 
 773 3849.33 3677.84 4039.60 
 774 3828.51 4076.69 4039.60 
 775 3852.10 3792.76 4039.60 
 776 3803.58 3834.55 4039.60 
 777 3937.37 3854.33 4039.60 
 778 3856.93 3577.68 4039.60 
 779 3898.86 3914.62 4039.60 
 780 3927.23 3657.56 4039.60 
 781 4006.85 3861.00 4039.60 
 782 3885.68 3899.50 4039.60 
 783 3867.35 3728.10 4039.60 
 784 3957.56 3758.61 4039.60 
 785 3744.84 3634.11 4039.60 
 786 3886.80 3756.90 4039.60 
 787 3996.84 3904.62 4039.60 
 788 3912.56 3791.85 4039.60 
 789 3834.63 3684.43 4039.60 
 790 3815.72 3791.11 4039.60 
 791 3875.60 3829.11 4039.60 
 792 3885.93 3970.88 4039.60 
 793 3883.01 3471.09 4039.60 
 794 3999.98 3705.38 4039.60 
 795 3744.18 3596.29 4039.60 
 796 3832.91 3535.25 4039.60 
 797 3798.58 3560.18 4039.60 
 798 3971.62 3371.01 4039.60 
 799 3796.29 3375.13 4039.60 
