Iter | Sampling Pol | Evaluation Pol | Best (Sampled) 
   0 -6.66 -6.76 -100000000.00 
   1 -6.23 -6.82 -6.66 
   2 -6.29 -6.68 -6.23 
   3 -6.56 -5.93 -6.23 
   4 -6.13 -5.78 -6.23 
   5 -5.81 -5.92 -6.13 
   6 -5.51 -5.66 -5.81 
   7 -5.61 -5.41 -5.51 
   8 -6.03 -5.28 -5.51 
   9 -5.53 -4.47 -5.51 
  10 -5.59 -5.03 -5.51 
  11 -5.04 -4.87 -5.51 
  12 -5.14 -4.74 -5.04 
  13 -5.50 -4.45 -5.04 
  14 -4.92 -4.41 -5.04 
  15 -4.50 -4.50 -4.92 
  16 -5.07 -4.24 -4.50 
  17 -4.70 -4.24 -4.50 
  18 -4.56 -4.01 -4.50 
  19 -3.98 -3.99 -4.50 
  20 -4.70 -4.30 -3.98 
  21 -4.56 -4.49 -3.98 
  22 -3.82 -4.36 -3.98 
  23 -4.46 -4.33 -3.82 
  24 -4.20 -4.36 -3.82 
  25 -4.26 -4.30 -3.82 
  26 -4.00 -0.86 -3.82 
  27 -4.17 -3.43 -3.82 
  28 -3.74 -4.56 -3.82 
  29 -3.29 -4.47 -3.74 
  30 -3.20 -4.48 -3.29 
  31 -3.68 -4.75 -3.20 
  32 -3.17 -4.72 -3.20 
  33 -3.96 -4.71 -3.17 
  34 -3.53 -4.84 -3.17 
  35 -2.74 -4.95 -3.17 
  36 -3.64 -4.82 -2.74 
  37 -3.12 -4.76 -2.74 
  38 -2.65 -4.73 -2.74 
  39 -3.66 -4.55 -2.65 
  40 -2.52 -4.57 -2.65 
  41 -2.81 -4.58 -2.52 
  42 -2.13 -4.39 -2.52 
  43 -2.49 -4.26 -2.13 
  44 -1.98 -4.24 -2.13 
  45 -2.93 -5.22 -1.98 
  46 -2.94 -5.00 -1.98 
  47 -2.34 -5.35 -1.98 
  48 -2.28 -4.81 -1.98 
  49 -2.24 -5.60 -1.98 
  50 -1.62 -5.83 -1.98 
  51 -1.17 -5.27 -1.62 
  52 -1.07 -5.86 -1.17 
  53 -1.50 -4.13 -1.07 
  54 -1.04 -5.90 -1.07 
  55 -0.26 -5.39 -1.04 
  56 -1.13 -5.88 -0.26 
  57 -0.24 -6.04 -0.26 
  58 -0.69 -5.48 -0.24 
  59 -1.43 -4.87 -0.24 
  60 -1.24 -4.97 -0.24 
  61 -1.00 -1.15 -0.24 
  62 -0.18 -2.23 -0.24 
  63 -0.65  0.10 -0.18 
  64  0.29 11.72 -0.18 
  65  0.43 10.74  0.29 
  66  1.40  1.31  0.43 
  67  0.65  1.17  1.40 
  68  0.31 15.18  1.40 
  69  1.98  6.43  1.40 
  70  2.45  2.53  1.98 
  71  3.09 22.84  2.45 
  72  3.21 23.03  3.09 
  73  2.97 36.36  3.21 
  74  1.24 30.82  3.21 
  75  2.90 27.77  3.21 
  76  2.04 19.19  3.21 
  77  2.19 17.35  3.21 
  78  3.96 11.09  3.21 
  79  3.51 11.36  3.96 
  80  3.45 25.20  3.96 
  81  6.07 25.17  3.96 
  82  4.10 35.30  6.07 
  83  5.84 17.97  6.07 
  84  6.31 22.97  6.07 
  85  5.20 24.49  6.31 
  86  3.71 19.51  6.31 
  87  9.23 17.55  6.31 
  88  7.18 10.97  9.23 
  89  5.66  5.63  9.23 
  90  8.37 13.03  9.23 
  91  5.49  4.16  9.23 
  92  4.89 36.42  9.23 
  93  6.67 23.77  9.23 
  94  7.65 41.25  9.23 
  95 10.56 19.52  9.23 
  96  9.03 23.30 10.56 
  97  9.23 19.19 10.56 
  98  9.18 18.00 10.56 
  99 11.66 28.72 10.56 
 100 12.09 28.64 11.66 
 101  9.57 30.55 12.09 
 102 11.09 47.27 12.09 
 103 11.73 41.53 12.09 
 104 12.66 44.09 12.09 
 105 16.94 31.99 12.66 
 106 13.27 45.26 16.94 
 107 13.63 50.52 16.94 
 108  9.91 48.42 16.94 
 109 21.79 40.37 16.94 
 110 13.94 23.11 21.79 
 111 12.35 22.66 21.79 
 112 15.00 22.55 21.79 
 113 10.54 23.91 21.79 
 114 19.71 22.31 21.79 
 115 16.87 27.79 21.79 
 116 12.21 31.68 21.79 
 117 17.25 25.76 21.79 
 118 13.20 28.45 21.79 
 119 18.26 24.23 21.79 
 120 22.29 32.27 21.79 
 121 25.08 26.31 22.29 
 122 22.96 26.89 25.08 
 123 29.82 21.40 25.08 
 124 18.60 35.20 29.82 
 125 34.88 26.67 29.82 
 126 20.51 37.69 34.88 
 127 29.71 34.78 34.88 
 128 28.17 33.67 34.88 
 129 21.56 46.16 34.88 
 130 23.04 35.85 34.88 
 131 28.09 40.83 34.88 
 132 24.36 28.03 34.88 
 133 36.10 27.82 34.88 
 134 28.40 40.19 36.10 
 135 32.87 39.03 36.10 
 136 28.47 34.47 36.10 
 137 26.16 33.21 36.10 
 138 42.85 35.03 36.10 
 139 32.03 48.34 42.85 
 140 50.73 48.45 42.85 
 141 42.52 44.08 50.73 
 142 47.35 49.57 50.73 
 143 39.65 46.68 50.73 
 144 39.17 50.65 50.73 
 145 35.53 50.56 50.73 
 146 47.56 56.39 50.73 
 147 49.32 46.31 50.73 
 148 48.57 58.94 50.73 
 149 53.26 61.56 50.73 
 150 55.27 60.86 53.26 
 151 51.77 54.05 55.27 
 152 46.27 48.74 55.27 
 153 59.27 58.64 55.27 
 154 59.42 76.08 59.27 
 155 48.53 88.35 59.42 
 156 52.36 66.72 59.42 
 157 48.91 58.41 59.42 
 158 50.00 67.36 59.42 
 159 55.61 91.69 59.42 
 160 61.23 85.35 59.42 
 161 56.31 43.05 61.23 
 162 45.03 51.74 61.23 
 163 49.54 59.89 61.23 
 164 70.88 70.21 61.23 
 165 56.75 96.17 70.88 
 166 47.11 63.32 70.88 
 167 46.10 71.58 70.88 
 168 54.32 69.79 70.88 
 169 52.48 83.80 70.88 
 170 69.72 65.37 70.88 
 171 51.47 90.93 70.88 
 172 61.63 60.06 70.88 
 173 66.04 74.18 70.88 
 174 71.95 79.22 70.88 
 175 57.39 65.24 71.95 
 176 49.18 62.71 71.95 
 177 72.10 88.85 71.95 
 178 47.45 57.73 72.10 
 179 82.24 67.01 72.10 
 180 64.96 86.30 82.24 
 181 59.99 64.26 82.24 
 182 54.85 62.93 82.24 
 183 57.33 65.62 82.24 
 184 82.29 56.54 82.24 
 185 60.92 65.23 82.29 
 186 85.88 57.52 82.29 
 187 71.05 60.65 85.88 
 188 52.52 88.56 85.88 
 189 90.67 79.78 85.88 
 190 69.81 71.14 90.67 
 191 64.64 81.80 90.67 
 192 77.13 40.33 90.67 
 193 71.06 46.37 90.67 
 194 65.57 47.20 90.67 
 195 62.63 43.10 90.67 
 196 74.82 57.93 90.67 
 197 82.82 49.30 90.67 
 198 85.22 127.16 90.67 
 199 62.57 61.73 90.67 
 200 74.79 75.74 90.67 
 201 69.11 113.27 90.67 
 202 74.78 78.34 90.67 
 203 84.18 71.57 90.67 
 204 75.17 76.27 90.67 
 205 60.07 58.47 90.67 
 206 85.49 60.21 90.67 
 207 78.61 64.57 90.67 
 208 81.52 49.76 90.67 
 209 62.07 76.07 90.67 
 210 75.95 92.62 90.67 
 211 55.48 88.95 90.67 
 212 91.33 58.03 90.67 
 213 71.21 72.70 91.33 
 214 75.02 60.27 91.33 
 215 76.18 76.88 91.33 
 216 100.90 103.28 91.33 
 217 88.63 75.75 100.90 
 218 101.35 96.16 100.90 
 219 67.98 123.34 101.35 
 220 93.73 137.89 101.35 
 221 104.03 119.89 101.35 
 222 79.88 97.48 104.03 
 223 96.58 74.45 104.03 
 224 65.86 75.17 104.03 
 225 86.33 117.91 104.03 
 226 90.68 89.57 104.03 
 227 73.54 144.32 104.03 
 228 118.06 100.07 104.03 
 229 108.92 139.62 118.06 
 230 113.23 175.19 118.06 
 231 133.64 189.48 118.06 
 232 91.36 149.01 133.64 
 233 125.52 190.83 133.64 
 234 69.49 156.77 133.64 
 235 123.14 126.75 133.64 
 236 86.48 126.65 133.64 
 237 101.05 93.69 133.64 
 238 114.69 91.30 133.64 
 239 131.18 107.76 133.64 
 240 79.95 104.07 133.64 
 241 78.85 91.76 133.64 
 242 85.03 96.24 133.64 
 243 125.97 81.58 133.64 
 244 105.86 90.93 133.64 
 245 106.87 66.38 133.64 
 246 105.82 69.25 133.64 
 247 147.03 73.02 133.64 
 248 148.23 88.58 147.03 
 249 112.18 131.74 148.23 
 250 95.60 179.89 148.23 
 251 123.05 159.59 148.23 
 252 101.60 161.49 148.23 
 253 126.79 143.04 148.23 
 254 112.16 151.33 148.23 
 255 100.54 147.62 148.23 
 256 90.65 127.50 148.23 
 257 98.28 120.44 148.23 
 258 157.56 126.97 148.23 
 259 96.50 105.43 157.56 
 260 98.41 103.36 157.56 
 261 141.11 109.73 157.56 
 262 138.09 114.84 157.56 
 263 115.83 96.12 157.56 
 264 150.19 108.00 157.56 
 265 136.29 90.17 157.56 
 266 106.07 105.78 157.56 
 267 139.24 128.71 157.56 
 268 131.47 78.94 157.56 
 269 124.39 73.95 157.56 
 270 156.76 102.69 157.56 
 271 165.52 122.02 157.56 
 272 170.54 140.82 165.52 
 273 173.79 146.40 170.54 
 274 172.04 183.89 173.79 
 275 191.10 149.32 173.79 
 276 184.42 117.23 191.10 
 277 129.74 140.29 191.10 
 278 125.60 135.79 191.10 
 279 197.73 165.33 191.10 
 280 143.54 104.28 197.73 
 281 171.99 105.13 197.73 
 282 159.71 126.72 197.73 
 283 181.71 122.71 197.73 
 284 172.19 206.91 197.73 
 285 187.53 151.76 197.73 
 286 234.13 140.92 197.73 
 287 165.09 89.48 234.13 
 288 168.93 84.81 234.13 
 289 206.44 85.62 234.13 
 290 187.05 131.04 234.13 
 291 254.67 159.49 234.13 
 292 201.79 134.04 254.67 
 293 233.76 94.28 254.67 
 294 181.03 128.65 254.67 
 295 195.52 165.42 254.67 
 296 230.13 181.87 254.67 
 297 212.48 187.20 254.67 
 298 227.67 168.89 254.67 
 299 220.36 217.05 254.67 
 276 193.20 165.88 -100000000.00 
 277 193.66 130.12 193.20 
 278 159.12 142.23 193.66 
 279 173.41 94.76 193.66 
 280 158.04 115.17 193.66 
 281 169.24 141.39 193.66 
 282 205.14 205.51 193.66 
 283 216.41 192.90 205.14 
 284 156.02 154.05 216.41 
 285 162.59 199.19 216.41 
 286 161.47 198.29 216.41 
 287 162.84 183.45 216.41 
 288 191.27 223.94 216.41 
 289 150.72 238.73 216.41 
 290 203.40 278.33 216.41 
 291 177.82 204.60 216.41 
 292 186.56 160.05 216.41 
 293 212.02 160.44 216.41 
 294 227.61 155.07 216.41 
 295 210.05 128.98 227.61 
 296 229.94 372.61 227.61 
 297 172.88 306.80 229.94 
 298 224.90 174.10 229.94 
 299 165.33 270.46 229.94 
 300 245.94 216.49 229.94 
 301 252.77 384.67 245.94 
 302 213.07 248.61 252.77 
 303 260.54 239.86 252.77 
 304 212.16 205.19 260.54 
 305 243.87 244.75 260.54 
 306 246.60 185.59 260.54 
 307 232.81 231.41 260.54 
 308 160.45 159.88 260.54 
 309 259.55 147.01 260.54 
 310 278.62 136.40 260.54 
 311 300.82 138.13 278.62 
 312 308.33 160.58 300.82 
 313 262.54 285.74 308.33 
 314 203.54 344.54 308.33 
 315 267.89 147.72 308.33 
 316 309.87 98.49 308.33 
 317 307.63 135.76 309.87 
 318 273.15 168.39 309.87 
 319 299.50 140.07 309.87 
 320 320.09 159.05 309.87 
 321 262.32 201.92 320.09 
 322 300.57 206.62 320.09 
 323 273.52 196.44 320.09 
 324 426.27 243.03 320.09 
 325 378.69 321.04 426.27 
 326 350.90 315.01 426.27 
 327 342.84 280.69 426.27 
 328 354.72 301.68 426.27 
 329 275.38 228.42 426.27 
 330 379.95 239.47 426.27 
 331 271.75 217.85 426.27 
 332 382.68 234.65 426.27 
 333 374.91 268.63 426.27 
 334 354.03 250.71 426.27 
 335 353.57 210.72 426.27 
 336 348.14 251.06 426.27 
 337 405.69 201.73 426.27 
 338 360.02 195.13 426.27 
 339 422.50 195.66 426.27 
 340 371.34 222.68 426.27 
 341 355.73 235.28 426.27 
 342 306.13 169.60 426.27 
 343 371.90 185.47 426.27 
 344 468.25 213.85 426.27 
 345 327.09 321.41 468.25 
 346 388.91 250.34 468.25 
 347 415.91 209.99 468.25 
 348 474.10 190.18 468.25 
 349 379.74 227.14 474.10 
 350 405.36 297.53 474.10 
 351 335.57 207.21 474.10 
 352 365.12 258.41 474.10 
 353 432.17 264.63 474.10 
 354 425.08 196.86 474.10 
 355 421.87 281.84 474.10 
 356 388.07 230.36 474.10 
 357 460.48 175.09 474.10 
 358 438.25 192.63 474.10 
 359 480.36 251.79 474.10 
 360 456.77 250.90 480.36 
 361 416.64 231.87 480.36 
 362 461.53 238.77 480.36 
 363 490.74 201.64 480.36 
 364 585.43 305.38 490.74 
 365 530.52 215.98 585.43 
 366 506.42 217.77 585.43 
 367 483.26 225.54 585.43 
 368 555.08 271.23 585.43 
 369 580.26 248.07 585.43 
 370 513.58 251.42 585.43 
 371 525.67 184.33 585.43 
 372 473.90 259.44 585.43 
 373 525.71 210.55 585.43 
 374 528.94 238.68 585.43 
 375 592.47 321.28 585.43 
 376 620.94 258.03 592.47 
 377 515.37 199.79 620.94 
 378 582.76 194.69 620.94 
 379 571.78 155.08 620.94 
 380 620.45 156.78 620.94 
 381 613.23 229.43 620.94 
 382 602.35 310.82 620.94 
 383 492.98 177.30 620.94 
 384 588.96 315.05 620.94 
 385 622.47 266.58 620.94 
 386 593.22 323.25 622.47 
 387 672.63 300.54 622.47 
 388 753.31 238.39 672.63 
 389 627.19 222.19 753.31 
 390 588.67 187.46 753.31 
 391 614.02 264.76 753.31 
 392 567.64 268.02 753.31 
 393 657.90 238.87 753.31 
 394 627.88 221.67 753.31 
 395 629.31 204.95 753.31 
 396 597.82 294.47 753.31 
 397 720.27 162.58 753.31 
 398 662.73 123.72 753.31 
 399 679.10 191.03 753.31 
 400 600.50 129.38 753.31 
 401 701.63 131.54 753.31 
 402 628.66 157.66 753.31 
 403 622.91 136.13 753.31 
 404 621.34 181.58 753.31 
 405 738.03 128.95 753.31 
 406 677.61 152.72 753.31 
 407 667.41 132.03 753.31 
 408 809.95 125.06 753.31 
 409 731.68 145.17 809.95 
 410 835.75 138.24 809.95 
 411 747.16 124.14 835.75 
 412 758.47 117.14 835.75 
 413 635.38 183.59 835.75 
 414 793.43 121.48 835.75 
 415 723.74 139.50 835.75 
 416 746.85 92.18 835.75 
 417 651.58 100.79 835.75 
 418 739.47 143.57 835.75 
 419 862.69 199.88 835.75 
 420 728.45 274.38 862.69 
 421 668.50 207.06 862.69 
 422 877.43 180.31 862.69 
 423 792.28 183.78 877.43 
 424 762.81 253.70 877.43 
 425 666.01 322.34 877.43 
 426 734.61 192.03 877.43 
 427 659.27 264.95 877.43 
 428 793.89 162.74 877.43 
 429 750.12 219.74 877.43 
 430 787.73 325.16 877.43 
 431 715.72 259.29 877.43 
 432 692.21 310.49 877.43 
 433 832.52 281.25 877.43 
 434 771.38 297.80 877.43 
 435 786.94 318.49 877.43 
 436 722.29 383.98 877.43 
 437 759.19 238.57 877.43 
 438 817.35 190.89 877.43 
 439 759.45 237.59 877.43 
 440 786.20 335.23 877.43 
 441 896.22 250.37 877.43 
 442 786.57 386.31 896.22 
 443 941.06 298.26 896.22 
 444 784.48 277.27 941.06 
 445 847.44 245.46 941.06 
 446 809.57 363.36 941.06 
 447 859.43 332.91 941.06 
 448 960.29 302.65 941.06 
 449 971.42 300.63 960.29 
 450 835.27 389.12 971.42 
 451 792.35 311.20 971.42 
 452 906.48 322.08 971.42 
 453 992.29 203.54 971.42 
 454 856.04 278.06 992.29 
 455 1063.93 180.61 992.29 
 456 863.47 260.40 1063.93 
 457 1021.62 254.24 1063.93 
 458 800.67 319.00 1063.93 
 459 908.82 243.63 1063.93 
 460 984.43 355.30 1063.93 
 461 979.39 257.65 1063.93 
 462 1000.19 216.90 1063.93 
 463 981.99 276.70 1063.93 
 464 1058.42 351.87 1063.93 
 465 1079.31 486.52 1063.93 
 466 1068.74 516.73 1079.31 
 467 949.70 561.09 1079.31 
 468 1102.59 464.19 1079.31 
 469 1019.97 530.76 1102.59 
 470 1044.67 564.07 1102.59 
 471 1085.15 572.05 1102.59 
 472 1093.04 652.35 1102.59 
 473 787.32 368.82 1102.59 
 474 979.91 455.65 1102.59 
 475 1080.57 509.36 1102.59 
 476 1100.25 266.16 1102.59 
 477 1078.45 455.54 1102.59 
 478 976.57 421.84 1102.59 
 479 1206.65 342.19 1102.59 
 480 1041.98 493.67 1206.65 
 481 1009.39 393.31 1206.65 
 482 1205.76 428.54 1206.65 
 483 1070.31 546.02 1206.65 
 484 1077.23 538.40 1206.65 
 485 1055.95 408.34 1206.65 
 486 1055.83 508.24 1206.65 
 487 1041.39 489.75 1206.65 
 488 1241.36 415.49 1206.65 
 489 1172.39 453.56 1241.36 
 490 1137.53 359.41 1241.36 
 491 973.67 563.11 1241.36 
 492 1085.66 443.74 1241.36 
 493 1060.98 616.48 1241.36 
 494 1284.76 467.88 1241.36 
 495 1267.21 521.86 1284.76 
 496 1119.68 446.16 1284.76 
 497 1194.52 658.88 1284.76 
 498 998.21 419.59 1284.76 
 499 1172.37 582.77 1284.76 
