Iter | Sampling Pol | Evaluation Pol | Best (Sampled) 
   0 -5.66 -3.35 -100000000.00 
   1 -4.75 -3.45 -5.66 
   2 -5.34 -3.98 -4.75 
   3 -5.51 -3.03 -4.75 
   4 -4.78 -4.09 -4.75 
   5 -4.94 -3.20 -4.75 
   6 -4.54 -3.52 -4.75 
   7 -4.13 -1.42 -4.54 
   8 -4.45 -2.23 -4.13 
   9 -4.24 -3.09 -4.13 
  10 -3.78 -3.20 -4.13 
  11 -3.97 -1.90 -3.78 
  12 -3.20 -2.74 -3.78 
  13 -3.33 -2.95 -3.20 
  14 -4.31 -2.22 -3.20 
  15 -3.45 -2.60 -3.20 
  16 -2.50 -2.72 -3.20 
  17 -3.08 -0.71 -2.50 
  18 -2.68 -2.22 -2.50 
  19 -0.80 -1.70 -2.50 
  20 -1.71 -2.13 -0.80 
  21 -1.91  0.27 -0.80 
  22 -1.04 -0.22 -0.80 
  23 -0.25 -1.58 -0.80 
  24  0.24 -2.31 -0.25 
  25 -1.07  4.57  0.24 
  26  1.15  0.42  0.24 
  27  0.41  3.09  1.15 
  28  0.50  1.18  1.15 
  29  0.60  1.59  1.15 
  30  0.63  6.16  1.15 
  31  0.44  2.74  1.15 
  32  2.77  1.13  1.15 
  33  3.01  2.44  2.77 
  34 -0.60  5.91  3.01 
  35  3.71  3.41  3.01 
  36  2.52  2.95  3.71 
  37  5.01 15.31  3.71 
  38  5.09 35.56  5.01 
  39  4.65 18.30  5.09 
  40  7.92 25.64  5.09 
  41  5.19 20.69  7.92 
  42  5.31 13.99  7.92 
  43 10.00 17.05  7.92 
  44  9.06 13.77 10.00 
  45 10.87 14.62 10.00 
  46 12.67 16.11 10.87 
  47 10.00 33.05 12.67 
  48 12.83 16.94 12.67 
  49 17.25 16.72 12.83 
  50 16.26 32.39 17.25 
  51 22.31 23.59 17.25 
  52 15.08 30.83 22.31 
  53 16.47 40.90 22.31 
  54 19.51 27.48 22.31 
  55 14.85 49.70 22.31 
  56 20.87 29.34 22.31 
  57 23.21 30.06 22.31 
  58 17.88 26.08 23.21 
  59 16.77 14.25 23.21 
  60 26.98 26.18 23.21 
  61 26.63 46.06 26.98 
  62 24.88 34.56 26.98 
  63 26.64 41.15 26.98 
  64 25.47 31.44 26.98 
  65 21.04 45.50 26.98 
  66 25.47 37.29 26.98 
  67 30.85 22.36 26.98 
  68 30.76 23.88 30.85 
  69 23.86 64.33 30.85 
  70 43.35 52.65 30.85 
  71 32.81 63.40 43.35 
  72 48.56 23.11 43.35 
  73 31.78 57.34 48.56 
  74 38.65 47.39 48.56 
  75 38.16 42.63 48.56 
  76 47.02 31.19 48.56 
  77 29.75 39.53 48.56 
  78 55.76 30.94 48.56 
  79 57.45 39.16 55.76 
  80 28.12 33.78 57.45 
  81 50.24 24.01 57.45 
  82 54.28 34.62 57.45 
  83 32.48 28.73 57.45 
  84 65.46 32.71 57.45 
  85 47.48 35.14 65.46 
  86 50.96 30.20 65.46 
  87 53.02 41.39 65.46 
  88 61.93 37.11 65.46 
  89 67.21 28.81 65.46 
  90 48.23 21.73 67.21 
  91 53.51 45.91 67.21 
  92 68.06 60.36 67.21 
  93 97.62 135.91 68.06 
  94 64.02 54.16 97.62 
  95 82.28 72.84 97.62 
  96 90.68 89.15 97.62 
  97 85.08 79.53 97.62 
  98 98.17 67.83 97.62 
  99 75.02 59.22 98.17 
 100 83.49 48.24 98.17 
 101 101.89 85.32 98.17 
 102 101.54 62.03 101.89 
 103 114.34 54.68 101.89 
 104 118.74 48.92 114.34 
 105 107.17 36.54 118.74 
 106 105.58 38.06 118.74 
 107 94.99 47.70 118.74 
 108 101.17 69.91 118.74 
 109 111.82 36.01 118.74 
 110 118.77 68.97 118.74 
 111 152.09 72.39 118.77 
 112 127.10 59.01 152.09 
 113 119.68 68.95 152.09 
 114 156.39 140.58 152.09 
 115 147.06 100.10 156.39 
 116 120.63 75.81 156.39 
 117 118.30 67.01 156.39 
 118 158.39 87.13 156.39 
 119 157.54 92.32 158.39 
 120 166.66 60.11 158.39 
 121 151.50 107.14 166.66 
 122 145.29 150.61 166.66 
 123 199.93 138.32 166.66 
 124 175.85 126.96 199.93 
 125 214.74 123.52 199.93 
 126 197.94 112.54 214.74 
 127 231.77 137.88 214.74 
 128 207.82 106.62 231.77 
 129 216.35 109.60 231.77 
 130 227.79 105.16 231.77 
 131 225.47 173.47 231.77 
 132 243.87 99.58 231.77 
 133 256.68 136.22 243.87 
 134 255.05 313.56 256.68 
 135 297.39 168.84 256.68 
 136 250.57 287.07 297.39 
 137 298.61 169.28 297.39 
 138 253.33 223.62 298.61 
 139 238.55 183.35 298.61 
 140 277.29 224.33 298.61 
 141 249.86 312.22 298.61 
 142 279.60 212.74 298.61 
 143 303.42 293.86 298.61 
 144 281.72 361.62 303.42 
 145 285.74 412.24 303.42 
 146 315.70 368.30 303.42 
 147 312.59 312.78 315.70 
 148 410.85 297.34 315.70 
 149 311.26 382.84 410.85 
 150 319.87 296.74 410.85 
 151 385.63 454.57 410.85 
 152 401.26 600.70 410.85 
 153 407.22 525.73 410.85 
 154 400.86 398.07 410.85 
 155 402.02 274.77 410.85 
 156 419.70 312.22 410.85 
 157 454.30 335.60 419.70 
 158 457.18 347.49 454.30 
 159 461.15 309.35 457.18 
 160 452.76 327.77 461.15 
 161 525.73 389.62 461.15 
 162 516.06 458.74 525.73 
 163 593.11 418.41 525.73 
 164 575.60 435.22 593.11 
 165 545.89 399.45 593.11 
 166 635.60 467.67 593.11 
 167 547.33 531.95 635.60 
 168 625.26 536.85 635.60 
 169 643.18 568.68 635.60 
 170 626.05 504.57 643.18 
 171 589.24 591.06 643.18 
 172 705.50 596.28 643.18 
 173 713.99 572.18 705.50 
 174 688.86 649.25 713.99 
 175 689.47 544.94 713.99 
 176 650.00 509.37 713.99 
 177 747.59 733.15 713.99 
 178 802.27 657.76 747.59 
 179 805.13 840.99 802.27 
 180 691.00 862.84 805.13 
 181 793.44 866.92 805.13 
 182 781.08 730.90 805.13 
 183 850.17 690.61 805.13 
 184 965.59 713.71 850.17 
 185 868.40 630.01 965.59 
 186 911.37 633.86 965.59 
 187 907.31 578.97 965.59 
 188 887.33 673.90 965.59 
 189 1023.59 840.40 965.59 
 190 950.45 694.33 1023.59 
 191 806.99 753.37 1023.59 
 192 912.77 693.04 1023.59 
 193 981.26 737.87 1023.59 
 194 1002.60 776.84 1023.59 
 195 1210.11 733.58 1023.59 
 196 1094.26 716.94 1210.11 
 197 1058.24 708.71 1210.11 
 198 1106.33 818.43 1210.11 
 199 990.86 776.33 1210.11 
 200 1203.65 1021.34 1210.11 
 201 1152.63 782.91 1210.11 
 202 1272.70 628.34 1210.11 
 203 1174.14 749.42 1272.70 
 204 1298.31 815.02 1272.70 
 205 1338.81 838.91 1298.31 
 206 1377.09 635.06 1338.81 
 207 1418.74 856.62 1377.09 
 208 1389.07 826.56 1418.74 
 209 1426.56 830.02 1418.74 
 210 1209.26 825.03 1426.56 
 211 1402.24 728.85 1426.56 
 212 1467.88 1097.72 1426.56 
 213 1584.07 1242.73 1467.88 
 214 1445.12 1048.52 1584.07 
 215 1513.28 1097.27 1584.07 
 216 1530.65 1323.00 1584.07 
 217 1630.22 1290.11 1584.07 
 218 1743.33 967.43 1630.22 
 219 1668.25 1133.14 1743.33 
 220 1543.01 1121.11 1743.33 
 221 1682.05 1169.60 1743.33 
 222 1632.80 952.82 1743.33 
 223 1624.44 1041.15 1743.33 
 224 1766.23 908.50 1743.33 
 225 1660.66 824.76 1766.23 
 226 1796.05 925.75 1766.23 
 227 1680.88 846.02 1796.05 
 228 1839.50 885.63 1796.05 
 229 1837.73 1014.72 1839.50 
 230 1806.76 951.27 1839.50 
 231 1793.41 1052.75 1839.50 
 232 1755.32 923.27 1839.50 
 233 1697.14 866.39 1839.50 
 234 1844.04 1183.51 1839.50 
 235 1976.52 1010.27 1844.04 
 236 1852.74 764.62 1976.52 
 237 2011.97 931.71 1976.52 
 238 2084.26 967.40 2011.97 
 239 1834.85 1117.58 2084.26 
 240 1962.44 1072.91 2084.26 
 241 1960.85 1048.16 2084.26 
 242 2182.92 1102.91 2084.26 
 243 2167.10 1592.72 2182.92 
 244 1979.02 1486.08 2182.92 
 245 2002.63 1282.87 2182.92 
 246 2176.43 1271.94 2182.92 
 247 2279.98 1491.22 2182.92 
 248 2311.77 1666.07 2279.98 
 249 2216.75 1699.30 2311.77 
 250 2236.14 1873.98 2311.77 
 251 2150.51 1670.73 2311.77 
 252 2236.55 1928.17 2311.77 
 253 2338.25 1834.87 2311.77 
 254 2319.80 1732.38 2338.25 
 255 2345.20 1864.87 2338.25 
 256 2355.64 1753.69 2345.20 
 257 2316.47 1706.48 2355.64 
 258 2255.98 1601.76 2355.64 
 259 2245.42 1861.29 2355.64 
 260 2237.67 1935.65 2355.64 
 261 2421.05 2152.96 2355.64 
 262 2308.24 2059.57 2421.05 
 263 2341.50 1961.94 2421.05 
 264 2374.80 1888.76 2421.05 
 265 2349.71 1999.21 2421.05 
 266 2381.32 2022.26 2421.05 
 267 2338.24 2062.03 2421.05 
 268 2430.27 2264.08 2421.05 
 269 2295.29 2182.49 2430.27 
 270 2395.59 2100.04 2430.27 
 271 2292.99 2366.16 2430.27 
 272 2631.90 2220.76 2430.27 
 273 2498.94 2273.05 2631.90 
 274 2443.06 1991.98 2631.90 
 275 2332.56 2245.71 2631.90 
 276 2586.72 2190.73 2631.90 
 277 2428.43 2135.27 2631.90 
 278 2564.72 2189.63 2631.90 
 279 2560.78 2007.43 2631.90 
 280 2437.67 2244.99 2631.90 
 281 2606.34 2158.34 2631.90 
 282 2598.11 2314.19 2631.90 
 283 2648.16 2319.05 2631.90 
 284 2442.36 2235.60 2648.16 
 285 2623.99 2477.67 2648.16 
 286 2613.93 2343.82 2648.16 
 287 2594.06 2238.47 2648.16 
 288 2633.63 2322.76 2648.16 
 289 2775.12 2426.08 2648.16 
 290 2667.83 2189.45 2775.12 
 291 2631.75 2339.86 2775.12 
 292 2645.19 2334.02 2775.12 
 293 2692.78 2274.79 2775.12 
 294 2725.90 2359.54 2775.12 
 295 2639.74 2530.92 2775.12 
 296 2677.27 2353.61 2775.12 
 297 2901.16 2307.37 2775.12 
 298 2825.25 2448.42 2901.16 
 299 2735.18 2467.26 2901.16 
