Iter | Sampling Pol | Evaluation Pol | Best (Sampled) 
   0 -6.26 -5.74 -100000000.00 
   1 -5.66 -6.11 -6.26 
   2 -5.50 -5.65 -5.66 
   3 -5.46 -4.80 -5.50 
   4 -4.79 -4.83 -5.46 
   5 -5.06 -4.99 -4.79 
   6 -4.77 -4.95 -4.79 
   7 -4.65 -4.16 -4.77 
   8 -4.42 -5.05 -4.65 
   9 -4.48 -4.73 -4.42 
  10 -4.04 -4.08 -4.42 
  11 -4.08 -4.18 -4.04 
  12 -3.37 -3.37 -4.04 
  13 -3.60 -4.31 -3.37 
  14 -3.80 -4.65 -3.37 
  15 -3.59 -5.23 -3.37 
  16 -3.81 -4.48 -3.37 
  17 -3.20 -2.23 -3.37 
  18 -3.22 -4.05 -3.20 
  19 -3.22 -4.82 -3.20 
  20 -2.24 -4.06 -3.20 
  21 -3.72 -4.31 -2.24 
  22 -1.60 -4.56 -2.24 
  23 -3.00 -3.32 -1.60 
  24 -2.40 -4.03 -1.60 
  25 -1.15 -2.30 -1.60 
  26 -2.06 -4.48 -1.15 
  27 -1.63 -4.45 -1.15 
  28 -3.03 -4.85 -1.15 
  29 -2.68 -3.82 -1.15 
  30 -2.06 -2.46 -1.15 
  31 -1.75 -1.82 -1.15 
  32 -1.97 -2.59 -1.15 
  33 -1.72 -1.58 -1.15 
  34 -0.33 -1.46 -1.15 
  35 -0.65  0.72 -0.33 
  36 -0.26 -2.48 -0.33 
  37 -0.04  2.66 -0.26 
  38  0.54 -1.60 -0.04 
  39  0.34  3.03  0.54 
  40  0.30 12.99  0.54 
  41  4.97  5.33  0.54 
  42  1.72  7.28  4.97 
  43  1.12  7.41  4.97 
  44  1.25  5.50  4.97 
  45  2.54  4.21  4.97 
  46  3.61 15.50  4.97 
  47  2.53  2.96  4.97 
  48  1.29  5.04  4.97 
  49  1.76  2.49  4.97 
  50  0.61 -0.68  4.97 
  51  2.07  0.19  4.97 
  52  4.79 21.65  4.97 
  53  1.83  3.68  4.97 
  54  3.25 13.70  4.97 
  55  4.16  8.70  4.97 
  56  1.29  8.34  4.97 
  57  4.71  0.99  4.97 
  58  6.55  3.10  4.97 
  59  3.13  2.29  6.55 
  60  4.09  6.14  6.55 
  61  4.92  3.05  6.55 
  62  6.39  1.87  6.55 
  63  7.21  4.89  6.55 
  64  6.91  0.69  7.21 
  65  5.41  4.80  7.21 
  66 13.37 10.07  7.21 
  67  6.22 21.31 13.37 
  68  5.97 12.77 13.37 
  69 10.56 44.56 13.37 
  70  4.99 10.01 13.37 
  71 14.10  8.33 13.37 
  72  8.83 15.68 14.10 
  73  8.37  6.64 14.10 
  74 12.44  4.93 14.10 
  75  8.28 18.67 14.10 
  76  3.96  6.25 14.10 
  77  9.54 38.03 14.10 
  78 10.57 35.23 14.10 
  79  8.69 11.66 14.10 
  80 14.89  7.91 14.10 
  81  9.41  6.92 14.89 
  82  9.03 30.43 14.89 
  83 13.73 20.96 14.89 
  84 13.34 13.75 14.89 
  85 14.69 22.69 14.89 
  86 15.92 29.83 14.89 
  87 14.12 30.06 15.92 
  88 19.70 38.70 15.92 
  89 15.60 63.62 19.70 
  90 23.95 53.57 19.70 
  91 19.80 35.86 23.95 
  92 11.89 16.35 23.95 
  93 14.93 39.70 23.95 
  94  9.67 38.97 23.95 
  95 13.94 65.82 23.95 
  96 15.17 37.55 23.95 
  97 10.98 70.63 23.95 
  98 13.10 26.59 23.95 
  99 13.02 92.19 23.95 
 100 20.03 33.83 23.95 
 101 27.83 18.50 23.95 
 102 23.89 28.23 27.83 
 103 23.12 32.24 27.83 
 104 48.03 112.23 27.83 
 105 32.91 84.48 48.03 
 106 32.72 23.50 48.03 
 107 24.09 21.63 48.03 
 108 25.20 42.47 48.03 
 109 21.22 31.32 48.03 
 110 20.07 29.84 48.03 
 111 25.31 77.75 48.03 
 112 18.85 58.63 48.03 
 113 21.15 97.80 48.03 
 114 25.85 43.45 48.03 
 115 21.67 19.21 48.03 
 116 21.25 29.47 48.03 
 117 46.27 15.84 48.03 
 118 28.46 10.80 48.03 
 119 46.87 26.11 48.03 
 120 31.94 12.51 48.03 
 121 33.21 45.76 48.03 
 122 33.46 75.46 48.03 
 123 19.95 69.92 48.03 
 124 28.54 79.62 48.03 
 125 37.68 65.99 48.03 
 126 31.66 37.07 48.03 
 127 45.25 100.52 48.03 
 128 41.35 107.94 48.03 
 129 42.40 115.44 48.03 
 130 36.28 99.15 48.03 
 131 50.96 22.86 48.03 
 132 50.23 121.39 50.96 
 133 40.72 67.98 50.96 
 134 47.14 83.26 50.96 
 135 45.48 110.10 50.96 
 136 64.66 55.98 50.96 
 137 62.52 74.41 64.66 
 138 42.81 42.27 64.66 
 139 54.47 62.57 64.66 
 140 57.24 124.41 64.66 
 141 67.30 30.53 64.66 
 142 68.74 86.51 67.30 
 143 100.63 55.35 68.74 
 144 47.23 96.68 100.63 
 145 68.25 59.35 100.63 
 146 84.47 86.31 100.63 
 147 67.24 92.76 100.63 
 148 37.89 56.00 100.63 
 149 64.31 39.13 100.63 
 150 55.74 72.85 100.63 
 151 64.43 56.11 100.63 
 152 62.87 27.35 100.63 
 153 66.46 12.85 100.63 
 154 101.01 10.51 100.63 
 155 83.79 31.09 101.01 
 156 87.93 52.72 101.01 
 157 76.25 55.99 101.01 
 158 74.56 24.44 101.01 
 159 93.66 63.17 101.01 
 160 101.34 75.04 101.01 
 161 93.24 113.26 101.34 
 162 76.28 151.01 101.34 
 163 71.41 127.57 101.34 
 164 92.04 131.30 101.34 
 165 92.86 136.36 101.34 
 166 88.51 172.49 101.34 
 167 103.51 160.97 101.34 
 168 124.08 203.67 103.51 
 169 69.92 156.52 124.08 
 170 114.47 182.18 124.08 
 171 130.43 342.53 124.08 
 172 118.80 165.51 130.43 
 173 76.32 263.20 130.43 
 174 168.41 167.96 130.43 
 175 87.23 209.89 168.41 
 176 106.26 225.01 168.41 
 177 112.07 194.76 168.41 
 178 98.29 138.02 168.41 
 179 90.44 115.56 168.41 
 180 103.59 122.54 168.41 
 181 149.14 202.78 168.41 
 182 122.35 229.23 168.41 
 183 144.55 123.64 168.41 
 184 135.43 166.19 168.41 
 185 120.40 221.55 168.41 
 186 99.92 138.86 168.41 
 187 177.07 145.49 168.41 
 188 126.98 121.40 177.07 
 189 138.70 74.86 177.07 
 190 204.62 127.79 177.07 
 191 169.05 130.68 204.62 
 192 150.26 87.13 204.62 
 193 179.10 172.71 204.62 
 194 153.31 170.66 204.62 
 195 200.16 142.47 204.62 
 196 171.69 156.76 204.62 
 197 156.56 137.32 204.62 
 198 165.15 197.82 204.62 
 199 164.42 181.93 204.62 
 200 236.57 209.37 204.62 
 201 177.59 158.37 236.57 
 202 210.19 179.77 236.57 
 203 200.88 215.47 236.57 
 204 199.04 358.80 236.57 
 205 189.89 323.60 236.57 
 206 255.62 299.84 236.57 
 207 257.14 256.41 255.62 
 208 246.95 340.67 257.14 
 209 211.98 299.13 257.14 
 210 250.73 335.03 257.14 
 211 228.63 342.40 257.14 
 212 332.84 431.86 257.14 
 213 288.07 365.94 332.84 
 214 275.91 396.71 332.84 
 215 258.36 420.66 332.84 
 216 273.88 437.54 332.84 
 217 272.96 319.58 332.84 
 218 322.32 477.19 332.84 
 219 308.60 424.80 332.84 
 220 324.96 391.24 332.84 
 221 376.90 411.80 332.84 
 222 353.84 428.93 376.90 
 223 306.64 651.16 376.90 
 224 251.59 518.54 376.90 
 225 358.06 586.14 376.90 
 226 364.61 653.31 376.90 
 227 380.61 425.69 376.90 
 228 430.51 498.67 380.61 
 229 346.80 580.66 430.51 
 230 408.63 649.28 430.51 
 231 425.26 533.05 430.51 
 232 422.90 550.36 430.51 
 233 415.93 498.69 430.51 
 234 397.73 583.69 430.51 
 235 497.01 577.45 430.51 
 236 386.02 611.20 497.01 
 237 477.18 649.91 497.01 
 238 489.13 664.91 497.01 
 239 548.84 529.80 497.01 
 240 396.36 618.35 548.84 
 241 451.91 568.82 548.84 
 242 590.13 551.00 548.84 
 243 448.11 464.21 590.13 
 244 531.92 520.66 590.13 
 245 491.13 527.53 590.13 
 246 484.03 518.55 590.13 
 247 584.97 487.80 590.13 
 248 586.09 527.89 590.13 
 249 667.55 573.54 590.13 
 250 530.64 392.44 667.55 
 251 551.49 495.40 667.55 
 252 519.37 633.67 667.55 
 253 688.80 544.24 667.55 
 254 610.66 669.20 688.80 
 255 586.11 723.76 688.80 
 256 619.19 739.32 688.80 
 257 612.90 685.35 688.80 
 258 722.52 607.56 688.80 
 259 640.30 598.41 722.52 
 260 796.57 627.07 722.52 
 261 687.47 857.52 796.57 
 262 587.94 802.73 796.57 
 263 657.25 831.54 796.57 
 264 878.89 909.87 796.57 
 265 701.15 930.43 878.89 
 266 672.90 1018.51 878.89 
 267 845.75 991.22 878.89 
 268 709.57 996.31 878.89 
 269 654.83 1001.92 878.89 
 270 749.91 967.27 878.89 
 271 792.85 852.65 878.89 
 272 914.49 863.01 878.89 
 273 1028.27 985.67 914.49 
 274 823.09 1151.01 1028.27 
 275 807.66 1060.66 1028.27 
 276 892.44 1266.04 1028.27 
 277 943.33 1062.29 1028.27 
 278 841.56 1296.41 1028.27 
 279 970.83 1081.41 1028.27 
 280 889.28 1191.52 1028.27 
 281 878.85 1110.67 1028.27 
 282 894.71 1359.71 1028.27 
 283 1079.19 1236.50 1028.27 
 284 1030.24 1188.25 1079.19 
 285 1033.00 1241.02 1079.19 
 286 1065.41 1398.84 1079.19 
 287 1045.03 1438.95 1079.19 
 288 1114.30 1317.75 1079.19 
 289 963.11 1402.50 1114.30 
 290 982.39 1364.99 1114.30 
 291 998.68 1185.00 1114.30 
 292 1073.92 1336.29 1114.30 
 293 1047.07 1391.35 1114.30 
 294 1223.40 1263.04 1114.30 
 295 1039.81 1147.31 1223.40 
 296 990.39 1247.52 1223.40 
 297 1150.90 1162.39 1223.40 
 298 966.77 1261.72 1223.40 
 299 965.88 1152.71 1223.40 
