Iter | Sampling Pol | Evaluation Pol | Best (Sampled) 
   0 -7.45 -10.02 -100000000.00 
   1 -6.90 -9.10 -7.45 
   2 -6.53 -7.84 -6.90 
   3 -6.65 -7.47 -6.53 
   4 -6.90 -6.68 -6.53 
   5 -5.90 -5.35 -6.53 
   6 -5.88 -4.65 -5.90 
   7 -5.91 -4.31 -5.88 
   8 -5.82 -4.49 -5.88 
   9 -5.42 -4.50 -5.82 
  10 -4.82 -4.46 -5.42 
  11 -4.62 -4.04 -4.82 
  12 -5.07 -3.99 -4.62 
  13 -4.86 -3.92 -4.62 
  14 -4.95 -3.48 -4.62 
  15 -4.41 -3.74 -4.62 
  16 -4.49 -3.33 -4.41 
  17 -4.87 -3.29 -4.41 
  18 -3.54 -3.61 -4.41 
  19 -4.11 -3.66 -3.54 
  20 -3.35 -3.06 -3.54 
  21 -4.23 -3.44 -3.35 
  22 -3.51 -3.49 -3.35 
  23 -3.82 -3.54 -3.35 
  24 -3.35 -3.84 -3.35 
  25 -3.85 -3.89 -3.35 
  26 -2.55 -3.37 -3.35 
  27 -2.09 -3.23 -2.55 
  28 -4.05 -3.27 -2.09 
  29 -3.42 -3.36 -2.09 
  30 -3.66 -3.56 -2.09 
  31 -3.45 -4.12 -2.09 
  32 -3.48 -3.82 -2.09 
  33 -3.38 -3.46 -2.09 
  34 -3.39 -3.71 -2.09 
  35 -2.83 -3.66 -2.09 
  36 -2.49 -3.59 -2.09 
  37 -2.66 -2.00 -2.09 
  38 -2.47 -3.75 -2.09 
  39 -3.00 -2.24 -2.09 
  40 -3.01  0.58 -2.09 
  41 -3.49 -2.34 -2.09 
  42 -2.69 -4.01 -2.09 
  43 -2.07 -3.20 -2.09 
  44 -2.27 -3.80 -2.07 
  45 -2.36 -3.74 -2.07 
  46 -1.93 -2.64 -2.07 
  47 -3.00 -3.81 -1.93 
  48 -2.42 -1.62 -1.93 
  49 -0.56 -2.78 -1.93 
  50 -2.10 -2.24 -0.56 
  51 -2.80 -4.10 -0.56 
  52 -1.98 -1.79 -0.56 
  53 -1.16 -3.14 -0.56 
  54 -2.07 -3.13 -0.56 
  55 -2.00 -3.76 -0.56 
  56 -2.18 -3.39 -0.56 
  57  0.15 -1.00 -0.56 
  58  1.35 -4.28  0.15 
  59 -1.34 -3.02  1.35 
  60 -0.87 -3.21  1.35 
  61 -1.66 -3.56  1.35 
  62  0.43 -1.60  1.35 
  63 -1.16 -1.65  1.35 
  64  1.15 -1.65  1.35 
  65  0.10 -2.64  1.35 
  66  1.04 -1.64  1.35 
  67  0.93 -1.22  1.35 
  68  1.92 -2.26  1.35 
  69 -0.00 -0.68  1.92 
  70  1.49 -0.69  1.92 
  71  1.12 -3.09  1.92 
  72  0.43 -0.99  1.92 
  73  3.87  2.75  1.92 
  74 -0.41  1.80  3.87 
  75  2.34  0.46  3.87 
  76 -0.33  1.93  3.87 
  77 -0.89  1.90  3.87 
  78  3.35  1.40  3.87 
  79 -0.15  1.30  3.87 
  80  2.03 -2.41  3.87 
  81  0.35  2.42  3.87 
  82  1.74  2.05  3.87 
  83  1.94  0.15  3.87 
  84  2.65  0.80  3.87 
  85  1.09  7.97  3.87 
  86  6.37  5.00  3.87 
  87  1.38  5.52  6.37 
  88  3.20  9.38  6.37 
  89  6.28  6.31  6.37 
  90  5.35  8.30  6.37 
  91  3.25 10.13  6.37 
  92  9.34  2.55  6.37 
  93  5.90  7.53  9.34 
  94  8.05 10.63  9.34 
  95  5.91 40.70  9.34 
  96  8.84  8.40  9.34 
  97  7.44 12.13  9.34 
  98  8.55 15.15  9.34 
  99  7.97 16.06  9.34 
 100  7.87  5.88  9.34 
 101 12.77  5.94  9.34 
 102  6.24 23.09 12.77 
 103  7.69 24.92 12.77 
 104  6.29 28.66 12.77 
 105 10.21 35.82 12.77 
 106  9.80 40.47 12.77 
 107  8.17 54.86 12.77 
 108  7.68 56.03 12.77 
 109  6.36 54.54 12.77 
 110 10.71 65.24 12.77 
 111 12.92 73.19 12.77 
 112  8.17 35.72 12.92 
 113  6.45 26.60 12.92 
 114  9.93 36.06 12.92 
 115 14.83 32.87 12.92 
 116 11.50 28.19 14.83 
 117 10.20 35.37 14.83 
 118 15.27 26.28 14.83 
 119 12.13 18.21 15.27 
 120 16.52 20.54 15.27 
 121 11.19 32.95 16.52 
 122 19.76 25.25 16.52 
 123 18.93 41.16 19.76 
 124 15.34 56.91 19.76 
 125 15.68 35.21 19.76 
 126 18.46 35.67 19.76 
 127 21.69 31.82 19.76 
 128 13.51 41.63 21.69 
 129 15.07 36.05 21.69 
 130 19.90 44.72 21.69 
 131 11.13 57.62 21.69 
 132 21.55 52.44 21.69 
 133 17.09 27.89 21.69 
 134 10.86 34.07 21.69 
 135 32.12 37.63 21.69 
 136 11.93 42.12 32.12 
 137 24.62 46.99 32.12 
 138 16.98 37.01 32.12 
 139 25.17 29.78 32.12 
 140 17.59 44.61 32.12 
 141 16.87 45.90 32.12 
 142 16.92 29.63 32.12 
 143 24.93 49.27 32.12 
 144 28.04 34.56 32.12 
 145 27.87 29.20 32.12 
 146 17.83 27.53 32.12 
 147 28.62 55.10 32.12 
 148 24.93 26.71 32.12 
 149 24.19 53.43 32.12 
 150 19.77 32.52 32.12 
 151 27.37 85.80 32.12 
 152 19.30 52.99 32.12 
 153 37.05 37.26 32.12 
 154 31.64 36.26 37.05 
 155 29.69 62.02 37.05 
 156 30.63 77.48 37.05 
 157 25.82 66.30 37.05 
 158 26.02 52.07 37.05 
 159 25.78 51.97 37.05 
 160 34.28 37.03 37.05 
 161 32.58 46.76 37.05 
 162 33.71 41.03 37.05 
 163 30.70 45.85 37.05 
 164 26.12 66.84 37.05 
 165 31.77 61.67 37.05 
 166 26.08 79.97 37.05 
 167 35.92 92.37 37.05 
 168 32.25 65.67 37.05 
 169 29.99 69.37 37.05 
 170 33.33 79.53 37.05 
 171 33.97 63.86 37.05 
 172 29.86 66.83 37.05 
 173 28.63 74.91 37.05 
 174 32.77 65.41 37.05 
 175 28.14 73.90 37.05 
 176 30.15 63.72 37.05 
 177 30.67 205.83 37.05 
 178 43.80 120.43 37.05 
 179 42.56 110.10 43.80 
 180 35.57 66.51 43.80 
 181 40.81 68.81 43.80 
 182 40.64 58.63 43.80 
 183 42.08 60.24 43.80 
 184 41.21 63.73 43.80 
 185 40.14 85.25 43.80 
 186 42.88 89.50 43.80 
 187 51.55 83.15 43.80 
 188 38.35 75.18 51.55 
 189 39.53 116.70 51.55 
 190 43.18 100.52 51.55 
 191 47.33 125.90 51.55 
 192 46.64 134.47 51.55 
 193 54.01 103.93 51.55 
 194 37.94 107.29 54.01 
 195 54.03 78.07 54.01 
 196 57.16 79.56 54.03 
 197 43.99 84.77 57.16 
 198 60.27 76.61 57.16 
 199 38.28 122.90 60.27 
 200 58.29 71.30 60.27 
 201 45.64 136.83 60.27 
 202 63.12 106.34 60.27 
 203 56.57 56.07 63.12 
 204 54.87 77.51 63.12 
 205 45.99 62.47 63.12 
 206 71.20 132.98 63.12 
 207 58.62 135.31 71.20 
 208 69.29 111.98 71.20 
 209 53.05 131.67 71.20 
 210 46.68 186.38 71.20 
 211 57.71 74.79 71.20 
 212 72.42 56.75 71.20 
 213 81.62 83.49 72.42 
 214 70.09 92.26 81.62 
 215 65.01 79.16 81.62 
 216 68.11 67.87 81.62 
 217 58.80 79.31 81.62 
 218 45.95 83.41 81.62 
 219 74.67 98.29 81.62 
 220 59.80 123.72 81.62 
 221 80.45 87.35 81.62 
 222 69.47 110.15 81.62 
 223 55.82 86.75 81.62 
 224 69.12 105.99 81.62 
 225 83.93 84.58 81.62 
 226 48.01 83.99 83.93 
 227 107.15 94.37 83.93 
 228 65.43 87.43 107.15 
 229 101.19 113.02 107.15 
 230 95.14 93.01 107.15 
 231 81.82 179.44 107.15 
 232 67.72 111.13 107.15 
 233 79.20 196.58 107.15 
 234 73.63 106.57 107.15 
 235 98.62 192.59 107.15 
 236 101.77 172.02 107.15 
 237 104.78 131.57 107.15 
 238 96.41 177.35 107.15 
 239 109.52 132.75 107.15 
 240 125.50 193.19 109.52 
 241 109.53 136.15 125.50 
 242 105.89 166.64 125.50 
 243 136.80 265.78 125.50 
 244 125.02 189.29 136.80 
 245 88.40 198.72 136.80 
 246 122.87 130.12 136.80 
 247 111.52 131.71 136.80 
 248 133.52 148.82 136.80 
 249 124.08 175.11 136.80 
 250 130.77 227.08 136.80 
 251 147.24 230.82 136.80 
 252 96.03 265.69 147.24 
 253 141.64 275.11 147.24 
 254 160.24 207.49 147.24 
 255 152.26 457.97 160.24 
 256 131.22 239.78 160.24 
 257 159.23 189.11 160.24 
 258 153.69 318.64 160.24 
 259 149.69 351.55 160.24 
 260 151.86 359.40 160.24 
 261 113.77 357.02 160.24 
 262 172.07 199.25 160.24 
 263 154.39 137.16 172.07 
 264 166.04 230.03 172.07 
 265 213.13 244.95 172.07 
 266 140.55 274.07 213.13 
 267 190.78 312.01 213.13 
 268 218.10 448.67 213.13 
 269 214.90 261.17 218.10 
 270 176.81 280.38 218.10 
 271 200.90 209.96 218.10 
 272 223.67 167.49 218.10 
 273 218.12 325.40 223.67 
 274 194.29 355.27 223.67 
 275 220.52 284.35 223.67 
 276 191.72 302.97 223.67 
 277 183.77 568.98 223.67 
 278 246.59 388.56 223.67 
 279 215.39 292.55 246.59 
 280 278.35 352.03 246.59 
 281 201.59 359.16 278.35 
 282 283.63 228.63 278.35 
 283 304.92 398.97 283.63 
 284 293.01 322.79 304.92 
 285 250.04 297.39 304.92 
 286 285.87 402.67 304.92 
 287 292.67 269.77 304.92 
 288 366.56 331.27 304.92 
 289 262.89 366.79 366.56 
 290 262.80 449.37 366.56 
 291 375.60 424.02 366.56 
 292 238.16 327.89 375.60 
 293 267.33 317.69 375.60 
 294 309.47 296.02 375.60 
 295 244.79 345.15 375.60 
 296 285.94 291.54 375.60 
 297 282.18 225.06 375.60 
 298 374.25 193.73 375.60 
 299 392.26 309.81 375.60 
 300 371.75 330.21 392.26 
 301 403.03 373.88 392.26 
 302 333.16 336.12 403.03 
 303 435.14 305.61 403.03 
 304 290.70 387.55 435.14 
 305 370.26 417.75 435.14 
 306 392.53 376.95 435.14 
 307 388.32 251.73 435.14 
 308 382.77 211.89 435.14 
 309 299.35 291.82 435.14 
 310 378.60 259.65 435.14 
 311 414.52 227.65 435.14 
 312 374.70 410.34 435.14 
 313 406.16 663.24 435.14 
 314 351.66 318.92 435.14 
 315 370.28 360.81 435.14 
 316 382.02 360.17 435.14 
 317 404.26 408.58 435.14 
 318 491.56 441.25 435.14 
 319 409.85 409.72 491.56 
 320 462.49 382.85 491.56 
 321 399.23 671.93 491.56 
 322 424.42 568.20 491.56 
 323 463.51 231.99 491.56 
 324 512.67 236.80 491.56 
 325 419.78 536.85 512.67 
 326 553.73 293.81 512.67 
 327 490.08 229.39 553.73 
 328 455.01 291.72 553.73 
 329 441.64 419.21 553.73 
 330 517.64 384.85 553.73 
 331 461.79 420.68 553.73 
 332 540.05 304.98 553.73 
 333 517.81 397.80 553.73 
 334 496.99 343.29 553.73 
 335 476.51 448.91 553.73 
 336 535.07 462.47 553.73 
 337 481.86 697.04 553.73 
 338 553.81 355.66 553.73 
 339 498.99 414.49 553.81 
 340 570.76 797.84 553.81 
 341 632.77 748.67 570.76 
 342 530.48 520.84 632.77 
 343 586.22 767.25 632.77 
 344 622.61 717.33 632.77 
 345 608.60 473.55 632.77 
 346 570.60 706.85 632.77 
 347 481.79 481.56 632.77 
 348 510.30 304.92 632.77 
 349 596.32 350.16 632.77 
 350 619.94 393.48 632.77 
 351 502.03 468.76 632.77 
 352 594.33 497.07 632.77 
 353 554.62 516.17 632.77 
 354 575.23 605.16 632.77 
 355 685.66 416.47 632.77 
 356 652.49 354.79 685.66 
 357 732.79 359.21 685.66 
 358 655.48 523.07 732.79 
 359 670.82 343.25 732.79 
 360 690.77 434.99 732.79 
 361 616.72 679.06 732.79 
 362 699.15 614.07 732.79 
 363 677.30 628.04 732.79 
 364 772.49 608.27 732.79 
 365 774.78 693.06 772.49 
 366 709.35 1019.16 774.78 
 367 795.66 778.09 774.78 
 368 697.70 720.63 795.66 
 369 860.49 1035.61 795.66 
 370 696.26 1184.02 860.49 
 371 870.92 1272.01 860.49 
 372 749.45 919.40 870.92 
 373 829.31 1034.76 870.92 
 374 827.96 1173.60 870.92 
 375 936.40 1227.91 870.92 
 376 848.15 1525.24 936.40 
 377 838.32 1138.18 936.40 
 378 779.20 1119.19 936.40 
 379 761.25 777.40 936.40 
 380 862.60 975.10 936.40 
 381 843.13 1099.00 936.40 
 382 840.26 1211.52 936.40 
 383 884.19 1095.44 936.40 
 384 876.67 1095.24 936.40 
 385 933.89 1087.77 936.40 
 386 893.62 1161.80 936.40 
 387 943.30 1229.56 936.40 
 388 780.96 1203.59 943.30 
 389 896.99 1315.73 943.30 
 390 893.15 1220.97 943.30 
 391 858.60 1329.96 943.30 
 392 869.58 1255.28 943.30 
 393 926.93 1254.91 943.30 
 394 868.41 1474.27 943.30 
 395 903.55 1294.68 943.30 
 396 825.79 1369.00 943.30 
 397 876.52 1270.94 943.30 
 398 975.29 1372.29 943.30 
 399 996.05 1504.17 975.29 
 400 1001.19 1501.70 996.05 
 401 989.45 1355.69 1001.19 
 402 930.44 1203.69 1001.19 
 403 1079.13 1583.56 1001.19 
 404 974.58 1368.73 1079.13 
 405 1024.46 1491.69 1079.13 
 406 1011.55 1374.58 1079.13 
 407 1075.00 1255.44 1079.13 
 408 1038.80 1215.69 1079.13 
 409 1068.76 1323.04 1079.13 
 410 999.56 1263.71 1079.13 
 411 1019.01 1509.46 1079.13 
 412 1141.10 1561.91 1079.13 
 413 948.51 1373.66 1141.10 
 414 1120.56 1301.38 1141.10 
 415 1216.54 937.57 1141.10 
 416 1044.81 1642.77 1216.54 
 417 1243.26 1305.22 1216.54 
 418 1100.98 1219.60 1243.26 
 419 1150.87 1230.53 1243.26 
 420 1237.27 1300.01 1243.26 
 421 1187.00 1417.07 1243.26 
 422 1187.50 1492.09 1243.26 
 423 1193.91 1523.77 1243.26 
 424 1302.95 1245.05 1243.26 
 425 1077.81 1152.34 1302.95 
 426 1227.01 1397.98 1302.95 
 427 1237.75 1433.80 1302.95 
 428 1287.42 1341.00 1302.95 
 429 1205.73 1735.25 1302.95 
 430 1216.82 1492.95 1302.95 
 431 1239.79 1402.86 1302.95 
 432 1231.01 1604.76 1302.95 
 433 1412.46 1361.29 1302.95 
 434 1337.30 1534.79 1412.46 
 435 1387.03 1639.14 1412.46 
 436 1297.05 1259.93 1412.46 
 437 1219.74 1109.60 1412.46 
 438 1284.66 1467.78 1412.46 
 439 1282.54 1532.73 1412.46 
 440 1314.74 1516.76 1412.46 
 441 1321.42 1580.95 1412.46 
 442 1239.36 1580.77 1412.46 
 443 1368.52 1820.51 1412.46 
 444 1358.92 1693.64 1412.46 
 445 1320.34 1689.09 1412.46 
 446 1379.30 1729.97 1412.46 
 447 1424.28 1694.96 1412.46 
 448 1439.82 1605.63 1424.28 
 449 1369.94 1100.09 1439.82 
 450 1445.46 1710.05 1439.82 
 451 1415.40 1462.85 1445.46 
 452 1513.98 1781.10 1445.46 
 453 1497.62 1504.97 1513.98 
 454 1506.63 1494.97 1513.98 
 455 1453.10 1468.75 1513.98 
 456 1533.77 1558.75 1513.98 
 457 1423.36 1761.44 1533.77 
 458 1592.65 1571.46 1533.77 
 459 1520.82 1238.67 1592.65 
 460 1555.32 1530.32 1592.65 
 461 1601.28 1584.50 1592.65 
 462 1549.23 1763.92 1601.28 
 463 1546.68 1726.57 1601.28 
 464 1453.23 1762.09 1601.28 
 465 1474.92 1521.89 1601.28 
 466 1591.22 1845.28 1601.28 
 467 1590.52 1822.27 1601.28 
 468 1727.15 2232.33 1601.28 
 469 1680.57 1577.26 1727.15 
 470 1648.78 1535.14 1727.15 
 471 1607.28 1427.71 1727.15 
 472 1787.75 1431.42 1727.15 
 473 1680.01 1691.85 1787.75 
 474 1666.78 1579.08 1787.75 
 475 1743.65 1513.00 1787.75 
 476 1597.75 1944.45 1787.75 
 477 1671.09 1535.03 1787.75 
 478 1763.11 1886.38 1787.75 
 479 1714.53 1662.72 1787.75 
 480 1562.97 1508.84 1787.75 
 481 1700.74 1737.43 1787.75 
 482 1667.29 1853.79 1787.75 
 483 1874.28 1820.52 1787.75 
 484 1966.31 1828.47 1874.28 
 485 1864.09 1854.12 1966.31 
 486 1783.63 1854.29 1966.31 
 487 1864.09 1539.04 1966.31 
 488 1832.77 2011.86 1966.31 
 489 1806.54 1733.02 1966.31 
 490 1963.91 1798.42 1966.31 
 491 1880.52 1938.01 1966.31 
 492 1751.46 1925.35 1966.31 
 493 1714.37 2125.36 1966.31 
 494 1718.02 2033.15 1966.31 
 495 1654.94 2062.79 1966.31 
 496 1929.55 2100.57 1966.31 
 497 1949.39 1812.32 1966.31 
 498 1916.49 1574.65 1966.31 
 499 1861.23 1786.27 1966.31 
 500 1973.79 1916.73 1966.31 
 501 1857.82 1935.12 1973.79 
 502 1844.55 2173.12 1973.79 
 503 1844.40 1991.08 1973.79 
 504 1778.25 1814.98 1973.79 
 505 1916.41 2090.00 1973.79 
 506 1846.24 1987.60 1973.79 
 507 1987.41 1686.04 1973.79 
 508 1821.87 1827.71 1987.41 
 509 1840.37 1691.10 1987.41 
 510 2041.59 2266.40 1987.41 
 511 1974.76 1864.79 2041.59 
 512 1989.19 1775.88 2041.59 
 513 2018.32 1735.45 2041.59 
 514 1945.75 1637.71 2041.59 
 515 1935.27 1685.78 2041.59 
 516 2001.56 1833.43 2041.59 
 517 1992.01 1750.98 2041.59 
 518 2164.88 2020.43 2041.59 
 519 1965.21 2158.36 2164.88 
 520 1871.33 1579.70 2164.88 
 521 2003.13 1711.94 2164.88 
 522 2032.71 1946.20 2164.88 
 523 2121.14 1728.91 2164.88 
 524 1996.63 1801.43 2164.88 
 525 1858.12 2050.04 2164.88 
 526 1958.46 1916.46 2164.88 
 527 2156.67 2018.66 2164.88 
 528 2056.00 1619.81 2164.88 
 529 2154.86 1837.98 2164.88 
 530 2249.04 2160.63 2164.88 
 531 2165.25 2309.04 2249.04 
 532 2077.76 2286.50 2249.04 
 533 2193.61 2386.23 2249.04 
 534 2038.15 2333.65 2249.04 
 535 2180.48 2456.98 2249.04 
 536 2044.89 2448.19 2249.04 
 537 2075.80 2012.89 2249.04 
 538 2102.64 2205.45 2249.04 
 539 2099.97 2179.27 2249.04 
 540 2229.51 2401.89 2249.04 
 541 2164.74 2173.45 2249.04 
 542 2034.10 2238.44 2249.04 
 543 2126.20 1993.99 2249.04 
 544 2087.23 2375.96 2249.04 
 545 2262.28 2379.86 2249.04 
 546 2046.94 2568.10 2262.28 
 547 2162.26 2478.84 2262.28 
 548 1967.89 2312.32 2262.28 
 549 2170.64 2386.78 2262.28 
 550 2087.07 2239.46 2262.28 
 551 2217.07 2259.50 2262.28 
 552 2259.01 2348.94 2262.28 
 553 2094.19 2542.02 2262.28 
 554 2093.97 2362.29 2262.28 
 555 1971.38 2471.31 2262.28 
 556 2332.19 2203.62 2262.28 
 557 2046.96 2580.20 2332.19 
 558 2170.66 2418.58 2332.19 
 559 2180.85 2127.97 2332.19 
 560 2289.77 2454.51 2332.19 
 561 1985.57 2444.48 2332.19 
 562 2337.93 2558.60 2332.19 
 563 2299.70 2526.25 2337.93 
 564 2131.56 2516.15 2337.93 
 565 2352.58 2454.52 2337.93 
 566 2257.39 2651.56 2352.58 
 567 2306.16 2502.41 2352.58 
 568 2288.91 2517.98 2352.58 
 569 2374.19 2200.94 2352.58 
 570 2407.60 2319.94 2374.19 
 571 2354.84 2387.09 2407.60 
 572 2229.28 2504.50 2407.60 
 573 2373.33 2516.79 2407.60 
 574 2452.47 2471.63 2407.60 
 575 2278.77 2375.61 2452.47 
 576 2471.62 2494.49 2452.47 
 577 2321.97 2653.94 2471.62 
 578 2397.71 2683.52 2471.62 
 579 2357.98 2297.98 2471.62 
 580 2312.47 2674.93 2471.62 
 581 2375.64 2561.90 2471.62 
 582 2342.58 2323.94 2471.62 
 583 2624.85 2656.62 2471.62 
 584 2335.15 2737.06 2624.85 
 585 2329.82 2428.01 2624.85 
 586 2403.46 2870.38 2624.85 
 587 2311.13 2468.30 2624.85 
 588 2322.55 2515.02 2624.85 
 589 2308.44 2596.58 2624.85 
 590 2313.41 2812.71 2624.85 
 591 2445.87 2541.01 2624.85 
 592 2351.07 2467.26 2624.85 
 593 2270.46 2465.68 2624.85 
 594 2366.72 2496.51 2624.85 
 595 2453.11 2892.13 2624.85 
 596 2500.10 2558.58 2624.85 
 597 2267.52 2885.71 2624.85 
 598 2386.39 2860.94 2624.85 
 599 2365.97 2596.89 2624.85 
 600 2337.51 2724.46 2624.85 
 601 2555.94 2991.75 2624.85 
 602 2489.31 2809.08 2624.85 
 603 2283.97 2443.62 2624.85 
 604 2459.22 2675.95 2624.85 
 605 2396.22 2632.74 2624.85 
 606 2372.10 2403.64 2624.85 
 607 2404.31 2644.03 2624.85 
 608 2439.93 2902.96 2624.85 
 609 2501.21 2962.61 2624.85 
 610 2491.30 2983.58 2624.85 
 611 2325.51 2938.53 2624.85 
 612 2463.17 2782.59 2624.85 
 613 2553.41 2574.27 2624.85 
 614 2531.97 2557.09 2624.85 
 615 2485.53 2895.51 2624.85 
 616 2468.81 2924.57 2624.85 
 617 2557.24 3140.17 2624.85 
 618 2504.79 2940.01 2624.85 
 619 2457.35 2678.45 2624.85 
 620 2508.81 2861.40 2624.85 
 621 2419.55 2528.62 2624.85 
 622 2650.42 2067.25 2624.85 
 623 2408.47 2264.83 2650.42 
 624 2551.01 2608.37 2650.42 
 625 2536.85 3005.37 2650.42 
 626 2447.98 2785.93 2650.42 
 627 2520.33 2552.74 2650.42 
 628 2628.13 2640.83 2650.42 
 629 2561.11 2991.22 2650.42 
 630 2577.94 2579.39 2650.42 
 631 2584.79 2368.50 2650.42 
 632 2496.08 2514.13 2650.42 
 633 2559.14 2693.34 2650.42 
 634 2565.17 2727.13 2650.42 
 635 2600.64 2636.04 2650.42 
 636 2554.94 3074.90 2650.42 
 637 2587.84 2843.72 2650.42 
 638 2661.75 3135.74 2650.42 
 639 2523.63 3180.23 2661.75 
 640 2616.02 2948.06 2661.75 
 641 2443.16 3047.96 2661.75 
 642 2453.04 2897.19 2661.75 
 643 2527.25 2580.32 2661.75 
 644 2760.53 2815.70 2661.75 
 645 2749.99 2603.21 2760.53 
 646 2713.94 2481.78 2760.53 
 647 2439.40 2625.56 2760.53 
 648 2660.06 2790.95 2760.53 
 649 2445.50 2853.39 2760.53 
 650 2482.28 2376.50 2760.53 
 651 2520.37 2035.61 2760.53 
 652 2466.70 2688.85 2760.53 
 653 2644.53 2870.89 2760.53 
 654 2591.41 2728.69 2760.53 
 655 2608.02 2703.71 2760.53 
 656 2641.10 2220.56 2760.53 
 657 2592.93 2684.58 2760.53 
 658 2544.04 2521.55 2760.53 
 659 2544.19 2750.52 2760.53 
 660 2615.74 2359.83 2760.53 
 661 2640.02 2307.75 2760.53 
 662 2493.85 2615.20 2760.53 
 663 2623.97 2881.31 2760.53 
 664 2597.88 2615.98 2760.53 
 665 2833.89 2650.06 2760.53 
 666 2588.88 2502.35 2833.89 
 667 2623.90 2347.26 2833.89 
 668 2782.50 2670.52 2833.89 
 669 2693.77 2460.75 2833.89 
 670 2748.04 2480.60 2833.89 
 671 2894.94 2418.30 2833.89 
 672 2650.72 2445.82 2894.94 
 673 2623.18 2563.68 2894.94 
 674 2601.45 2733.30 2894.94 
 675 2520.50 2894.79 2894.94 
 676 2511.43 2746.81 2894.94 
 677 2614.84 2712.31 2894.94 
 678 2559.91 2794.66 2894.94 
 679 2607.11 2661.50 2894.94 
 680 2572.74 2385.76 2894.94 
 681 2714.20 2635.82 2894.94 
 682 2667.47 2378.37 2894.94 
 683 2696.25 2401.94 2894.94 
 684 2622.82 2047.68 2894.94 
 685 2584.81 2441.30 2894.94 
 686 2539.91 2715.70 2894.94 
 687 2477.80 2757.73 2894.94 
 688 2817.91 2430.53 2894.94 
 689 2733.92 2723.06 2894.94 
 690 2819.94 2723.45 2894.94 
 691 2528.57 2698.33 2894.94 
 692 2615.82 2614.84 2894.94 
 693 2584.26 2683.33 2894.94 
 694 2773.12 2754.08 2894.94 
 695 2945.48 2608.44 2894.94 
 696 2812.38 2879.52 2945.48 
 697 2848.37 2744.86 2945.48 
 698 2784.71 2997.80 2945.48 
 699 2704.02 2807.29 2945.48 
 700 2847.16 2752.96 2945.48 
 701 2734.58 2828.53 2945.48 
 702 2785.49 2984.52 2945.48 
 703 2835.66 3010.58 2945.48 
 704 2715.76 3174.83 2945.48 
 705 2809.71 2856.12 2945.48 
 706 2974.84 3114.20 2945.48 
 707 2836.92 3177.07 2974.84 
 708 2701.18 2853.22 2974.84 
 709 2669.35 2943.91 2974.84 
 710 2967.64 2966.68 2974.84 
 711 2811.73 3191.84 2974.84 
 712 2901.64 3094.65 2974.84 
 713 2875.95 2834.15 2974.84 
 714 2799.04 3028.04 2974.84 
 715 2896.09 3180.15 2974.84 
 716 2929.93 3081.95 2974.84 
 717 2896.81 3119.31 2974.84 
 718 2844.27 3037.39 2974.84 
 719 2865.07 3039.83 2974.84 
 720 2728.12 3011.90 2974.84 
 721 2816.00 3229.89 2974.84 
 722 2879.67 3146.11 2974.84 
 723 2714.84 3082.65 2974.84 
 724 2787.28 2850.44 2974.84 
 725 2879.84 3061.32 2974.84 
 726 2834.77 3374.05 2974.84 
 727 2906.08 3098.98 2974.84 
 728 2777.75 3085.36 2974.84 
 729 2893.04 3137.68 2974.84 
 730 2821.22 2977.97 2974.84 
 731 2830.49 3009.06 2974.84 
 732 2836.03 3059.33 2974.84 
 733 2697.29 3187.08 2974.84 
 734 2652.57 3033.51 2974.84 
 735 2928.29 3208.16 2974.84 
 736 2800.22 3039.14 2974.84 
 737 2731.99 3111.79 2974.84 
 738 2876.38 2947.06 2974.84 
 739 2759.50 2843.48 2974.84 
 740 2891.74 2969.73 2974.84 
 741 2847.23 3141.09 2974.84 
 742 2761.73 2821.73 2974.84 
 743 2976.58 2782.62 2974.84 
 744 2862.97 2544.97 2976.58 
 745 2657.99 2801.40 2976.58 
 746 2831.50 2876.45 2976.58 
 747 2824.23 2822.33 2976.58 
 748 2767.39 2898.03 2976.58 
 749 2685.98 3149.09 2976.58 
 750 2944.94 3129.09 2976.58 
 751 3055.52 3042.72 2976.58 
 752 2870.62 3009.28 3055.52 
 753 2855.39 2973.95 3055.52 
 754 2951.85 3246.60 3055.52 
 755 3102.01 3022.28 3055.52 
 756 2985.51 3283.04 3102.01 
 757 2965.79 3032.37 3102.01 
 758 2973.21 2873.98 3102.01 
 759 2880.90 2918.94 3102.01 
 760 2943.72 3110.81 3102.01 
 761 2913.00 3068.10 3102.01 
 762 2962.94 3111.14 3102.01 
 763 2942.76 3061.82 3102.01 
 764 2828.63 3167.52 3102.01 
 765 2881.76 3009.25 3102.01 
 766 3058.25 3059.16 3102.01 
 767 3102.14 3100.33 3102.01 
 768 3060.52 2983.99 3102.14 
 769 3023.89 3331.91 3102.14 
 770 3072.82 3006.50 3102.14 
 771 2936.65 3412.03 3102.14 
 772 3038.74 3422.98 3102.14 
 773 3075.84 3516.28 3102.14 
 774 2883.07 3172.08 3102.14 
 775 2993.95 3130.85 3102.14 
 776 3073.85 3404.01 3102.14 
 777 3200.76 3333.21 3102.14 
 778 2950.56 3312.66 3200.76 
 779 3068.97 3301.52 3200.76 
 780 3029.70 3250.90 3200.76 
 781 3035.37 3116.03 3200.76 
 782 2934.97 3301.02 3200.76 
 783 3014.59 2915.38 3200.76 
 784 2992.33 3008.64 3200.76 
 785 3115.52 2869.83 3200.76 
 786 2817.89 3035.28 3200.76 
 787 3119.87 3222.98 3200.76 
 788 2974.24 3317.41 3200.76 
 789 3107.98 3264.75 3200.76 
 790 3205.62 3122.84 3200.76 
 791 3090.50 3001.63 3205.62 
 792 3233.47 3260.55 3205.62 
 793 2965.59 3302.26 3233.47 
 794 3013.33 3219.16 3233.47 
 795 3145.44 3308.94 3233.47 
 796 2938.21 3367.44 3233.47 
 797 3153.66 3259.01 3233.47 
 798 3035.50 3354.33 3233.47 
 799 3237.41 3192.94 3233.47 
