Iter | Sampling Pol | Evaluation Pol | Best (Sampled) 
   0 -6.95 -4.66 -100000000.00 
   1 -6.73 -4.43 -6.95 
   2 -6.45 -3.91 -6.73 
   3 -6.28 -3.93 -6.45 
   4 -5.80 -1.57 -6.28 
   5 -5.66 -3.96 -5.80 
   6 -5.06 -4.31 -5.66 
   7 -5.04 -3.72 -5.06 
   8 -4.92 -3.67 -5.04 
   9 -4.35 -3.75 -4.92 
  10 -4.29 -2.84 -4.35 
  11 -4.31 -2.80 -4.29 
  12 -4.63 -4.98 -4.29 
  13 -4.40 -4.20 -4.29 
  14 -4.05 -4.08 -4.29 
  15 -4.05 -3.74 -4.05 
  16 -4.39 -3.78 -4.05 
  17 -3.44 -2.15 -4.05 
  18 -3.82 -3.59 -3.44 
  19 -3.24 -3.17 -3.44 
  20 -2.80 -3.14 -3.24 
  21 -3.10 -3.24 -2.80 
  22 -2.98 -1.23 -2.80 
  23 -1.66 -3.89 -2.80 
  24 -2.97 -2.85 -1.66 
  25 -2.46 -2.72 -1.66 
  26 -1.71 -2.12 -1.66 
  27 -1.65 -2.28 -1.66 
  28 -1.83  2.22 -1.65 
  29 -2.08  1.08 -1.65 
  30 -0.76  1.25 -1.65 
  31 -1.45  0.21 -0.76 
  32 -0.63  2.26 -0.76 
  33 -1.40  2.22 -0.63 
  34 -0.77  0.34 -0.63 
  35 -1.10  1.15 -0.63 
  36 -0.01 -2.02 -0.63 
  37  1.10  1.13 -0.01 
  38  1.59  5.84  1.10 
  39  0.03 -0.56  1.59 
  40  2.12 -2.69  1.59 
  41  1.92 -2.40  2.12 
  42  0.06  0.37  2.12 
  43  0.08 -2.67  2.12 
  44  2.14 -1.35  2.12 
  45  0.84 -1.99  2.14 
  46  1.83 -0.95  2.14 
  47  1.76 -0.84  2.14 
  48  3.46  1.46  2.14 
  49  2.31 -1.51  3.46 
  50  3.62 -2.72  3.46 
  51  3.01 -2.06  3.62 
  52  3.93 -1.17  3.62 
  53  5.34 -2.16  3.93 
  54  5.62 -1.52  5.34 
  55  6.23  0.09  5.62 
  56  7.08 -0.25  6.23 
  57  5.80 -2.10  7.08 
  58  8.59  3.26  7.08 
  59 10.68 -0.56  8.59 
  60  7.27  0.12 10.68 
  61  5.26 -0.78 10.68 
  62  8.78 -1.05 10.68 
  63 10.47 -0.51 10.68 
  64  7.17 -1.43 10.68 
  65 15.10 -0.09 10.68 
  66 11.68  1.46 15.10 
  67 12.43  1.03 15.10 
  68 13.93  1.36 15.10 
  69 14.81  1.28 15.10 
  70 15.64  0.37 15.10 
  71 11.82 -0.48 15.64 
  72 16.32 -0.95 15.64 
  73 10.82 -1.51 16.32 
  74 11.13  2.04 16.32 
  75 20.83  0.47 16.32 
  76 16.55 -2.58 20.83 
  77 13.39  2.02 20.83 
  78 19.80  0.09 20.83 
  79 13.95  9.55 20.83 
  80 23.00  4.46 20.83 
  81 33.24  8.47 23.00 
  82 21.75 29.34 33.24 
  83 19.86 12.42 33.24 
  84 32.56 13.03 33.24 
  85 25.37 18.07 33.24 
  86 31.79 35.47 33.24 
  87 27.48 33.33 33.24 
  88 36.09 61.07 33.24 
  89 33.79 36.27 36.09 
  90 36.37 39.18 36.09 
  91 25.96 59.13 36.37 
  92 33.48 48.99 36.37 
  93 34.08 33.46 36.37 
  94 37.82 74.42 36.37 
  95 53.66 38.60 37.82 
  96 47.29 46.20 53.66 
  97 39.95 40.68 53.66 
  98 64.91 35.15 53.66 
  99 46.18 73.20 64.91 
 100 45.18 70.27 64.91 
 101 56.29 30.82 64.91 
 102 55.45 41.38 64.91 
 103 68.44 67.15 64.91 
 104 64.62 72.07 68.44 
 105 49.14 52.06 68.44 
 106 45.75 23.19 68.44 
 107 59.71 18.21 68.44 
 108 48.99 62.28 68.44 
 109 51.60 55.77 68.44 
 110 67.26 69.66 68.44 
 111 67.46 59.56 68.44 
 112 64.45 32.41 68.44 
 113 47.76 53.43 68.44 
 114 70.36 39.35 68.44 
 115 63.56 42.92 70.36 
 116 57.18 87.97 70.36 
 117 56.45 99.00 70.36 
 118 52.91 75.63 70.36 
 119 63.12 101.51 70.36 
 120 73.64 147.05 70.36 
 121 79.19 143.95 73.64 
 122 68.10 63.59 79.19 
 123 78.20 89.86 79.19 
 124 70.84 168.03 79.19 
 125 61.53 166.82 79.19 
 126 75.17 211.02 79.19 
 127 80.85 156.64 79.19 
 128 60.00 102.40 80.85 
 129 77.73 93.05 80.85 
 130 90.23 85.35 80.85 
 131 79.09 81.58 90.23 
 132 104.24 120.94 90.23 
 133 93.32 70.21 104.24 
 134 80.85 129.90 104.24 
 135 102.76 147.44 104.24 
 136 100.28 209.91 104.24 
 137 94.47 194.89 104.24 
 138 98.89 194.44 104.24 
 139 106.07 93.94 104.24 
 140 132.28 187.54 106.07 
 141 103.04 173.20 132.28 
 142 120.10 125.21 132.28 
 143 144.26 138.67 132.28 
 144 132.87 127.55 144.26 
 145 111.18 158.49 144.26 
 146 159.72 130.58 144.26 
 147 144.86 176.43 159.72 
 148 140.30 172.75 159.72 
 149 140.20 143.13 159.72 
 150 136.41 195.20 159.72 
 151 143.09 165.28 159.72 
 152 150.62 195.63 159.72 
 153 163.22 171.98 159.72 
 154 182.84 137.08 163.22 
 155 146.59 133.64 182.84 
 156 193.82 160.15 182.84 
 157 169.80 137.35 193.82 
 158 170.09 168.13 193.82 
 159 221.26 136.13 193.82 
 160 170.18 159.78 221.26 
 161 183.13 242.43 221.26 
 162 172.23 234.94 221.26 
 163 193.61 147.60 221.26 
 164 170.59 199.93 221.26 
 165 180.68 194.31 221.26 
 166 174.11 247.19 221.26 
 167 209.56 165.46 221.26 
 168 219.68 305.20 221.26 
 169 197.16 325.81 221.26 
 170 223.41 221.95 221.26 
 171 219.51 220.73 223.41 
 172 255.14 279.73 223.41 
 173 251.37 226.59 255.14 
 174 258.59 323.07 255.14 
 175 243.64 282.79 258.59 
 176 261.61 298.35 258.59 
 177 212.07 309.57 261.61 
 178 247.61 328.29 261.61 
 179 247.94 351.89 261.61 
 180 277.91 342.96 261.61 
 181 300.47 349.69 277.91 
 182 246.64 350.02 300.47 
 183 296.98 278.08 300.47 
 184 316.44 324.43 300.47 
 185 276.43 308.12 316.44 
 186 276.96 321.89 316.44 
 187 337.48 337.98 316.44 
 188 277.48 255.11 337.48 
 189 289.23 290.67 337.48 
 190 303.02 321.12 337.48 
 191 306.88 300.43 337.48 
 192 277.65 353.03 337.48 
 193 338.92 436.79 337.48 
 194 266.34 377.73 338.92 
 195 341.23 588.99 338.92 
 196 371.31 457.67 341.23 
 197 359.29 451.12 371.31 
 198 413.29 361.34 371.31 
 199 338.30 435.73 413.29 
 200 396.31 339.60 413.29 
 201 379.18 446.74 413.29 
 202 414.05 497.53 413.29 
 203 429.97 516.71 414.05 
 204 353.23 639.44 429.97 
 205 387.58 603.23 429.97 
 206 484.40 615.52 429.97 
 207 498.66 624.72 484.40 
 208 419.23 771.17 498.66 
 209 472.78 665.26 498.66 
 210 482.42 800.76 498.66 
 211 487.90 651.70 498.66 
 212 502.02 790.31 498.66 
 213 557.28 889.57 502.02 
 214 497.80 706.16 557.28 
 215 542.78 691.17 557.28 
 216 586.56 695.42 557.28 
 217 554.60 733.82 586.56 
 218 719.66 905.07 586.56 
 219 623.78 673.91 719.66 
 220 710.29 780.22 719.66 
 221 632.20 648.68 719.66 
 222 641.74 990.07 719.66 
 223 736.59 898.39 719.66 
 224 750.13 756.37 736.59 
 225 698.22 748.79 750.13 
 226 812.73 712.29 750.13 
 227 697.31 888.58 812.73 
 228 889.75 1081.20 812.73 
 229 873.88 1092.34 889.75 
 230 801.08 869.55 889.75 
 231 879.94 1064.99 889.75 
 232 885.31 983.23 889.75 
 233 864.68 1053.90 889.75 
 234 774.56 959.70 889.75 
 235 936.09 1029.92 889.75 
 236 826.57 1038.95 936.09 
 237 949.63 1409.82 936.09 
 238 987.03 1405.62 949.63 
 239 1051.75 1650.14 987.03 
 240 1000.40 1535.91 1051.75 
 241 991.77 1388.77 1051.75 
 242 1057.34 1460.56 1051.75 
 243 1115.95 1404.58 1057.34 
 244 1048.07 1332.80 1115.95 
 245 1061.98 1448.94 1115.95 
 246 1100.43 1423.70 1115.95 
 247 1212.67 1316.58 1115.95 
 248 1268.45 1497.44 1212.67 
 249 1318.64 1336.30 1268.45 
 250 1221.22 1450.15 1318.64 
 251 1208.05 1232.40 1318.64 
 252 1225.53 1385.40 1318.64 
 253 1279.68 1125.39 1318.64 
 254 1355.54 1136.13 1318.64 
 255 1293.78 1361.85 1355.54 
 256 1374.46 1641.31 1355.54 
 257 1331.79 1515.20 1374.46 
 258 1331.29 1405.41 1374.46 
 259 1331.43 1484.20 1374.46 
 260 1327.46 1504.49 1374.46 
 261 1307.59 1685.38 1374.46 
 262 1402.28 1591.93 1374.46 
 263 1388.12 1555.59 1402.28 
 264 1365.92 1514.95 1402.28 
 265 1581.22 1694.58 1402.28 
 266 1299.61 1441.19 1581.22 
 267 1446.73 1627.42 1581.22 
 268 1427.19 1782.12 1581.22 
 269 1529.73 1849.68 1581.22 
 270 1469.75 1811.74 1581.22 
 271 1468.88 1656.25 1581.22 
 272 1605.77 1824.95 1581.22 
 273 1546.80 1505.01 1605.77 
 274 1618.95 1737.20 1605.77 
 275 1404.39 1657.29 1618.95 
 276 1631.46 1782.36 1618.95 
 277 1611.90 1527.08 1631.46 
 278 1552.86 1697.87 1631.46 
 279 1706.00 1687.27 1631.46 
 280 1556.27 1514.10 1706.00 
 281 1645.30 1691.35 1706.00 
 282 1783.38 1605.15 1706.00 
 283 1819.06 1554.87 1783.38 
 284 1642.18 1678.33 1819.06 
 285 1659.81 1818.00 1819.06 
 286 1646.33 1816.03 1819.06 
 287 1785.53 2179.26 1819.06 
 288 1621.41 2030.18 1819.06 
 289 1670.59 1968.57 1819.06 
 290 1726.63 1993.35 1819.06 
 291 1734.96 2044.32 1819.06 
 292 1746.05 1732.26 1819.06 
 293 1798.61 2091.08 1819.06 
 294 1805.57 1971.62 1819.06 
 295 1783.89 1844.07 1819.06 
 296 1738.96 1796.94 1819.06 
 297 1961.96 1790.12 1819.06 
 298 1887.41 1954.39 1961.96 
 299 1776.91 1918.06 1961.96 
