Iter | Sampling Pol | Evaluation Pol | Best (Sampled) 
   0 -6.05 -3.48 -100000000.00 
   1 -5.94 -5.82 -6.05 
   2 -5.74 -4.92 -5.94 
   3 -5.37 -4.97 -5.74 
   4 -5.47 -5.11 -5.37 
   5 -4.56 -5.03 -5.37 
   6 -4.68 -4.87 -4.56 
   7 -5.01 -4.77 -4.56 
   8 -4.96 -4.54 -4.56 
   9 -4.37 -4.39 -4.56 
  10 -3.74 -4.35 -4.37 
  11 -4.31 -4.19 -3.74 
  12 -4.17 -4.15 -3.74 
  13 -3.81 -4.10 -3.74 
  14 -4.26 -4.33 -3.74 
  15 -4.76 -4.12 -3.74 
  16 -4.24 -4.05 -3.74 
  17 -4.58 -4.04 -3.74 
  18 -4.19 -3.88 -3.74 
  19 -3.93 -3.97 -3.74 
  20 -4.00 -4.09 -3.74 
  21 -3.88 -3.53 -3.74 
  22 -3.97 -4.27 -3.74 
  23 -3.99 -4.27 -3.74 
  24 -3.88 -4.46 -3.74 
  25 -3.26 -4.15 -3.74 
  26 -3.39 -3.95 -3.26 
  27 -3.86 -3.59 -3.26 
  28 -4.17 -2.96 -3.26 
  29 -3.49 -3.68 -3.26 
  30 -3.14 -3.85 -3.26 
  31 -4.14 -4.17 -3.14 
  32 -3.11 -3.72 -3.14 
  33 -3.54 -3.81 -3.11 
  34 -3.66 -3.62 -3.11 
  35 -2.95 -2.90 -3.11 
  36 -3.61 -3.80 -2.95 
  37 -3.23 -4.19 -2.95 
  38 -3.49 -1.78 -2.95 
  39 -3.49  0.79 -2.95 
  40 -2.43 -2.96 -2.95 
  41 -2.15 -2.43 -2.43 
  42 -3.37 -2.06 -2.15 
  43 -2.83  3.50 -2.15 
  44 -1.76 -3.16 -2.15 
  45 -3.28 -1.48 -1.76 
  46 -2.91 -0.82 -1.76 
  47 -2.99 -3.33 -1.76 
  48  1.27 -3.19 -1.76 
  49 -1.70 -2.11  1.27 
  50 -2.98 -2.57  1.27 
  51 -2.38 -1.69  1.27 
  52 -2.74  0.71  1.27 
  53 -1.96 -1.94  1.27 
  54 -2.74  3.88  1.27 
  55 -1.91 -0.19  1.27 
  56 -1.54 -0.63  1.27 
  57 -1.68 -1.73  1.27 
  58 -2.49 -1.88  1.27 
  59  1.71 -0.42  1.27 
  60 -2.42  0.14  1.71 
  61 -0.44  1.78  1.71 
  62 -1.65  1.33  1.71 
  63 -0.78  0.34  1.71 
  64 -1.45  6.43  1.71 
  65  0.18 -3.00  1.71 
  66 -2.19 -3.32  1.71 
  67 -0.49 -3.00  1.71 
  68 -0.95 -0.07  1.71 
  69 -1.33  7.13  1.71 
  70 -0.01 -1.03  1.71 
  71 -0.06  0.55  1.71 
  72 -0.92  2.01  1.71 
  73 -0.71 -1.42  1.71 
  74 -0.63  0.14  1.71 
  75  2.08 -2.24  1.71 
  76 -1.14 -1.19  2.08 
  77  0.28 -2.73  2.08 
  78 -0.56 -2.81  2.08 
  79 -0.15 -1.37  2.08 
  80 -0.15 -1.21  2.08 
  81 -0.87  1.53  2.08 
  82 -1.23  2.52  2.08 
  83  0.12 -1.43  2.08 
  84 -0.51 -1.24  2.08 
  85  4.27 -1.38  2.08 
  86 -0.48 -1.53  4.27 
  87 -0.78  0.91  4.27 
  88  1.86  4.69  4.27 
  89 -0.16  4.01  4.27 
  90  0.27  1.32  4.27 
  91  0.22  2.56  4.27 
  92  2.70  0.53  4.27 
  93  0.64 -1.81  4.27 
  94  6.27  1.94  4.27 
  95  1.32  3.60  6.27 
  96  1.74  4.35  6.27 
  97  1.59 27.69  6.27 
  98  2.52 18.45  6.27 
  99  0.57  4.17  6.27 
 100  0.56 12.07  6.27 
 101  0.92  6.79  6.27 
 102  1.11  4.36  6.27 
 103  3.46  6.86  6.27 
 104  6.31  4.67  6.27 
 105  3.65  4.82  6.31 
 106  2.47  3.52  6.31 
 107 -0.72  4.37  6.31 
 108  1.67  4.72  6.31 
 109  1.80 14.38  6.31 
 110  1.68 14.09  6.31 
 111  2.63 12.74  6.31 
 112  3.65 13.20  6.31 
 113  2.40  6.38  6.31 
 114  0.92 10.54  6.31 
 115  2.17  8.69  6.31 
 116  2.38  6.53  6.31 
 117  5.62 35.21  6.31 
 118  1.63  6.60  6.31 
 119  1.77 19.51  6.31 
 120  5.08 23.86  6.31 
 121  1.14  7.34  6.31 
 122  3.06 16.77  6.31 
 123  1.72  8.94  6.31 
 124  4.68  9.59  6.31 
 125  4.00 12.62  6.31 
 126 10.71  9.20  6.31 
 127  4.90  9.28 10.71 
 128  6.28  5.41 10.71 
 129  4.74  8.23 10.71 
 130  5.16  9.61 10.71 
 131  4.39 14.35 10.71 
 132  9.62  6.37 10.71 
 133 11.20  6.81 10.71 
 134  4.55  3.34 11.20 
 135 10.03  4.16 11.20 
 136  7.15  2.12 11.20 
 137  8.08  3.75 11.20 
 138  4.02 13.70 11.20 
 139 10.62  4.28 11.20 
 140 15.00  7.01 11.20 
 141  7.01  5.11 15.00 
 142  3.46  6.94 15.00 
 143 12.55  4.34 15.00 
 144  8.61  5.93 15.00 
 145  4.45  3.38 15.00 
 146 17.15  6.36 15.00 
 147 11.13  4.09 17.15 
 148 14.54  3.80 17.15 
 149  9.13 10.39 17.15 
 150  8.29  7.54 17.15 
 151 15.73  5.75 17.15 
 152 12.03  7.84 17.15 
 153 12.00 27.29 17.15 
 154 11.51 14.99 17.15 
 155 12.24  3.67 17.15 
 156 18.17  7.24 17.15 
 157 15.41  4.93 18.17 
 158 19.12  7.40 18.17 
 159 21.62  1.30 19.12 
 160  9.56  9.51 21.62 
 161 13.33  5.39 21.62 
 162  5.99  1.88 21.62 
 163 18.89 13.71 21.62 
 164 16.57 14.07 21.62 
 165 10.52 37.87 21.62 
 166  7.08 46.46 21.62 
 167 25.84 27.99 21.62 
 168 10.71 11.28 25.84 
 169  9.31  3.68 25.84 
 170 10.35  7.96 25.84 
 171 13.09  0.59 25.84 
 172 18.43  7.12 25.84 
 173 10.28 11.42 25.84 
 174 12.98 18.37 25.84 
 175 19.12 15.88 25.84 
 176 19.54  9.26 25.84 
 177 10.51  7.27 25.84 
 178  8.85 28.19 25.84 
 179 22.29 12.55 25.84 
 180 24.24  4.65 25.84 
 181 21.31 20.27 25.84 
 182 24.02 19.26 25.84 
 183 24.08  9.46 25.84 
 184 17.73  7.75 25.84 
 185 17.15  5.64 25.84 
 186 23.78  6.84 25.84 
 187 20.67  3.77 25.84 
 188 27.86 23.95 25.84 
 189 22.77 17.82 27.86 
 190 16.76  8.46 27.86 
 191 14.12 27.14 27.86 
 192 16.75  7.22 27.86 
 193 39.14  5.45 27.86 
 194 18.78 20.76 39.14 
 195 51.56 28.54 39.14 
 196 20.96 38.12 51.56 
 197 11.99 70.28 51.56 
 198 27.65 96.34 51.56 
 199 18.34 122.45 51.56 
 200 27.04 13.99 51.56 
 201 21.90 79.19 51.56 
 202 44.10 32.03 51.56 
 203 28.66 25.96 51.56 
 204 27.28 19.67 51.56 
 205 27.45 13.77 51.56 
 206 20.60 11.11 51.56 
 207 40.71 18.35 51.56 
 208 33.36 16.50 51.56 
 209 15.74 30.12 51.56 
 210 22.82 20.29 51.56 
 211 28.55 13.41 51.56 
 212 31.35 20.75 51.56 
 213 17.96 21.19 51.56 
 214 25.26 11.31 51.56 
 215 29.05 19.72 51.56 
 216 50.86 14.91 51.56 
 217 45.56 21.66 51.56 
 218 44.31 22.48 51.56 
 219 37.90 58.03 51.56 
 220 31.25 41.39 51.56 
 221 33.32 37.92 51.56 
 222 35.17 68.49 51.56 
 223 36.83 52.35 51.56 
 224 25.87 71.68 51.56 
 225 49.60 60.51 51.56 
 226 36.10 41.36 51.56 
 227 49.36 87.12 51.56 
 228 46.15 54.68 51.56 
 229 42.20 59.86 51.56 
 230 48.54 46.13 51.56 
 231 59.67 53.60 51.56 
 232 46.85 47.80 59.67 
 233 56.51 87.91 59.67 
 234 36.43 69.69 59.67 
 235 48.21 68.46 59.67 
 236 88.88 90.47 59.67 
 237 66.27 96.95 88.88 
 238 53.46 150.27 88.88 
 239 67.71 52.75 88.88 
 240 53.03 92.70 88.88 
 241 82.71 175.11 88.88 
 242 64.97 211.20 88.88 
 243 65.71 147.89 88.88 
 244 76.20 263.61 88.88 
 245 45.16 200.84 88.88 
 246 61.10 132.40 88.88 
 247 69.20 110.90 88.88 
 248 69.59 25.32 88.88 
 249 75.42 96.08 88.88 
 250 72.88 84.61 88.88 
 251 81.83 42.85 88.88 
 252 72.15 167.56 88.88 
 253 53.91 134.42 88.88 
 254 82.63 143.02 88.88 
 255 77.01 31.54 88.88 
 256 67.57 76.85 88.88 
 257 65.31 69.55 88.88 
 258 95.27 108.43 88.88 
 259 89.00 88.79 95.27 
 260 75.06 172.60 95.27 
 261 75.34 97.27 95.27 
 262 86.27 57.81 95.27 
 263 60.31 69.85 95.27 
 264 99.46 42.53 95.27 
 265 85.57 19.09 99.46 
 266 59.32 74.36 99.46 
 267 87.19 121.23 99.46 
 268 62.28 61.98 99.46 
 269 85.90 119.68 99.46 
 270 90.49 74.01 99.46 
 271 102.30 81.92 99.46 
 272 125.17 161.67 102.30 
 273 106.25 71.34 125.17 
 274 78.26 85.95 125.17 
 275 75.91 47.74 125.17 
 276 81.17 81.43 125.17 
 277 74.96 116.04 125.17 
 278 99.75 45.43 125.17 
 279 78.92 100.23 125.17 
 280 89.81 122.84 125.17 
 281 83.23 79.98 125.17 
 282 123.44 161.23 125.17 
 283 109.32 84.15 125.17 
 284 109.09 91.42 125.17 
 285 97.99 102.58 125.17 
 286 99.12 134.53 125.17 
 287 117.32 41.55 125.17 
 288 88.55 72.39 125.17 
 289 99.23 87.22 125.17 
 290 79.77 27.70 125.17 
 291 81.77 28.82 125.17 
 292 95.17 84.73 125.17 
 293 105.76 28.61 125.17 
 294 109.12 78.20 125.17 
 295 104.79 43.18 125.17 
 296 113.19 61.42 125.17 
 297 116.24 116.60 125.17 
 298 120.75 200.45 125.17 
 299 111.18 190.32 125.17 
