Iter | Sampling Pol | Evaluation Pol | Best (Sampled) 
   0 -5.44 -4.57 -100000000.00 
   1 -4.95 -4.31 -5.44 
   2 -4.50 -2.22 -4.95 
   3 -4.18 -1.18 -4.50 
   4 -4.39 -2.73 -4.18 
   5 -3.53 -3.08 -4.18 
   6 -3.43 -2.13 -3.53 
   7 -3.85 -4.48 -3.43 
   8 -2.50 -2.20 -3.43 
   9 -2.42 -2.20 -2.50 
  10 -3.22 -4.66 -2.42 
  11 -2.41 -4.26 -2.42 
  12 -0.13 -4.74 -2.41 
  13 -3.27 -4.87 -0.13 
  14 -2.27 -4.85 -0.13 
  15 -2.62  3.59 -0.13 
  16 -1.86 -1.86 -0.13 
  17 -1.81  1.85 -0.13 
  18  0.14 -1.52 -0.13 
  19 -1.73 -2.47  0.14 
  20 -0.01 -1.03  0.14 
  21 -0.19  0.36  0.14 
  22 -1.76 -2.28  0.14 
  23 -0.73  1.31  0.14 
  24 -1.60 -0.72  0.14 
  25  1.79  1.14  0.14 
  26 -1.74  5.59  1.79 
  27 -0.16 23.08  1.79 
  28 -0.66  6.37  1.79 
  29  1.72 12.12  1.79 
  30  0.23 29.54  1.79 
  31  0.39  4.26  1.79 
  32  1.98  5.54  1.79 
  33  4.93 35.35  1.98 
  34  3.63 10.04  4.93 
  35  3.43  1.58  4.93 
  36  6.03  1.46  4.93 
  37  2.42  5.74  6.03 
  38  4.94  3.47  6.03 
  39  7.24  7.60  6.03 
  40 21.55 22.07  7.24 
  41 23.04 -0.97 21.55 
  42 18.90  7.03 23.04 
  43 14.69 21.57 23.04 
  44 20.33  9.29 23.04 
  45 21.75 19.72 23.04 
  46 22.79  7.20 23.04 
  47 22.39 -1.76 23.04 
  48 16.56 17.32 23.04 
  49 24.61 35.65 23.04 
  50 20.37 17.93 24.61 
  51 47.98  7.89 24.61 
  52 17.16 -2.18 47.98 
  53 36.59 -2.04 47.98 
  54 33.22 -0.79 47.98 
  55 32.92 -0.88 47.98 
  56 48.40 -2.60 47.98 
  57 42.72 -2.84 48.40 
  58 33.09 -2.70 48.40 
  59 48.11 -0.95 48.40 
  60 57.31  0.72 48.40 
  61 57.92 21.78 57.31 
  62 46.77 23.75 57.92 
  63 37.04 15.20 57.92 
  64 78.41  2.03 57.92 
  65 37.48  2.93 78.41 
  66 71.17 20.79 78.41 
  67 82.41 27.23 78.41 
  68 85.84 48.26 82.41 
  69 73.75 16.56 85.84 
  70 104.30 17.37 85.84 
  71 142.16 119.13 104.30 
  72 108.73 94.56 142.16 
  73 129.93 110.42 142.16 
  74 155.46 82.28 142.16 
  75 135.78 180.51 155.46 
  76 174.43 87.69 155.46 
  77 182.17 27.28 174.43 
  78 191.00 26.98 182.17 
  79 163.45 63.91 191.00 
  80 186.87 105.93 191.00 
  81 230.49 74.64 191.00 
  82 183.83 85.29 230.49 
  83 183.43 103.64 230.49 
  84 232.42 85.84 230.49 
  85 224.03 137.63 232.42 
  86 292.75 87.34 232.42 
  87 273.83 153.90 292.75 
  88 321.32 47.37 292.75 
  89 313.11 94.54 321.32 
  90 317.45 91.18 321.32 
  91 324.51 261.99 321.32 
  92 368.19 142.14 324.51 
  93 319.18 192.89 368.19 
  94 394.22 227.13 368.19 
  95 464.66 294.40 394.22 
  96 367.34 332.86 464.66 
  97 420.12 372.57 464.66 
  98 399.22 339.54 464.66 
  99 400.99 379.70 464.66 
 100 494.39 388.64 464.66 
 101 530.72 486.81 494.39 
 102 483.20 523.48 530.72 
 103 536.25 339.50 530.72 
 104 583.17 353.64 536.25 
 105 628.52 261.67 583.17 
 106 584.88 364.72 628.52 
 107 525.41 542.58 628.52 
 108 695.15 508.03 628.52 
 109 684.00 572.97 695.15 
 110 708.73 313.52 695.15 
 111 746.86 444.23 708.73 
 112 809.57 302.59 746.86 
 113 739.24 457.69 809.57 
 114 812.48 620.79 809.57 
 115 980.96 531.59 812.48 
 116 862.26 662.89 980.96 
 117 974.45 580.75 980.96 
 118 956.64 704.53 980.96 
 119 990.81 897.90 980.96 
 120 995.71 698.00 990.81 
 121 1057.38 661.32 995.71 
 122 1014.49 735.27 1057.38 
 123 1074.29 835.65 1057.38 
 124 1118.02 998.75 1074.29 
 125 1136.58 839.63 1118.02 
 126 1139.99 983.50 1136.58 
 127 1153.51 1071.89 1139.99 
 128 1282.74 1287.49 1153.51 
 129 1191.43 1108.97 1282.74 
 130 1078.53 1208.83 1282.74 
 131 1188.11 1089.30 1282.74 
 132 1408.26 1029.24 1282.74 
 133 1403.18 1241.81 1408.26 
 134 1482.44 1003.26 1408.26 
 135 1392.90 1109.90 1482.44 
 136 1336.63 986.38 1482.44 
 137 1558.95 1117.70 1482.44 
 138 1500.77 1355.17 1558.95 
 139 1508.60 1344.99 1558.95 
 140 1549.31 1224.75 1558.95 
 141 1698.04 1327.52 1558.95 
 142 1424.99 1621.66 1698.04 
 143 1527.02 1370.09 1698.04 
 144 1482.75 1579.42 1698.04 
 145 1514.88 1563.67 1698.04 
 146 1731.56 1399.86 1698.04 
 147 1659.47 1727.95 1731.56 
 148 1775.04 1383.96 1731.56 
 149 1644.30 1258.24 1775.04 
 150 1843.48 1309.69 1775.04 
 151 1738.23 1541.64 1843.48 
 152 1661.28 1765.98 1843.48 
 153 1656.20 1432.23 1843.48 
 154 1874.63 1478.52 1843.48 
 155 1837.57 1571.18 1874.63 
 156 1759.24 1298.13 1874.63 
 157 1852.57 1350.32 1874.63 
 158 1791.81 1560.04 1874.63 
 159 1901.42 1421.47 1874.63 
 160 1908.38 1389.26 1901.42 
 161 1972.18 1560.26 1908.38 
 162 1942.78 1591.54 1972.18 
 163 2030.65 1409.18 1972.18 
 164 2088.00 1700.79 2030.65 
 165 2068.30 1718.89 2088.00 
 166 2161.42 1862.79 2088.00 
 167 2113.48 2132.08 2161.42 
 168 2143.22 1837.62 2161.42 
 169 2094.57 2172.71 2161.42 
 170 2176.77 2204.78 2161.42 
 171 2096.66 2009.39 2176.77 
 172 2183.20 1990.24 2176.77 
 173 2137.92 1946.49 2183.20 
 174 2269.16 2208.37 2183.20 
 175 2197.96 2020.17 2269.16 
 176 2196.40 1995.67 2269.16 
 177 2203.68 2169.87 2269.16 
 178 2346.86 2294.13 2269.16 
 179 2446.33 2082.47 2346.86 
 180 2293.58 2373.16 2446.33 
 181 2480.07 2564.49 2446.33 
 182 2483.14 2249.25 2480.07 
 183 2398.90 2483.49 2483.14 
 184 2578.32 2770.95 2483.14 
 185 2439.32 2734.71 2578.32 
 186 2497.55 2706.64 2578.32 
 187 2575.87 2220.77 2578.32 
 188 2415.04 2469.57 2578.32 
 189 2554.67 2361.10 2578.32 
 190 2527.75 2296.88 2578.32 
 191 2538.96 2558.86 2578.32 
 192 2543.49 2669.59 2578.32 
 193 2575.99 2681.85 2578.32 
 194 2416.69 2451.04 2578.32 
 195 2635.20 2472.83 2578.32 
 196 2533.08 2455.19 2635.20 
 197 2447.64 2652.42 2635.20 
 198 2602.85 2675.75 2635.20 
 199 2565.67 2806.86 2635.20 
 200 2629.59 2499.36 2635.20 
 201 2504.25 2777.00 2635.20 
 202 2447.32 2876.34 2635.20 
 203 2525.96 3190.38 2635.20 
 204 2626.78 2898.86 2635.20 
 205 2511.51 2928.18 2635.20 
 206 2864.02 2797.97 2635.20 
 207 2744.34 2617.82 2864.02 
 208 2723.29 2745.40 2864.02 
 209 2669.48 2790.54 2864.02 
 210 2708.67 2891.68 2864.02 
 211 2738.15 2567.12 2864.02 
 212 2542.03 2939.02 2864.02 
 213 2809.36 2909.60 2864.02 
 214 2695.57 2824.44 2864.02 
 215 2829.07 2809.12 2864.02 
 216 2767.16 2628.30 2864.02 
 217 2788.14 2557.48 2864.02 
 218 2858.58 2553.90 2864.02 
 219 2838.17 2883.68 2864.02 
 220 2801.81 2783.69 2864.02 
 221 2874.17 2750.03 2864.02 
 222 2973.82 2613.50 2874.17 
 223 2913.11 2645.93 2973.82 
 224 2855.70 2885.93 2973.82 
 225 2814.09 2613.60 2973.82 
 226 2821.84 2733.27 2973.82 
 227 2832.34 2998.52 2973.82 
 228 2832.06 2897.32 2973.82 
 229 3015.93 2876.01 2973.82 
 230 2866.41 2936.95 3015.93 
 231 2862.12 2845.32 3015.93 
 232 2904.58 3003.87 3015.93 
 233 2925.15 2693.15 3015.93 
 234 2796.02 2813.46 3015.93 
 235 2948.53 2476.42 3015.93 
 236 2836.74 2869.02 3015.93 
 237 3046.90 3256.43 3015.93 
 238 2930.83 3059.87 3046.90 
 239 2853.63 3052.80 3046.90 
 240 2844.45 3108.88 3046.90 
 241 2925.99 3127.16 3046.90 
 242 3123.21 3152.39 3046.90 
 243 3164.13 2780.88 3123.21 
 244 2942.04 3115.27 3164.13 
 245 2956.11 3145.55 3164.13 
 246 3132.08 3208.80 3164.13 
 247 2994.34 3233.68 3164.13 
 248 3066.57 3281.92 3164.13 
 249 3070.76 3247.70 3164.13 
 250 2879.57 3132.04 3164.13 
 251 2985.43 3179.29 3164.13 
 252 2939.82 3142.15 3164.13 
 253 3144.26 3195.50 3164.13 
 254 3150.17 3097.06 3164.13 
 255 3133.62 3032.21 3164.13 
 256 3138.79 3266.28 3164.13 
 257 2931.85 3340.89 3164.13 
 258 3045.55 3224.10 3164.13 
 259 3124.53 3171.68 3164.13 
 260 3056.09 3036.28 3164.13 
 261 3012.73 2981.45 3164.13 
 262 3143.27 3243.32 3164.13 
 263 3095.40 2914.85 3164.13 
 264 3020.58 3094.45 3164.13 
 265 3157.17 2998.20 3164.13 
 266 3013.06 3070.12 3164.13 
 267 3216.18 2983.01 3164.13 
 268 3134.06 3029.55 3216.18 
 269 2958.20 2896.03 3216.18 
 270 3118.28 3034.15 3216.18 
 271 3171.37 2924.34 3216.18 
 272 3182.59 2730.94 3216.18 
 273 3233.25 3157.62 3216.18 
 274 3100.09 3190.23 3233.25 
 275 3114.90 3301.27 3233.25 
 276 3111.47 3281.28 3233.25 
 277 3259.26 3047.38 3233.25 
 278 3095.48 3246.56 3259.26 
 279 3244.22 3268.36 3259.26 
 280 3095.42 3302.92 3259.26 
 281 3253.09 3171.46 3259.26 
 282 3139.91 3316.35 3259.26 
 283 3284.91 3040.82 3259.26 
 284 3142.70 3207.38 3284.91 
 285 3275.11 2801.63 3284.91 
 286 3294.54 3302.86 3284.91 
 287 3214.44 2978.40 3294.54 
 288 3216.33 3459.48 3294.54 
 289 3282.60 3491.12 3294.54 
 290 3149.83 2973.17 3294.54 
 291 3154.75 3133.66 3294.54 
 292 3412.82 3376.13 3294.54 
 293 3304.90 3341.27 3412.82 
 294 3491.59 3188.17 3412.82 
 295 3176.88 3578.61 3491.59 
 296 3293.38 3585.96 3491.59 
 297 3296.80 3451.70 3491.59 
 298 3261.71 3412.36 3491.59 
 299 3083.64 3549.81 3491.59 
