Iter | Sampling Pol | Evaluation Pol | Best (Sampled) 
   0 -5.49 -3.91 -100000000.00 
   1 -4.72 -4.32 -5.49 
   2 -4.49 -4.24 -4.72 
   3 -4.72 -3.90 -4.49 
   4 -4.33 -4.53 -4.49 
   5 -3.80 -4.25 -4.33 
   6 -3.07 -3.59 -3.80 
   7 -3.38 -1.36 -3.07 
   8 -3.59 -4.17 -3.07 
   9 -3.28 -3.70 -3.07 
  10 -2.91 -3.05 -3.07 
  11 -2.61 -3.61 -2.91 
  12 -2.91 -2.73 -2.61 
  13 -2.37 -2.93 -2.61 
  14 -1.22 -3.06 -2.37 
  15 -2.26 -1.79 -1.22 
  16 -0.85  0.73 -1.22 
  17 -1.86 -0.80 -0.85 
  18 -2.11  2.11 -0.85 
  19 -1.61 11.25 -0.85 
  20 -0.40  9.07 -0.85 
  21  0.84 10.70 -0.40 
  22  0.90 17.09  0.84 
  23 -0.52 14.44  0.90 
  24  0.66  6.60  0.90 
  25  0.68 19.64  0.90 
  26  0.76 10.15  0.90 
  27  3.11 10.09  0.90 
  28  1.30  4.20  3.11 
  29  1.98 64.62  3.11 
  30  3.45 45.77  3.11 
  31  1.95 31.48  3.45 
  32  3.62 45.58  3.45 
  33  4.29 95.53  3.62 
  34  5.13 31.68  4.29 
  35  4.34 68.72  5.13 
  36  5.35 45.76  5.13 
  37  3.21  2.26  5.35 
  38  5.32 32.93  5.35 
  39  5.51 59.96  5.35 
  40  8.60  6.83  5.51 
  41  6.15 64.42  8.60 
  42  9.95 83.14  8.60 
  43 10.45 58.45  9.95 
  44 11.19 52.72 10.45 
  45 12.85 65.33 11.19 
  46  9.66 74.57 12.85 
  47 14.14 85.00 12.85 
  48 25.51 96.38 14.14 
  49 24.12 82.85 25.51 
  50 18.98 45.99 25.51 
  51 24.67 23.17 25.51 
  52 29.53 42.46 25.51 
  53 29.79 40.30 29.53 
  54 34.03 97.10 29.79 
  55 38.65 62.22 34.03 
  56 39.01 101.57 38.65 
  57 38.11 48.99 39.01 
  58 46.75 54.08 39.01 
  59 32.76 61.06 46.75 
  60 52.60 90.48 46.75 
  61 42.12 54.48 52.60 
  62 31.70 69.36 52.60 
  63 72.74 63.42 52.60 
  64 77.37 55.87 72.74 
  65 60.24 74.52 77.37 
  66 65.23 55.03 77.37 
  67 69.19 57.21 77.37 
  68 67.18 99.14 77.37 
  69 85.90 97.23 77.37 
  70 71.61 90.14 85.90 
  71 83.52 161.37 85.90 
  72 102.24 97.02 85.90 
  73 88.11 148.18 102.24 
  74 108.82 201.82 102.24 
  75 106.22 234.26 108.82 
  76 65.39 112.46 108.82 
  77 111.56 141.83 108.82 
  78 145.24 175.96 111.56 
  79 132.61 181.55 145.24 
  80 154.50 188.42 145.24 
  81 137.01 162.62 154.50 
  82 153.51 114.25 154.50 
  83 88.32 87.04 154.50 
  84 129.95 120.07 154.50 
  85 140.74 92.02 154.50 
  86 138.45 128.87 154.50 
  87 176.04 258.22 154.50 
  88 164.98 171.53 176.04 
  89 190.28 150.25 176.04 
  90 209.38 70.60 190.28 
  91 185.43 424.85 209.38 
  92 227.84 255.44 209.38 
  93 229.06 310.61 227.84 
  94 194.23 243.55 229.06 
  95 275.95 318.04 229.06 
  96 255.52 317.55 275.95 
  97 355.54 359.03 275.95 
  98 355.61 443.21 355.54 
  99 243.81 316.57 355.61 
 100 317.35 463.78 355.61 
 101 377.52 356.48 355.61 
 102 414.33 260.25 377.52 
 103 346.30 526.29 414.33 
 104 463.85 569.42 414.33 
 105 390.56 352.69 463.85 
 106 443.81 657.32 463.85 
 107 411.74 761.77 463.85 
 108 451.78 650.81 463.85 
 109 428.62 614.43 463.85 
 110 484.38 762.92 463.85 
 111 559.01 385.37 484.38 
 112 493.63 461.20 559.01 
 113 591.14 734.70 559.01 
 114 583.09 513.15 591.14 
 115 521.95 737.21 591.14 
 116 603.81 808.88 591.14 
 117 638.95 821.38 603.81 
 118 660.30 665.90 638.95 
 119 702.88 822.44 660.30 
 120 704.92 825.77 702.88 
 121 807.86 753.48 704.92 
 122 785.91 979.89 807.86 
 123 816.68 1099.26 807.86 
 124 837.94 949.66 816.68 
 125 1016.26 1062.97 837.94 
 126 799.93 1136.64 1016.26 
 127 909.80 882.15 1016.26 
 128 897.77 1187.59 1016.26 
 129 1001.22 1164.98 1016.26 
 130 964.27 1087.72 1016.26 
 131 923.02 1180.60 1016.26 
 132 1088.08 1046.47 1016.26 
 133 1067.19 1239.11 1088.08 
 134 1129.25 1206.89 1088.08 
 135 1180.67 1377.91 1129.25 
 136 1185.56 1298.52 1180.67 
 137 1154.60 1514.18 1185.56 
 138 1316.60 1478.82 1185.56 
 139 1232.00 1403.25 1316.60 
 140 1305.44 1437.87 1316.60 
 141 1282.97 1658.94 1316.60 
 142 1324.27 1443.55 1316.60 
 143 1489.26 1347.41 1324.27 
 144 1536.12 1738.48 1489.26 
 145 1514.06 1739.86 1536.12 
 146 1571.22 1750.05 1536.12 
 147 1412.91 1773.11 1571.22 
 148 1662.62 1896.30 1571.22 
 149 1639.31 1974.18 1662.62 
 150 1551.34 2214.01 1662.62 
 151 1588.92 1877.73 1662.62 
 152 1547.07 1753.18 1662.62 
 153 1582.70 1997.31 1662.62 
 154 1778.56 1950.24 1662.62 
 155 1663.60 1753.27 1778.56 
 156 1732.01 2092.04 1778.56 
 157 1752.15 1819.98 1778.56 
 158 1726.19 1857.27 1778.56 
 159 1742.34 1636.52 1778.56 
 160 1704.44 1787.65 1778.56 
 161 1694.97 1657.43 1778.56 
 162 1731.91 1998.93 1778.56 
 163 1776.46 1897.07 1778.56 
 164 1884.91 1684.50 1778.56 
 165 1878.36 1926.22 1884.91 
 166 1916.45 2235.36 1884.91 
 167 1957.80 1896.69 1916.45 
 168 2110.91 2041.87 1957.80 
 169 1856.59 1860.31 2110.91 
 170 1880.09 1954.44 2110.91 
 171 1970.36 1825.34 2110.91 
 172 2191.37 1905.45 2110.91 
 173 1998.25 2140.00 2191.37 
 174 2220.09 2069.29 2191.37 
 175 2134.66 2002.52 2220.09 
 176 2179.82 2136.15 2220.09 
 177 2170.93 2206.71 2220.09 
 178 2311.88 2102.16 2220.09 
 179 2173.58 2133.82 2311.88 
 180 2105.89 2168.61 2311.88 
 181 2285.79 2429.14 2311.88 
 182 2222.43 2445.42 2311.88 
 183 2254.15 2464.96 2311.88 
 184 2299.83 2307.85 2311.88 
 185 2303.11 2280.53 2311.88 
 186 2484.24 2471.66 2311.88 
 187 2562.72 2414.19 2484.24 
 188 2415.17 2568.14 2562.72 
 189 2423.12 2572.88 2562.72 
 190 2643.99 2661.73 2562.72 
 191 2431.65 2994.09 2643.99 
 192 2465.85 2871.82 2643.99 
 193 2426.85 2974.54 2643.99 
 194 2441.53 2878.02 2643.99 
 195 2556.49 2742.32 2643.99 
 196 2617.28 2936.62 2643.99 
 197 2397.97 3179.50 2643.99 
 198 2731.64 2824.79 2643.99 
 199 2470.01 3341.96 2731.64 
 200 2561.47 2887.84 2731.64 
 201 2600.62 3281.60 2731.64 
 202 2521.71 3056.30 2731.64 
 203 2679.24 2750.61 2731.64 
 204 2559.63 2807.81 2731.64 
 205 2640.42 2880.94 2731.64 
 206 2717.14 3254.49 2731.64 
 207 2856.02 3167.71 2731.64 
 208 2818.08 3136.71 2856.02 
 209 2715.26 3109.23 2856.02 
 210 2851.41 3322.87 2856.02 
 211 2939.01 3223.43 2856.02 
 212 2858.45 3121.50 2939.01 
 213 2933.52 3186.76 2939.01 
 214 2692.49 3282.18 2939.01 
 215 2662.59 3315.25 2939.01 
 216 2918.33 3266.64 2939.01 
 217 2864.99 3098.81 2939.01 
 218 2972.23 3218.62 2939.01 
 219 2926.07 3163.00 2972.23 
 220 2769.94 3268.83 2972.23 
 221 2844.14 3287.73 2972.23 
 222 2913.53 3184.78 2972.23 
 223 2808.76 3071.76 2972.23 
 224 2930.20 3314.54 2972.23 
 225 3052.26 3213.83 2972.23 
 226 2804.22 3294.88 3052.26 
 227 2942.53 3200.00 3052.26 
 228 2942.84 3573.27 3052.26 
 229 3034.78 3458.48 3052.26 
 230 3143.91 3532.29 3052.26 
 231 3029.14 3479.81 3143.91 
 232 2995.44 3445.50 3143.91 
 233 3043.55 3354.53 3143.91 
 234 2987.44 3603.10 3143.91 
 235 3182.13 3365.27 3143.91 
 236 3052.00 3441.63 3182.13 
 237 3188.28 3391.12 3182.13 
 238 3105.21 3341.76 3188.28 
 239 3169.73 3253.33 3188.28 
 240 3105.27 3295.57 3188.28 
 241 3081.17 3205.28 3188.28 
 242 3236.79 3543.07 3188.28 
 243 3286.48 3499.33 3236.79 
 244 3258.31 3279.44 3286.48 
 245 3046.25 3343.34 3286.48 
 246 2996.98 3451.84 3286.48 
 247 3146.38 3527.23 3286.48 
 248 3189.64 3616.37 3286.48 
 249 3171.73 3221.01 3286.48 
 250 3178.04 3286.59 3286.48 
 251 3212.58 3411.66 3286.48 
 252 3114.02 3239.94 3286.48 
 253 3236.14 3369.70 3286.48 
 254 3259.98 3215.90 3286.48 
 255 3172.69 3428.30 3286.48 
 256 3210.83 3200.61 3286.48 
 257 3198.38 3382.51 3286.48 
 258 3162.21 3327.50 3286.48 
 259 3233.88 3345.57 3286.48 
 260 3134.18 3382.83 3286.48 
 261 3421.34 3214.40 3286.48 
 262 3339.10 3354.40 3421.34 
 263 3387.62 3421.18 3421.34 
 264 3301.59 3324.61 3421.34 
 265 3249.82 3514.44 3421.34 
 266 3234.36 3451.26 3421.34 
 267 3327.41 3637.93 3421.34 
 268 3349.51 3665.96 3421.34 
 269 3383.03 3589.56 3421.34 
 270 3273.23 3529.15 3421.34 
 271 3450.57 3577.75 3421.34 
 272 3404.37 3323.83 3450.57 
 273 3348.50 3540.54 3450.57 
 274 3326.53 3527.95 3450.57 
 275 3316.99 3609.19 3450.57 
 276 3411.80 3627.94 3450.57 
 277 3339.37 3547.44 3450.57 
 278 3354.40 3599.35 3450.57 
 279 3417.85 3555.85 3450.57 
 280 3274.69 3510.65 3450.57 
 281 3370.92 3358.06 3450.57 
 282 3413.21 3540.27 3450.57 
 283 3479.46 3667.91 3450.57 
 284 3432.25 3400.24 3479.46 
 285 3598.40 3622.25 3479.46 
 286 3371.96 3377.93 3598.40 
 287 3389.88 3609.89 3598.40 
 288 3377.06 3272.96 3598.40 
 289 3423.38 3279.24 3598.40 
 290 3387.38 3434.63 3598.40 
 291 3549.39 3333.13 3598.40 
 292 3525.57 3450.11 3598.40 
 293 3495.29 3243.39 3598.40 
 294 3562.08 3471.58 3598.40 
 295 3474.07 3209.81 3598.40 
 296 3471.25 3277.17 3598.40 
 297 3514.58 3269.55 3598.40 
 298 3470.77 3420.72 3598.40 
 299 3514.75 3422.51 3598.40 
