Iter | Sampling Pol | Evaluation Pol | Best (Sampled) 
   0 -5.97 -6.35 -100000000.00 
   1 -5.88 -5.62 -5.97 
   2 -4.76 -4.67 -5.88 
   3 -4.80 -4.34 -4.76 
   4 -4.01 -4.33 -4.76 
   5 -4.02 -4.16 -4.01 
   6 -4.12 -3.98 -4.01 
   7 -3.65 -3.75 -4.01 
   8 -3.15 -3.59 -3.65 
   9 -3.08 -2.57 -3.15 
  10 -2.80 -3.06 -3.08 
  11 -2.36 -2.69 -2.80 
  12 -3.07 -3.07 -2.36 
  13 -2.52 -3.10 -2.36 
  14 -2.69 -1.62 -2.36 
  15 -1.97 -1.43 -2.36 
  16 -1.72 -1.46 -1.97 
  17 -2.38 -2.73 -1.72 
  18 -1.70 -3.24 -1.72 
  19 -1.99 -2.84 -1.70 
  20 -0.78 -2.35 -1.70 
  21 -0.25 -2.10 -0.78 
  22 -1.16 -2.47 -0.25 
  23  0.73 -2.30 -0.25 
  24 -0.25 -2.23  0.73 
  25 -0.16 -2.43  0.73 
  26  0.48 -2.43  0.73 
  27  3.30  0.13  0.73 
  28  0.69 -0.86  3.30 
  29  0.77 -2.46  3.30 
  30  0.84 -2.51  3.30 
  31  0.85 -1.62  3.30 
  32  2.15 -1.59  3.30 
  33  1.44 -1.63  3.30 
  34  2.71  0.16  3.30 
  35  3.70 -0.33  3.30 
  36  1.65  0.44  3.70 
  37  0.97  1.60  3.70 
  38  3.58 -0.03  3.70 
  39  3.37  4.27  3.70 
  40  4.45  2.41  3.70 
  41  2.97  7.66  4.45 
  42  8.40  5.46  4.45 
  43  2.11  6.05  8.40 
  44  7.31  4.54  8.40 
  45  8.96  4.71  8.40 
  46  4.21  5.64  8.96 
  47  4.91  0.62  8.96 
  48  9.75  9.61  8.96 
  49 10.02 13.93  9.75 
  50 14.05 31.79 10.02 
  51 20.48 43.94 14.05 
  52 11.93 23.15 20.48 
  53  8.49 26.56 20.48 
  54  6.74 11.89 20.48 
  55  9.17  9.06 20.48 
  56 10.85 10.56 20.48 
  57  8.60 25.67 20.48 
  58 16.76 22.34 20.48 
  59 16.25 12.98 20.48 
  60 16.81  9.09 20.48 
  61 17.26 16.97 20.48 
  62 17.85  7.43 20.48 
  63 26.45 12.77 20.48 
  64 16.58  2.58 26.45 
  65 21.29  5.19 26.45 
  66 20.06 18.35 26.45 
  67 22.12 57.25 26.45 
  68 23.77 16.29 26.45 
  69 15.46 35.14 26.45 
  70 26.34 33.23 26.45 
  71 26.29 41.68 26.45 
  72 21.11 23.51 26.45 
  73 26.41 75.10 26.45 
  74 30.16 96.76 26.45 
  75 31.53 85.54 30.16 
  76 27.59 67.08 31.53 
  77 38.55 21.39 31.53 
  78 29.70 46.29 38.55 
  79 27.95 69.46 38.55 
  80 35.51 70.62 38.55 
  81 32.25 74.38 38.55 
  82 44.14 47.07 38.55 
  83 36.19 60.76 44.14 
  84 47.57 29.57 44.14 
  85 49.84 48.17 47.57 
  86 41.22 73.97 49.84 
  87 57.11 75.73 49.84 
  88 91.96 126.55 57.11 
  89 63.21 161.35 91.96 
  90 64.68 117.44 91.96 
  91 63.71 92.35 91.96 
  92 73.20 77.10 91.96 
  93 72.97 107.45 91.96 
  94 78.20 69.40 91.96 
  95 107.21 80.23 91.96 
  96 116.92 85.19 107.21 
  97 98.16 91.55 116.92 
  98 88.38 93.63 116.92 
  99 74.49 97.15 116.92 
 100 78.21 102.19 116.92 
 101 92.06 65.56 116.92 
 102 104.38 76.31 116.92 
 103 78.70 28.94 116.92 
 104 133.14 174.79 116.92 
 105 117.57 176.65 133.14 
 106 113.79 163.17 133.14 
 107 109.91 150.13 133.14 
 108 137.53 169.76 133.14 
 109 153.97 107.63 137.53 
 110 103.09 89.68 153.97 
 111 130.10 156.45 153.97 
 112 142.41 257.32 153.97 
 113 119.35 114.63 153.97 
 114 142.22 193.08 153.97 
 115 184.82 355.73 153.97 
 116 156.40 171.25 184.82 
 117 158.58 238.32 184.82 
 118 205.49 117.72 184.82 
 119 196.85 287.22 205.49 
 120 148.44 195.16 205.49 
 121 208.08 129.63 205.49 
 122 169.52 223.35 208.08 
 123 166.80 171.66 208.08 
 124 185.99 194.18 208.08 
 125 281.12 382.24 208.08 
 126 174.18 298.24 281.12 
 127 274.88 325.09 281.12 
 128 244.89 312.79 281.12 
 129 201.95 270.06 281.12 
 130 266.11 443.94 281.12 
 131 249.44 278.70 281.12 
 132 259.09 312.60 281.12 
 133 244.01 249.22 281.12 
 134 264.37 251.25 281.12 
 135 245.80 175.87 281.12 
 136 221.66 262.69 281.12 
 137 264.16 332.07 281.12 
 138 274.41 208.53 281.12 
 139 288.84 250.05 281.12 
 140 240.09 479.22 288.84 
 141 294.62 335.47 288.84 
 142 293.84 322.35 294.62 
 143 299.64 292.82 294.62 
 144 290.82 250.59 299.64 
 145 281.26 265.16 299.64 
 146 337.87 256.41 299.64 
 147 274.47 345.23 337.87 
 148 274.99 468.28 337.87 
 149 306.32 430.50 337.87 
 150 352.20 415.77 337.87 
 151 301.92 307.45 352.20 
 152 347.17 432.52 352.20 
 153 319.79 384.84 352.20 
 154 351.73 474.00 352.20 
 155 347.73 395.60 352.20 
 156 323.48 549.66 352.20 
 157 354.88 595.45 352.20 
 158 466.36 419.81 354.88 
 159 322.92 463.38 466.36 
 160 299.46 367.71 466.36 
 161 353.64 411.11 466.36 
 162 393.74 532.86 466.36 
 163 356.53 386.41 466.36 
 164 464.57 327.14 466.36 
 165 453.55 379.05 466.36 
 166 351.55 286.37 466.36 
 167 446.98 447.90 466.36 
 168 499.61 215.36 466.36 
 169 398.44 601.73 499.61 
 170 480.40 544.28 499.61 
 171 472.93 534.88 499.61 
 172 434.73 471.35 499.61 
 173 443.81 346.04 499.61 
 174 675.33 520.85 499.61 
 175 455.17 503.74 675.33 
 176 481.84 428.14 675.33 
 177 530.94 547.94 675.33 
 178 539.27 539.52 675.33 
 179 557.61 612.72 675.33 
 180 530.40 543.44 675.33 
 181 578.48 439.11 675.33 
 182 605.71 482.86 675.33 
 183 579.09 587.66 675.33 
 184 609.22 650.49 675.33 
 185 618.63 751.73 675.33 
 186 658.31 786.97 675.33 
 187 615.60 970.67 675.33 
 188 703.95 1005.21 675.33 
 189 563.22 1007.64 703.95 
 190 745.62 730.74 703.95 
 191 609.51 750.19 745.62 
 192 661.08 1000.66 745.62 
 193 724.37 727.66 745.62 
 194 714.61 857.40 745.62 
 195 838.85 712.29 745.62 
 196 767.86 791.53 838.85 
 197 698.78 591.30 838.85 
 198 765.19 500.00 838.85 
 199 758.88 644.56 838.85 
 200 890.60 802.97 838.85 
 201 841.69 688.23 890.60 
 202 772.74 760.36 890.60 
 203 770.85 747.37 890.60 
 204 829.60 675.31 890.60 
 205 760.80 743.72 890.60 
 206 876.59 684.89 890.60 
 207 805.79 959.03 890.60 
 208 812.34 828.14 890.60 
 209 877.81 746.28 890.60 
 210 868.71 794.28 890.60 
 211 807.63 729.22 890.60 
 212 929.51 691.53 890.60 
 213 1049.77 818.22 929.51 
 214 921.49 707.89 1049.77 
 215 943.07 721.11 1049.77 
 216 986.65 889.01 1049.77 
 217 976.27 912.89 1049.77 
 218 1077.92 1106.82 1049.77 
 219 1007.30 838.12 1077.92 
 220 985.37 834.92 1077.92 
 221 1025.31 643.34 1077.92 
 222 1018.10 721.30 1077.92 
 223 992.05 508.39 1077.92 
 224 928.42 442.92 1077.92 
 225 1088.27 675.97 1077.92 
 226 1041.98 559.06 1088.27 
 227 946.27 549.54 1088.27 
 228 1078.43 675.94 1088.27 
 229 1169.69 855.51 1088.27 
 230 1058.12 797.97 1169.69 
 231 1110.98 644.57 1169.69 
 232 1097.64 1020.74 1169.69 
 233 1245.30 1129.39 1169.69 
 234 1062.79 929.50 1245.30 
 235 1244.04 1013.02 1245.30 
 236 1158.30 1227.26 1245.30 
 237 1141.08 1680.05 1245.30 
 238 1133.01 1488.65 1245.30 
 239 1264.09 1153.29 1245.30 
 240 1129.17 1174.62 1264.09 
 241 1198.59 1180.48 1264.09 
 242 1321.77 1283.30 1264.09 
 243 1369.96 1103.26 1321.77 
 244 1396.98 996.51 1369.96 
 245 1303.76 1151.07 1396.98 
 246 1409.17 826.20 1396.98 
 247 1291.12 1145.11 1409.17 
 248 1539.00 1404.15 1409.17 
 249 1432.95 1220.98 1539.00 
 250 1412.00 1293.98 1539.00 
 251 1384.37 1607.86 1539.00 
 252 1445.90 1433.27 1539.00 
 253 1418.49 1308.33 1539.00 
 254 1509.93 1368.97 1539.00 
 255 1404.48 1532.99 1539.00 
 256 1562.22 1349.43 1539.00 
 257 1426.16 1587.17 1562.22 
 258 1518.21 1676.72 1562.22 
 259 1751.72 1325.15 1562.22 
 260 1561.08 1406.62 1751.72 
 261 1725.43 1102.95 1751.72 
 262 1650.07 1609.17 1751.72 
 263 1480.65 1348.73 1751.72 
 264 1667.13 1551.85 1751.72 
 265 1687.96 1409.67 1751.72 
 266 1677.89 1559.82 1751.72 
 267 1634.34 1772.11 1751.72 
 268 1796.94 1683.87 1751.72 
 269 1598.87 1865.30 1796.94 
 270 1633.83 1579.78 1796.94 
 271 1621.78 1754.86 1796.94 
 272 1946.05 1551.34 1796.94 
 273 1771.96 1402.10 1946.05 
 274 1782.29 1397.61 1946.05 
 275 1716.70 1895.88 1946.05 
 276 1811.37 1622.52 1946.05 
 277 1914.78 1577.90 1946.05 
 278 1885.56 1129.74 1946.05 
 279 1775.90 1341.79 1946.05 
 280 1866.61 1651.52 1946.05 
 281 1711.34 1716.32 1946.05 
 282 1904.94 1565.02 1946.05 
 283 1876.81 1808.70 1946.05 
 284 1936.15 1815.85 1946.05 
 285 1746.85 1790.15 1946.05 
 286 1944.94 1944.95 1946.05 
 287 2073.49 1812.50 1946.05 
 288 1821.11 1700.16 2073.49 
 289 2046.39 1701.59 2073.49 
 290 2233.07 1886.81 2073.49 
 291 1937.75 2196.22 2233.07 
 292 2039.94 1763.30 2233.07 
 293 2019.00 1685.77 2233.07 
 294 2126.28 1898.30 2233.07 
 295 2027.73 2067.77 2233.07 
 296 1975.19 2293.89 2233.07 
 297 2197.24 2373.67 2233.07 
 298 2029.18 2244.33 2233.07 
 299 1968.45 2588.12 2233.07 
