Iter | Sampling Pol | Evaluation Pol | Best (Sampled) 
   0 -5.53 -5.26 -100000000.00 
   1 -4.93 -5.32 -5.53 
   2 -5.07 -5.39 -4.93 
   3 -5.22 -5.26 -4.93 
   4 -4.97 -5.31 -4.93 
   5 -4.79 -4.77 -4.93 
   6 -4.23 -4.46 -4.79 
   7 -4.26 -4.80 -4.23 
   8 -4.45 -4.41 -4.23 
   9 -4.22 -4.46 -4.23 
  10 -4.02 -4.32 -4.22 
  11 -4.10 -2.49 -4.02 
  12 -3.94 -1.53 -4.02 
  13 -3.85 -1.90 -3.94 
  14 -3.78 -4.41 -3.85 
  15 -3.76 -1.85 -3.78 
  16 -3.74 -3.84 -3.76 
  17 -2.47 -3.95 -3.74 
  18 -3.20 -3.96 -2.47 
  19 -3.74 -3.76 -2.47 
  20 -3.37 -3.95 -2.47 
  21 -3.34 -3.95 -2.47 
  22 -3.39 -3.81 -2.47 
  23 -3.41 -3.76 -2.47 
  24 -3.39 -4.05 -2.47 
  25 -3.43 -4.06 -2.47 
  26 -2.87 -4.04 -2.47 
  27 -3.17 -4.01 -2.47 
  28 -2.76 -3.82 -2.47 
  29 -2.70 -4.45 -2.47 
  30 -2.67 -3.70 -2.47 
  31 -2.90 -3.72 -2.47 
  32 -2.27 -3.56 -2.47 
  33 -2.83 -3.64 -2.27 
  34 -3.03 -3.45 -2.27 
  35 -2.73 -3.88 -2.27 
  36 -2.65 -3.82 -2.27 
  37 -2.70 -3.85 -2.27 
  38 -2.78 -3.71 -2.27 
  39 -2.98 -2.36 -2.27 
  40 -2.16 -3.38 -2.27 
  41 -2.10 -3.76 -2.16 
  42 -2.35 -1.77 -2.10 
  43 -2.62 -4.00 -2.10 
  44 -1.50 -3.71 -2.10 
  45 -2.78 -4.32 -1.50 
  46 -2.50 -3.63 -1.50 
  47 -1.92 -3.59 -1.50 
  48 -1.57 -3.96 -1.50 
  49 -1.16 -3.79 -1.50 
  50 -1.37 -3.70 -1.16 
  51 -1.26 -3.76 -1.16 
  52 -1.57 -3.41 -1.16 
  53 -0.98 -3.52 -1.16 
  54  0.72 -3.16 -0.98 
  55 -2.06  2.02  0.72 
  56 -0.95 -2.33  0.72 
  57 -1.03 12.09  0.72 
  58 -0.72  0.07  0.72 
  59  0.41 -2.55  0.72 
  60 -1.75 -1.88  0.72 
  61 -1.26 -1.97  0.72 
  62  2.41 -2.23  0.72 
  63 -1.84 -3.68  2.41 
  64 -2.16 -3.37  2.41 
  65 -2.21 -2.48  2.41 
  66 -1.38 -3.34  2.41 
  67 -1.40 -3.05  2.41 
  68 -0.78 -3.35  2.41 
  69 -1.60 -3.84  2.41 
  70 -0.79 -4.02  2.41 
  71 -0.01 -3.42  2.41 
  72 -1.07 -3.99  2.41 
  73 -2.77 -3.62  2.41 
  74 -0.82 -4.03  2.41 
  75 -0.78 -3.78  2.41 
  76 -0.50 -4.11  2.41 
  77  0.86 -3.31  2.41 
  78  0.61 -3.88  2.41 
  79 -0.67 -3.33  2.41 
  80 -0.26 -2.12  2.41 
  81 -0.50 -1.64  2.41 
  82  4.09 -1.42  2.41 
  83 -0.59 -0.70  4.09 
  84  0.25 -1.34  4.09 
  85  0.79 -3.50  4.09 
  86  0.74 -3.11  4.09 
  87  4.56  0.63  4.09 
  88  0.57 -3.91  4.56 
  89  0.69 -4.34  4.56 
  90  2.45 -3.90  4.56 
  91  2.32 -4.23  4.56 
  92  1.57 -2.90  4.56 
  93  1.58 -2.78  4.56 
  94  2.25 -1.50  4.56 
  95  3.17 -1.03  4.56 
  96  3.04 -1.16  4.56 
  97  2.24 -3.16  4.56 
  98  4.19 -1.46  4.56 
  99  0.70 -1.03  4.56 
 100  9.18  1.97  4.56 
 101  5.31  0.36  9.18 
 102  3.00  0.39  9.18 
 103  3.57  5.82  9.18 
 104  5.36 25.39  9.18 
 105  6.30 14.83  9.18 
 106  2.37 22.53  9.18 
 107  5.53 -0.02  9.18 
 108  2.92 -0.71  9.18 
 109  3.75  0.46  9.18 
 110  3.76  8.50  9.18 
 111  4.14 12.40  9.18 
 112  5.47 22.80  9.18 
 113  7.50 12.72  9.18 
 114  2.16 -0.30  9.18 
 115  2.46  0.73  9.18 
 116  4.39  2.44  9.18 
 117  2.97  8.43  9.18 
 118  2.50 14.08  9.18 
 119 11.27  6.17  9.18 
 120  7.19 13.95 11.27 
 121  5.58 15.93 11.27 
 122  5.66 11.30 11.27 
 123  8.16 31.56 11.27 
 124 12.55 17.42 11.27 
 125  8.01 23.24 12.55 
 126  8.24 14.65 12.55 
 127  7.77 10.60 12.55 
 128  7.35 26.12 12.55 
 129 10.77 16.97 12.55 
 130  7.25 13.08 12.55 
 131  8.09  8.14 12.55 
 132 11.13 25.54 12.55 
 133 12.70 11.16 12.55 
 134 10.11 17.28 12.70 
 135  9.53 22.17 12.70 
 136 11.51 19.03 12.70 
 137 16.66 10.73 12.70 
 138 13.90 16.15 16.66 
 139 14.73 23.83 16.66 
 140 14.63 26.02 16.66 
 141 10.13  5.60 16.66 
 142 21.41  5.26 16.66 
 143 13.05  4.28 21.41 
 144  6.58  4.94 21.41 
 145 23.24 -0.39 21.41 
 146 21.37 14.72 23.24 
 147 23.22 14.27 23.24 
 148 15.53 16.26 23.24 
 149 16.09 23.51 23.24 
 150 10.60 27.45 23.24 
 151 15.48  6.35 23.24 
 152 31.14 10.87 23.24 
 153 12.32 12.00 31.14 
 154 14.25 10.81 31.14 
 155 18.83 10.78 31.14 
 156 20.32  9.33 31.14 
 157 19.56 11.01 31.14 
 158 15.23 12.25 31.14 
 159  8.63 12.97 31.14 
 160 12.80 11.27 31.14 
 161 27.36  6.29 31.14 
 162 25.81  6.64 31.14 
 163 25.70 111.40 31.14 
 164 19.11 21.94 31.14 
 165 21.10 24.76 31.14 
 166 18.07 10.77 31.14 
 167 13.99 21.41 31.14 
 168 20.87 12.81 31.14 
 169 14.54  7.83 31.14 
 170 15.13  5.53 31.14 
 171 28.42  3.92 31.14 
 172 17.08  1.61 31.14 
 173 17.38  8.16 31.14 
 174 17.56 12.73 31.14 
 175 18.22 27.22 31.14 
 176 17.93 13.50 31.14 
 177 18.02 18.50 31.14 
 178 29.19 30.96 31.14 
 179 11.44  9.00 31.14 
 180 18.05 14.64 31.14 
 181 22.01 12.92 31.14 
 182 19.28 22.66 31.14 
 183 19.16 23.24 31.14 
 184 18.04 27.26 31.14 
 185 19.27 21.32 31.14 
 186 25.25 23.00 31.14 
 187 19.49 74.33 31.14 
 188 21.71 38.27 31.14 
 189 36.53 15.05 31.14 
 190 24.38 11.02 36.53 
 191 22.38 12.43 36.53 
 192 38.75  4.98 36.53 
 193 27.11 84.04 38.75 
 194 21.66 24.53 38.75 
 195 34.61 27.62 38.75 
 196 21.19 19.32 38.75 
 197 20.02 20.73 38.75 
 198 20.26 15.31 38.75 
 199 19.60 20.91 38.75 
 200 39.44 33.43 38.75 
 201 22.29 24.85 39.44 
 202 15.23 47.05 39.44 
 203 28.21 28.82 39.44 
 204 40.95 24.46 39.44 
 205 39.53 26.55 40.95 
 206 25.79 31.50 40.95 
 207 30.19 34.97 40.95 
 208 33.20 19.79 40.95 
 209 34.85 18.33 40.95 
 210 23.91 28.93 40.95 
 211 27.09 20.22 40.95 
 212 26.68 25.32 40.95 
 213 49.18 23.15 40.95 
 214 34.17 18.11 49.18 
 215 27.59 22.81 49.18 
 216 26.35 26.09 49.18 
 217 25.40 19.15 49.18 
 218 37.43 22.17 49.18 
 219 36.71 41.91 49.18 
 220 31.67 31.07 49.18 
 221 33.21 51.07 49.18 
 222 36.91 79.49 49.18 
 223 31.82 76.68 49.18 
 224 28.11 71.19 49.18 
 225 38.98 71.22 49.18 
 226 35.95 81.63 49.18 
 227 57.76 44.46 49.18 
 228 49.26 46.62 57.76 
 229 39.56 115.17 57.76 
 230 31.67 36.35 57.76 
 231 46.04 43.46 57.76 
 232 47.30 55.76 57.76 
 233 38.78 48.87 57.76 
 234 40.29 40.44 57.76 
 235 57.74 45.05 57.76 
 236 50.93 31.78 57.76 
 237 59.98 33.60 57.76 
 238 44.98 25.21 59.98 
 239 51.31 12.48 59.98 
 240 32.72 29.35 59.98 
 241 35.97 45.92 59.98 
 242 62.84 26.44 59.98 
 243 39.63 17.06 62.84 
 244 37.71 19.49 62.84 
 245 50.08 34.19 62.84 
 246 63.27 24.42 62.84 
 247 52.74 44.92 63.27 
 248 57.70 39.09 63.27 
 249 71.56 67.65 63.27 
 250 53.76 56.08 71.56 
 251 54.01 61.15 71.56 
 252 72.50 60.26 71.56 
 253 69.93 80.32 72.50 
 254 69.01 35.50 72.50 
 255 55.90 47.89 72.50 
 256 68.52 66.91 72.50 
 257 71.25 88.55 72.50 
 258 80.47 28.01 72.50 
 259 63.18 107.74 80.47 
 260 46.73 94.17 80.47 
 261 60.02 120.65 80.47 
 262 63.60 64.55 80.47 
 263 65.89 73.87 80.47 
 264 102.67 61.29 80.47 
 265 67.79 109.36 102.67 
 266 50.45 98.79 102.67 
 267 61.21 172.09 102.67 
 268 61.67 163.12 102.67 
 269 60.02 137.77 102.67 
 270 86.70 80.56 102.67 
 271 48.98 107.50 102.67 
 272 94.99 178.61 102.67 
 273 59.46 102.94 102.67 
 274 76.75 60.06 102.67 
 275 70.55 124.69 102.67 
 276 92.59 108.23 102.67 
 277 65.68 179.34 102.67 
 278 65.18 281.55 102.67 
 279 79.04 137.35 102.67 
 280 67.27 145.07 102.67 
 281 49.63 115.66 102.67 
 282 66.08 96.63 102.67 
 283 75.78 122.15 102.67 
 284 93.39 131.35 102.67 
 285 64.81 97.96 102.67 
 286 65.75 145.02 102.67 
 287 74.48 256.46 102.67 
 288 85.99 292.50 102.67 
 289 85.87 218.84 102.67 
 290 82.81 115.05 102.67 
 291 66.41 87.76 102.67 
 292 85.00 70.92 102.67 
 293 69.96 93.98 102.67 
 294 98.79 130.45 102.67 
 295 88.31 68.58 102.67 
 296 106.41 64.96 102.67 
 297 85.66 72.59 106.41 
 298 81.06 60.19 106.41 
 299 85.98 63.97 106.41 
