Iter | Sampling Pol | Evaluation Pol | Best (Sampled) 
   0 -5.39 -4.75 -100000000.00 
   1 -5.24 -4.15 -5.39 
   2 -4.74 -3.85 -5.24 
   3 -5.20 -3.40 -4.74 
   4 -4.75 -3.17 -4.74 
   5 -3.94  1.57 -4.74 
   6 -3.08 -1.96 -3.94 
   7 -1.17 -2.35 -3.08 
   8 -2.89 -3.64 -1.17 
   9 -2.79  8.83 -1.17 
  10 -1.27 -0.36 -1.17 
  11 -1.95  2.90 -1.17 
  12  0.98  2.01 -1.17 
  13 -2.13  1.43  0.98 
  14 -1.99 -2.06  0.98 
  15 -0.59 37.35  0.98 
  16 -2.32  0.11  0.98 
  17  0.01 -2.59  0.98 
  18  0.70 -3.44  0.98 
  19 -0.82 -2.58  0.98 
  20  0.19 -1.79  0.98 
  21 -0.86  0.28  0.98 
  22  3.63 -3.01  0.98 
  23  1.79 -2.57  3.63 
  24  2.63 -3.03  3.63 
  25  2.00 -2.36  3.63 
  26  4.98 -0.01  3.63 
  27  4.28 -0.40  4.98 
  28  2.80 -0.65  4.98 
  29  4.99 -1.67  4.98 
  30  5.34  2.14  4.99 
  31  3.99  1.75  5.34 
  32  7.94  3.44  5.34 
  33  6.02 17.53  7.94 
  34  8.29 19.98  7.94 
  35  8.52 11.44  8.29 
  36  4.40 13.30  8.52 
  37  8.02 16.50  8.52 
  38 11.91 52.30  8.52 
  39 10.17 11.57 11.91 
  40 10.13 13.44 11.91 
  41 16.96  8.08 11.91 
  42  9.83 22.73 16.96 
  43  8.70 21.04 16.96 
  44 16.79 47.72 16.96 
  45 18.41 64.86 16.96 
  46 23.16 16.93 18.41 
  47 20.30 29.65 23.16 
  48 21.56 81.22 23.16 
  49 18.34 82.68 23.16 
  50 16.39 42.16 23.16 
  51 21.72 23.41 23.16 
  52 27.07 25.45 23.16 
  53 23.83 20.91 27.07 
  54 28.45 31.71 27.07 
  55 22.44 20.25 28.45 
  56 29.70 26.82 28.45 
  57 23.97 43.03 29.70 
  58 37.12 32.01 29.70 
  59 40.11 65.34 37.12 
  60 34.06 45.73 40.11 
  61 36.36 89.00 40.11 
  62 51.36 93.59 40.11 
  63 42.45 68.29 51.36 
  64 55.78 44.61 51.36 
  65 70.44 76.26 55.78 
  66 44.27 49.73 70.44 
  67 67.50 78.55 70.44 
  68 79.45 90.63 70.44 
  69 50.41 126.41 79.45 
  70 54.51 60.30 79.45 
  71 66.92 95.60 79.45 
  72 52.44 100.95 79.45 
  73 73.34 108.33 79.45 
  74 87.73 129.13 79.45 
  75 87.28 74.55 87.73 
  76 84.84 73.13 87.73 
  77 111.61 90.96 87.73 
  78 95.48 77.32 111.61 
  79 99.73 65.49 111.61 
  80 115.50 76.78 111.61 
  81 117.59 112.43 115.50 
  82 126.28 181.02 117.59 
  83 129.72 231.37 126.28 
  84 159.95 175.72 129.72 
  85 144.29 113.48 159.95 
  86 140.78 137.36 159.95 
  87 180.10 322.23 159.95 
  88 206.85 313.22 180.10 
  89 236.82 155.43 206.85 
  90 205.48 133.87 236.82 
  91 273.73 136.60 236.82 
  92 291.84 335.40 273.73 
  93 303.49 496.01 291.84 
  94 307.89 214.59 303.49 
  95 316.41 313.03 307.89 
  96 308.59 251.18 316.41 
  97 397.64 331.24 316.41 
  98 383.27 246.81 397.64 
  99 420.63 308.77 397.64 
 100 397.81 273.64 420.63 
 101 439.88 258.03 420.63 
 102 544.24 422.47 439.88 
 103 508.81 618.70 544.24 
 104 539.53 689.92 544.24 
 105 523.77 442.96 544.24 
 106 576.80 743.99 544.24 
 107 577.53 753.52 576.80 
 108 647.09 507.12 577.53 
 109 660.32 595.50 647.09 
 110 597.02 799.72 660.32 
 111 651.28 937.42 660.32 
 112 741.80 753.39 660.32 
 113 642.73 799.39 741.80 
 114 815.78 745.70 741.80 
 115 777.75 953.55 815.78 
 116 795.05 1285.87 815.78 
 117 861.29 1294.29 815.78 
 118 865.68 1315.89 861.29 
 119 972.13 1216.03 865.68 
 120 819.19 1397.29 972.13 
 121 915.01 1221.35 972.13 
 122 862.19 1260.31 972.13 
 123 1133.83 1342.61 972.13 
 124 995.55 1271.07 1133.83 
 125 1108.27 1314.02 1133.83 
 126 1052.61 1590.99 1133.83 
 127 1204.62 1779.73 1133.83 
 128 1240.06 1795.77 1204.62 
 129 1238.21 1513.82 1240.06 
 130 1210.18 1429.99 1240.06 
 131 1158.47 1567.66 1240.06 
 132 1301.68 1347.01 1240.06 
 133 1252.35 1375.33 1301.68 
 134 1266.98 1543.49 1301.68 
 135 1283.47 1471.35 1301.68 
 136 1350.23 1685.56 1301.68 
 137 1398.97 1785.70 1350.23 
 138 1384.49 1780.50 1398.97 
 139 1578.50 1856.97 1398.97 
 140 1363.89 1644.49 1578.50 
 141 1511.71 1847.66 1578.50 
 142 1511.16 2150.24 1578.50 
 143 1530.79 2017.80 1578.50 
 144 1451.40 1817.93 1578.50 
 145 1462.11 1839.31 1578.50 
 146 1722.94 1618.71 1578.50 
 147 1690.69 1846.47 1722.94 
 148 1670.91 1695.42 1722.94 
 149 1742.41 1889.60 1722.94 
 150 1589.64 1692.57 1742.41 
 151 1751.42 1618.59 1742.41 
 152 1611.89 2093.16 1751.42 
 153 1744.56 2119.27 1751.42 
 154 1865.74 2172.00 1751.42 
 155 1834.76 2191.36 1865.74 
 156 1697.56 2172.77 1865.74 
 157 1781.09 2147.19 1865.74 
 158 1937.98 1820.28 1865.74 
 159 2023.27 1919.27 1937.98 
 160 2039.73 2179.37 2023.27 
 161 1824.70 2106.58 2039.73 
 162 2041.76 2521.89 2039.73 
 163 2153.06 2639.86 2041.76 
 164 1904.17 2463.03 2153.06 
 165 1930.94 2571.93 2153.06 
 166 2128.96 2641.36 2153.06 
 167 2022.55 2652.84 2153.06 
 168 2290.39 2821.59 2153.06 
 169 2166.97 2461.45 2290.39 
 170 2012.30 2920.80 2290.39 
 171 2015.29 2876.68 2290.39 
 172 2245.36 2911.93 2290.39 
 173 2183.07 2796.13 2290.39 
 174 2286.02 3018.78 2290.39 
 175 2032.18 2958.25 2290.39 
 176 2238.15 3085.76 2290.39 
 177 2393.40 2982.28 2290.39 
 178 2353.14 3037.51 2393.40 
 179 2364.02 2901.77 2393.40 
 180 2097.68 3000.71 2393.40 
 181 2586.76 2931.45 2393.40 
 182 2219.93 2911.61 2586.76 
 183 2469.27 2794.92 2586.76 
 184 2514.18 2680.85 2586.76 
 185 2341.43 2783.87 2586.76 
 186 2548.79 2667.97 2586.76 
 187 2725.65 2577.15 2586.76 
 188 2491.20 2735.21 2725.65 
 189 2501.38 2825.06 2725.65 
 190 2708.23 2891.02 2725.65 
 191 2580.24 2830.64 2725.65 
 192 2579.99 2900.21 2725.65 
 193 2584.40 2487.47 2725.65 
 194 2559.93 2828.40 2725.65 
 195 2589.17 2516.94 2725.65 
 196 2617.88 2754.87 2725.65 
 197 2547.64 2893.19 2725.65 
 198 2539.25 2858.28 2725.65 
 199 2580.92 2922.80 2725.65 
 200 2690.87 2905.33 2725.65 
 201 2749.82 3126.31 2725.65 
 202 2667.19 3182.47 2749.82 
 203 2891.34 3015.06 2749.82 
 204 2814.66 2937.39 2891.34 
 205 2886.66 3389.66 2891.34 
 206 2763.87 3076.96 2891.34 
 207 2972.73 3415.35 2891.34 
 208 2855.98 3169.24 2972.73 
 209 2777.62 3135.18 2972.73 
 210 2948.18 3285.98 2972.73 
 211 2806.41 3184.03 2972.73 
 212 2797.38 3260.51 2972.73 
 213 2969.91 3159.01 2972.73 
 214 2956.40 3134.88 2972.73 
 215 2958.94 3114.43 2972.73 
 216 2965.47 3239.46 2972.73 
 217 2912.58 3007.37 2972.73 
 218 3015.73 3197.41 2972.73 
 219 3034.24 3249.11 3015.73 
 220 3017.00 3352.65 3034.24 
 221 2868.19 3296.33 3034.24 
 222 3138.47 3369.19 3034.24 
 223 2969.54 3293.22 3138.47 
 224 3054.01 3173.49 3138.47 
 225 3056.99 2994.62 3138.47 
 226 3017.96 3291.40 3138.47 
 227 2967.39 3408.98 3138.47 
 228 3155.57 3257.27 3138.47 
 229 3334.92 3543.40 3155.57 
 230 3129.60 3267.92 3334.92 
 231 3081.39 2896.45 3334.92 
 232 3148.64 2919.23 3334.92 
 233 3235.67 2953.80 3334.92 
 234 2987.84 3205.59 3334.92 
 235 3216.02 2959.92 3334.92 
 236 3010.33 3360.84 3334.92 
 237 2995.67 3191.31 3334.92 
 238 2997.16 3128.83 3334.92 
 239 3143.71 3249.04 3334.92 
 240 3225.80 3263.81 3334.92 
 241 3286.76 3393.05 3334.92 
 242 3310.52 3422.07 3334.92 
 243 3412.64 3479.16 3334.92 
 244 3217.20 3464.79 3412.64 
 245 3217.85 3305.25 3412.64 
 246 3016.30 3276.86 3412.64 
 247 3288.51 3358.21 3412.64 
 248 3320.98 3524.72 3412.64 
 249 3349.98 3606.31 3412.64 
 250 3335.80 3441.40 3412.64 
 251 3250.21 3376.01 3412.64 
 252 3242.45 3426.30 3412.64 
 253 3235.71 3243.17 3412.64 
 254 3299.25 3460.91 3412.64 
 255 3351.74 3456.09 3412.64 
 256 3339.81 3391.68 3412.64 
 257 3386.52 3352.60 3412.64 
 258 3277.29 3447.95 3412.64 
 259 3353.47 3459.48 3412.64 
 260 3304.59 3444.59 3412.64 
 261 3457.12 3517.74 3412.64 
 262 3266.40 3345.00 3457.12 
 263 3317.52 3501.19 3457.12 
 264 3384.78 3366.24 3457.12 
 265 3418.98 3336.22 3457.12 
 266 3196.94 3432.91 3457.12 
 267 3363.29 3553.98 3457.12 
 268 3480.93 3467.27 3457.12 
 269 3439.35 3426.66 3480.93 
 270 3289.05 3374.00 3480.93 
 271 3399.47 3473.27 3480.93 
 272 3584.43 3170.43 3480.93 
 273 3252.74 3489.00 3584.43 
 274 3340.71 3440.54 3584.43 
 275 3491.13 3413.69 3584.43 
 276 3508.62 3518.13 3584.43 
 277 3442.51 3490.81 3584.43 
 278 3471.75 3490.91 3584.43 
 279 3430.31 3548.06 3584.43 
 280 3372.71 3730.47 3584.43 
 281 3554.40 3671.10 3584.43 
 282 3460.06 3621.25 3584.43 
 283 3487.13 3689.54 3584.43 
 284 3545.41 3680.22 3584.43 
 285 3672.19 3698.60 3584.43 
 286 3543.56 3649.48 3672.19 
 287 3680.52 3721.27 3672.19 
 288 3494.74 3684.61 3680.52 
 289 3552.87 3794.47 3680.52 
 290 3542.05 3818.95 3680.52 
 291 3463.67 3612.49 3680.52 
 292 3622.04 3725.85 3680.52 
 293 3547.42 3633.78 3680.52 
 294 3525.52 3601.62 3680.52 
 295 3442.52 3675.02 3680.52 
 296 3458.80 3732.11 3680.52 
 297 3622.01 3686.91 3680.52 
 298 3521.67 3658.22 3680.52 
 299 3357.85 3813.87 3680.52 
