Iter | Sampling Pol | Evaluation Pol | Best (Sampled) 
   0 -7.77 -4.10 -100000000.00 
   1 -5.98 -4.56 -7.77 
   2 -7.01 -4.85 -5.98 
   3 -6.63 -4.56 -5.98 
   4 -5.80 -5.52 -5.98 
   5 -5.20 -5.26 -5.80 
   6 -4.98 -5.36 -5.20 
   7 -4.91 -3.32 -4.98 
   8 -4.82 -4.90 -4.91 
   9 -4.17 -4.36 -4.82 
  10 -4.22 -4.94 -4.17 
  11 -3.82 -5.25 -4.17 
  12 -4.17 -5.38 -3.82 
  13 -3.52 -4.71 -3.82 
  14 -3.91 -4.06 -3.52 
  15 -3.89 -4.32 -3.52 
  16 -3.73 -4.04 -3.52 
  17 -3.21 -3.58 -3.52 
  18 -3.07 -3.97 -3.21 
  19 -2.92 -4.33 -3.07 
  20 -3.66 -4.13 -2.92 
  21 -3.49 -3.93 -2.92 
  22 -2.21 -3.78 -2.92 
  23 -3.22 -3.60 -2.21 
  24 -3.37 -3.48 -2.21 
  25 -3.59 -3.51 -2.21 
  26 -2.68 -3.48 -2.21 
  27 -2.76 -3.23 -2.21 
  28 -2.78 -3.68 -2.21 
  29 -2.63 -3.58 -2.21 
  30 -3.04 -3.45 -2.21 
  31 -2.78 -3.41 -2.21 
  32 -2.89 -3.42 -2.21 
  33 -1.91 -3.55 -2.21 
  34 -2.61 -3.10 -1.91 
  35 -1.98 -3.12 -1.91 
  36 -1.78  0.06 -1.91 
  37 -2.10 -3.11 -1.78 
  38 -2.87  0.69 -1.78 
  39 -1.66 -3.15 -1.78 
  40 -1.69 -3.10 -1.66 
  41 -2.04 -3.46 -1.66 
  42 -2.35 -3.30 -1.66 
  43 -3.20 -3.21 -1.66 
  44 -1.04 -3.70 -1.66 
  45 -2.59 -3.25 -1.04 
  46 -2.18 -1.00 -1.04 
  47 -1.08 -0.61 -1.04 
  48 -0.63 -1.69 -1.04 
  49 -0.92 -2.84 -0.63 
  50 -0.76 -1.17 -0.63 
  51 -0.58 -2.72 -0.63 
  52 -0.13 -2.84 -0.58 
  53 -1.03 -2.79 -0.13 
  54  0.06 -2.77 -0.13 
  55  1.20 -2.75  0.06 
  56  0.01 -2.93  1.20 
  57 -0.68 -2.37  1.20 
  58  0.14 -3.10  1.20 
  59 -0.96 -3.12  1.20 
  60  1.19 -2.27  1.20 
  61 -1.68 -3.03  1.20 
  62  2.10 -3.04  1.20 
  63 -0.27 -3.09  2.10 
  64  0.19 -3.05  2.10 
  65  0.23 -3.02  2.10 
  66  0.74 -3.04  2.10 
  67  0.31 -1.45  2.10 
  68  0.03 -3.13  2.10 
  69  0.28 -2.99  2.10 
  70  3.20 -1.90  2.10 
  71  0.73 -1.74  3.20 
  72  1.90 -1.24  3.20 
  73  3.75  7.11  3.20 
  74  3.89  2.70  3.75 
  75  1.05 -3.13  3.89 
  76  4.81  0.73  3.89 
  77  4.45 -0.67  4.81 
  78  2.37  9.18  4.81 
  79  7.50 -0.63  4.81 
  80  6.62  1.53  7.50 
  81  7.23 12.43  7.50 
  82  1.43  4.80  7.50 
  83  4.38  2.81  7.50 
  84  7.11  4.23  7.50 
  85  1.41  0.81  7.50 
  86  4.70  1.18  7.50 
  87  4.63 -0.52  7.50 
  88  5.44  3.00  7.50 
  89  3.15  4.21  7.50 
  90  7.09  2.71  7.50 
  91 16.34  1.73  7.50 
  92  6.48  2.64 16.34 
  93  8.27  2.89 16.34 
  94  8.88  5.62 16.34 
  95 16.99 19.25 16.34 
  96  3.91  7.89 16.99 
  97  5.98 11.86 16.99 
  98 17.12 12.17 16.99 
  99  3.11 10.20 17.12 
 100  8.48  6.23 17.12 
 101 11.92  5.84 17.12 
 102  7.65  5.50 17.12 
 103 10.69 10.72 17.12 
 104 11.50  9.08 17.12 
 105 15.89  8.32 17.12 
 106  8.95 12.21 17.12 
 107  9.34 10.56 17.12 
 108  4.97 17.14 17.12 
 109  9.50  9.60 17.12 
 110  5.55 11.71 17.12 
 111  7.86  9.54 17.12 
 112 10.89 22.91 17.12 
 113  7.50 11.70 17.12 
 114  9.02 10.54 17.12 
 115  7.49 16.37 17.12 
 116 15.77 20.02 17.12 
 117  8.29 16.69 17.12 
 118 14.82 13.61 17.12 
 119 12.41 11.28 17.12 
 120 15.37 20.43 17.12 
 121 13.86  9.18 17.12 
 122  7.95 17.32 17.12 
 123 14.86 17.13 17.12 
 124 10.36 20.38 17.12 
 125 14.91 11.16 17.12 
 126 12.41 14.47 17.12 
 127 20.39 15.22 17.12 
 128 19.27 14.51 20.39 
 129 15.18 12.61 20.39 
 130 22.38 17.67 20.39 
 131 18.14 14.55 22.38 
 132 15.19 16.52 22.38 
 133 15.36  3.96 22.38 
 134 23.30  6.86 22.38 
 135 27.98 17.70 23.30 
 136 23.65 20.25 27.98 
 137 11.65 10.50 27.98 
 138 25.35 27.10 27.98 
 139 15.35 14.54 27.98 
 140 34.45 13.48 27.98 
 141 40.39 32.77 34.45 
 142 21.06 15.75 40.39 
 143 37.30 21.04 40.39 
 144 33.47 28.41 40.39 
 145 33.58 46.26 40.39 
 146 39.46 26.38 40.39 
 147 48.20 26.41 40.39 
 148 32.85 46.21 48.20 
 149 25.29 26.27 48.20 
 150 29.36 20.85 48.20 
 151 46.34 19.26 48.20 
 152 36.61 30.84 48.20 
 153 34.37 58.94 48.20 
 154 48.45 36.70 48.20 
 155 44.95 37.02 48.45 
 156 34.85 49.03 48.45 
 157 46.78 38.58 48.45 
 158 33.78 56.05 48.45 
 159 72.57 41.25 48.45 
 160 65.92 36.08 72.57 
 161 46.14 46.58 72.57 
 162 54.44 42.73 72.57 
 163 65.77 55.41 72.57 
 164 65.43 54.87 72.57 
 165 65.31 44.12 72.57 
 166 82.62 86.58 72.57 
 167 56.55 42.14 82.62 
 168 91.73 31.15 82.62 
 169 77.88 56.34 91.73 
 170 46.96 47.21 91.73 
 171 90.43 44.22 91.73 
 172 83.96 52.70 91.73 
 173 70.52 46.29 91.73 
 174 71.60 32.18 91.73 
 175 68.82 26.61 91.73 
 176 81.45 34.30 91.73 
 177 70.84 57.34 91.73 
 178 51.44 124.85 91.73 
 179 61.01 36.85 91.73 
 180 75.42 34.87 91.73 
 181 81.80 48.33 91.73 
 182 79.85 66.03 91.73 
 183 87.37 59.48 91.73 
 184 97.72 40.51 91.73 
 185 109.17 33.31 97.72 
 186 90.67 45.96 109.17 
 187 112.42 87.62 109.17 
 188 115.65 61.77 112.42 
 189 105.87 70.62 115.65 
 190 121.23 60.76 115.65 
 191 98.56 51.61 121.23 
 192 87.72 51.66 121.23 
 193 105.82 47.40 121.23 
 194 74.90 60.14 121.23 
 195 106.81 76.00 121.23 
 196 115.40 104.33 121.23 
 197 87.83 74.49 121.23 
 198 95.35 63.43 121.23 
 199 83.83 129.31 121.23 
 200 151.35 147.51 121.23 
 201 100.10 91.63 151.35 
 202 142.81 52.83 151.35 
 203 118.08 80.55 151.35 
 204 141.22 103.55 151.35 
 205 113.01 83.62 151.35 
 206 141.48 133.42 151.35 
 207 143.52 88.98 151.35 
 208 178.84 140.40 151.35 
 209 165.29 87.19 178.84 
 210 106.64 68.52 178.84 
 211 113.26 142.66 178.84 
 212 163.39 101.57 178.84 
 213 187.87 157.35 178.84 
 214 175.25 249.75 187.87 
 215 146.43 288.39 187.87 
 216 209.79 215.18 187.87 
 217 223.03 303.43 209.79 
 218 231.26 245.89 223.03 
 219 143.86 214.50 231.26 
 220 168.24 184.55 231.26 
 221 210.79 281.07 231.26 
 222 225.17 198.42 231.26 
 223 161.32 192.96 231.26 
 224 212.91 246.94 231.26 
 225 259.66 322.02 231.26 
 226 219.69 224.62 259.66 
 227 248.11 192.89 259.66 
 228 244.04 465.75 259.66 
 229 206.27 289.88 259.66 
 230 274.40 274.92 259.66 
 231 241.34 320.10 274.40 
 232 238.82 314.97 274.40 
 233 266.26 300.37 274.40 
 234 192.26 286.27 274.40 
 235 274.48 336.72 274.40 
 236 246.81 292.55 274.48 
 237 262.23 322.66 274.48 
 238 305.70 298.12 274.48 
 239 267.33 163.98 305.70 
 240 194.06 245.44 305.70 
 241 256.65 294.16 305.70 
 242 251.95 196.26 305.70 
 243 307.96 181.86 305.70 
 244 306.55 233.40 307.96 
 245 295.12 279.93 307.96 
 246 279.01 194.67 307.96 
 247 291.14 239.57 307.96 
 248 356.80 242.74 307.96 
 249 353.90 269.07 356.80 
 250 345.78 195.11 356.80 
 251 323.16 347.43 356.80 
 252 361.60 334.13 356.80 
 253 384.33 261.81 361.60 
 254 414.14 323.20 384.33 
 255 295.96 420.07 414.14 
 256 375.16 384.90 414.14 
 257 330.94 483.45 414.14 
 258 391.09 383.38 414.14 
 259 323.10 574.71 414.14 
 260 426.18 415.57 414.14 
 261 386.59 369.23 426.18 
 262 449.14 381.42 426.18 
 263 472.79 438.10 449.14 
 264 482.93 417.46 472.79 
 265 450.38 652.83 482.93 
 266 415.89 407.99 482.93 
 267 465.89 321.76 482.93 
 268 445.68 640.56 482.93 
 269 500.34 591.54 482.93 
 270 427.22 422.85 500.34 
 271 455.76 453.15 500.34 
 272 531.17 393.81 500.34 
 273 580.56 254.46 531.17 
 274 510.99 309.42 580.56 
 275 484.25 349.99 580.56 
 276 508.31 328.66 580.56 
 277 528.97 208.00 580.56 
 278 559.77 330.90 580.56 
 279 576.32 166.45 580.56 
 280 567.42 316.28 580.56 
 281 504.59 510.21 580.56 
 282 527.33 364.81 580.56 
 283 630.24 376.79 580.56 
 284 605.76 330.26 630.24 
 285 594.38 347.23 630.24 
 286 561.62 408.17 630.24 
 287 624.08 376.13 630.24 
 288 612.32 370.81 630.24 
 289 593.21 418.08 630.24 
 290 554.57 374.26 630.24 
 291 581.72 252.68 630.24 
 292 580.01 428.71 630.24 
 293 656.80 278.44 630.24 
 294 667.83 495.94 656.80 
 295 634.33 278.31 667.83 
 296 645.44 370.03 667.83 
 297 640.81 343.75 667.83 
 298 525.90 391.21 667.83 
 299 630.87 443.92 667.83 
