Iter | Sampling Pol | Evaluation Pol | Best (Sampled) 
   0 -6.40 -6.03 -100000000.00 
   1 -6.02 -5.71 -6.40 
   2 -5.68 -5.44 -6.02 
   3 -5.43 -5.08 -5.68 
   4 -5.08 -4.96 -5.43 
   5 -5.10 -5.15 -5.08 
   6 -4.82 -5.00 -5.08 
   7 -4.56 -4.81 -4.82 
   8 -4.75 -4.72 -4.56 
   9 -4.18 -4.39 -4.56 
  10 -4.24 -4.42 -4.18 
  11 -3.16 -4.65 -4.18 
  12 -3.71 -4.46 -3.16 
  13 -3.79 -4.06 -3.16 
  14 -3.99 -4.37 -3.16 
  15 -3.66 -4.48 -3.16 
  16 -3.89 -4.41 -3.16 
  17 -3.36 -4.28 -3.16 
  18 -3.75 -4.22 -3.16 
  19 -3.36 -4.21 -3.16 
  20 -3.29 -4.50 -3.16 
  21 -2.84 -4.20 -3.16 
  22 -2.69 -4.15 -2.84 
  23 -2.64 -3.74 -2.69 
  24 -2.97 -3.89 -2.64 
  25 -3.34 -3.53 -2.64 
  26 -2.80 -3.57 -2.64 
  27 -2.83 -3.51 -2.64 
  28 -3.23 -3.23 -2.64 
  29 -2.37 -3.33 -2.64 
  30 -2.48 -3.12 -2.37 
  31 -2.32 -3.21 -2.37 
  32 -2.14 -3.33 -2.32 
  33 -1.78 -3.08 -2.14 
  34 -2.18 -3.44 -1.78 
  35 -1.82 -3.58 -1.78 
  36 -1.34 -0.49 -1.78 
  37 -1.43 -3.34 -1.34 
  38 -1.62 -3.60 -1.34 
  39 -0.26 -3.92 -1.34 
  40 -1.70 -3.87 -0.26 
  41  0.61 -1.79 -0.26 
  42 -0.08 -2.56  0.61 
  43  0.03 -3.48  0.61 
  44  0.28 -3.79  0.61 
  45  1.00 -2.83  0.61 
  46  0.73 -3.34  1.00 
  47  2.23 -0.32  1.00 
  48  0.07 -3.42  2.23 
  49 -0.08 -1.04  2.23 
  50  1.23  5.31  2.23 
  51  0.54  0.03  2.23 
  52  1.25 -0.42  2.23 
  53  4.10 -2.94  2.23 
  54  2.58 -2.33  4.10 
  55  4.55 -1.11  4.10 
  56  1.24  0.49  4.55 
  57  4.55 -2.05  4.55 
  58  4.49 -0.72  4.55 
  59  1.50 -1.43  4.55 
  60  2.10 -1.04  4.55 
  61  0.66 -0.26  4.55 
  62  4.07  3.06  4.55 
  63  6.06  0.71  4.55 
  64  2.05  4.10  6.06 
  65  3.51  0.21  6.06 
  66  2.71  0.94  6.06 
  67  4.95  7.80  6.06 
  68  2.74  6.87  6.06 
  69  3.25  7.98  6.06 
  70  2.54  4.20  6.06 
  71  2.95  6.97  6.06 
  72  2.19  7.41  6.06 
  73  3.56 18.64  6.06 
  74  3.16 30.29  6.06 
  75  5.52 17.96  6.06 
  76  4.10 12.78  6.06 
  77 15.70 29.24  6.06 
  78  6.74 49.62 15.70 
  79  8.64 47.10 15.70 
  80  7.32 69.47 15.70 
  81  9.26 24.85 15.70 
  82  9.39 22.40 15.70 
  83 11.20 53.22 15.70 
  84 13.39 36.15 15.70 
  85 12.66 25.75 15.70 
  86 10.81 33.47 15.70 
  87  9.06 20.63 15.70 
  88 17.26 56.19 15.70 
  89 17.00 54.89 17.26 
  90 18.77 16.80 17.26 
  91 14.16 18.46 18.77 
  92 18.10 29.00 18.77 
  93 12.88 10.27 18.77 
  94 16.47 30.45 18.77 
  95 22.04 23.91 18.77 
  96 18.67 14.27 22.04 
  97 17.44 42.46 22.04 
  98 17.11 29.35 22.04 
  99 19.90 35.31 22.04 
 100 20.71 52.72 22.04 
 101 40.65 31.55 22.04 
 102 46.90 44.73 40.65 
 103 23.49 40.79 46.90 
 104 23.65 79.70 46.90 
 105 27.64 65.44 46.90 
 106 33.84 66.38 46.90 
 107 27.06 133.84 46.90 
 108 45.52 137.98 46.90 
 109 32.78 106.45 46.90 
 110 40.37 105.79 46.90 
 111 45.26 75.76 46.90 
 112 29.36 77.10 46.90 
 113 45.47 74.57 46.90 
 114 30.40 46.86 46.90 
 115 26.46 41.50 46.90 
 116 35.18 51.99 46.90 
 117 39.14 76.65 46.90 
 118 43.00 43.61 46.90 
 119 41.02 49.40 46.90 
 120 29.79 53.62 46.90 
 121 57.77 49.98 46.90 
 122 35.44 43.95 57.77 
 123 36.93 62.33 57.77 
 124 37.50 68.34 57.77 
 125 39.17 48.74 57.77 
 126 49.74 64.04 57.77 
 127 45.26 99.43 57.77 
 128 51.12 79.52 57.77 
 129 44.35 90.80 57.77 
 130 44.88 93.16 57.77 
 131 64.71 109.08 57.77 
 132 53.63 104.30 64.71 
 133 60.14 61.39 64.71 
 134 80.46 74.89 64.71 
 135 45.96 70.31 80.46 
 136 60.60 127.35 80.46 
 137 75.38 77.64 80.46 
 138 75.03 110.72 80.46 
 139 76.95 68.33 80.46 
 140 53.18 60.29 80.46 
 141 42.02 78.36 80.46 
 142 69.10 73.12 80.46 
 143 64.53 140.24 80.46 
 144 75.45 94.66 80.46 
 145 51.41 139.42 80.46 
 146 59.66 96.17 80.46 
 147 74.54 140.63 80.46 
 148 67.79 214.01 80.46 
 149 62.38 105.90 80.46 
 150 56.02 117.71 80.46 
 151 85.09 101.01 80.46 
 152 44.63 175.05 85.09 
 153 47.25 159.84 85.09 
 154 65.28 157.97 85.09 
 155 84.71 90.35 85.09 
 156 85.12 92.52 85.09 
 157 92.22 80.67 85.12 
 158 52.45 135.02 92.22 
 159 92.65 164.78 92.22 
 160 76.12 122.71 92.65 
 161 87.42 129.03 92.65 
 162 88.90 86.53 92.65 
 163 79.89 145.55 92.65 
 164 99.15 148.45 92.65 
 165 117.39 157.46 99.15 
 166 74.62 184.83 117.39 
 167 102.75 167.71 117.39 
 168 119.66 167.14 117.39 
 169 98.76 172.33 119.66 
 170 80.47 191.75 119.66 
 171 115.46 181.23 119.66 
 172 86.89 169.96 119.66 
 173 124.62 184.07 119.66 
 174 143.14 110.68 124.62 
 175 93.26 153.74 143.14 
 176 91.24 157.08 143.14 
 177 118.24 133.67 143.14 
 178 104.98 197.51 143.14 
 179 102.25 109.15 143.14 
 180 85.07 98.54 143.14 
 181 112.29 157.02 143.14 
 182 115.12 111.47 143.14 
 183 91.01 102.45 143.14 
 184 108.68 175.89 143.14 
 185 117.63 76.73 143.14 
 186 138.68 45.95 143.14 
 187 118.18 60.22 143.14 
 188 137.87 62.20 143.14 
 189 140.97 107.87 143.14 
 190 124.65 87.70 143.14 
 191 146.34 85.47 143.14 
 192 112.06 111.58 146.34 
 193 170.50 92.73 146.34 
 194 149.86 91.91 170.50 
 195 182.99 127.24 170.50 
 196 183.54 50.91 182.99 
 197 143.33 56.24 183.54 
 198 155.24 134.03 183.54 
 199 130.32 141.67 183.54 
 200 210.06 97.54 183.54 
 201 114.42 108.68 210.06 
 202 133.25 83.67 210.06 
 203 218.50 148.61 210.06 
 204 165.38 61.97 218.50 
 205 156.41 109.41 218.50 
 206 166.86 75.87 218.50 
 207 139.56 83.51 218.50 
 208 173.96 144.38 218.50 
 209 170.97 73.78 218.50 
 210 198.47 82.38 218.50 
 211 153.60 67.69 218.50 
 212 199.63 107.27 218.50 
 213 206.14 91.16 218.50 
 214 218.06 121.72 218.50 
 215 218.72 66.96 218.50 
 216 244.96 60.31 218.72 
 217 192.25 59.73 244.96 
 218 179.13 80.11 244.96 
 219 185.52 63.28 244.96 
 220 216.57 118.35 244.96 
 221 205.84 56.62 244.96 
 222 214.81 75.09 244.96 
 223 200.68 90.72 244.96 
 224 153.48 74.38 244.96 
 225 240.64 47.90 244.96 
 226 170.85 95.11 244.96 
 227 181.84 141.83 244.96 
 228 232.00 136.81 244.96 
 229 221.04 76.31 244.96 
 230 226.73 73.08 244.96 
 231 262.62 79.99 244.96 
 232 196.68 90.81 262.62 
 233 197.82 72.87 262.62 
 234 206.28 51.73 262.62 
 235 264.00 32.65 262.62 
 236 208.32 59.04 264.00 
 237 213.06 44.60 264.00 
 238 231.89 71.53 264.00 
 239 264.50 99.33 264.00 
 240 205.21 81.52 264.50 
 241 242.22 49.92 264.50 
 242 249.79 97.67 264.50 
 243 332.80 108.40 264.50 
 244 253.57 71.71 332.80 
 245 256.79 45.24 332.80 
 246 318.98 77.21 332.80 
 247 349.75 110.22 332.80 
 248 338.71 101.79 349.75 
 249 324.92 73.59 349.75 
 250 316.07 105.61 349.75 
 251 347.25 176.06 349.75 
 252 233.76 198.84 349.75 
 253 353.88 137.80 349.75 
 254 278.46 105.84 353.88 
 255 329.23 79.76 353.88 
 256 331.67 105.62 353.88 
 257 368.37 131.38 353.88 
 258 352.59 83.01 368.37 
 259 369.23 109.19 368.37 
 260 413.56 88.50 369.23 
 261 323.67 86.27 413.56 
 262 339.84 153.50 413.56 
 263 323.93 86.58 413.56 
 264 321.14 81.88 413.56 
 265 392.15 123.79 413.56 
 266 332.65 158.78 413.56 
 267 472.83 84.73 413.56 
 268 398.19 106.51 472.83 
 269 370.74 70.52 472.83 
 270 364.14 85.59 472.83 
 271 445.81 98.69 472.83 
 272 431.24 148.95 472.83 
 273 366.33 100.14 472.83 
 274 310.95 131.42 472.83 
 275 357.81 169.49 472.83 
 276 378.57 118.36 472.83 
 277 353.76 144.94 472.83 
 278 359.99 98.10 472.83 
 279 476.82 90.55 472.83 
 280 399.74 122.01 476.82 
 281 301.37 136.84 476.82 
 282 437.82 217.44 476.82 
 283 448.12 152.78 476.82 
 284 441.00 153.54 476.82 
 285 416.37 102.17 476.82 
 286 491.50 141.90 476.82 
 287 447.98 133.24 491.50 
 288 417.20 144.40 491.50 
 289 489.52 100.76 491.50 
 290 451.11 175.74 491.50 
 291 512.82 279.33 491.50 
 292 455.89 148.76 512.82 
 293 432.26 156.29 512.82 
 294 558.81 163.84 512.82 
 295 395.86 115.75 558.81 
 296 459.66 96.40 558.81 
 297 513.35 159.03 558.81 
 298 468.35 175.00 558.81 
 299 628.33 110.35 558.81 
 300 573.19 255.23 628.33 
 301 595.06 191.50 628.33 
 302 507.32 184.60 628.33 
 303 542.72 218.78 628.33 
 304 639.68 119.83 628.33 
 305 600.11 101.29 639.68 
 306 557.11 87.43 639.68 
 307 611.58 67.39 639.68 
 308 637.67 93.73 639.68 
 309 586.03 123.05 639.68 
 310 564.87 105.59 639.68 
 311 677.51 175.20 639.68 
 312 714.35 185.41 677.51 
 313 694.28 197.38 714.35 
 314 637.73 147.44 714.35 
 315 695.32 296.68 714.35 
 316 702.77 444.59 714.35 
 317 759.08 284.37 714.35 
 318 602.36 232.33 759.08 
 319 680.21 236.92 759.08 
 320 638.11 362.52 759.08 
 321 705.99 370.19 759.08 
 322 701.38 352.14 759.08 
 323 715.29 387.81 759.08 
 324 616.25 345.29 759.08 
 325 698.54 326.23 759.08 
 326 706.47 421.36 759.08 
 327 694.68 378.78 759.08 
 328 635.07 329.57 759.08 
 329 761.27 340.40 759.08 
 330 847.46 357.08 761.27 
 331 713.98 398.37 847.46 
 332 759.36 378.64 847.46 
 333 755.93 250.18 847.46 
 334 783.23 276.73 847.46 
 335 799.46 194.63 847.46 
 336 830.87 489.83 847.46 
 337 739.47 467.76 847.46 
 338 673.53 408.54 847.46 
 339 866.19 246.76 847.46 
 340 864.41 240.29 866.19 
 341 866.41 342.79 866.19 
 342 731.53 327.26 866.41 
 343 740.29 545.75 866.41 
 344 765.78 524.19 866.41 
 345 866.89 403.42 866.41 
 346 781.70 594.80 866.89 
 347 711.48 566.73 866.89 
 348 674.06 539.43 866.89 
 349 880.75 369.55 866.89 
 350 818.79 578.66 880.75 
 351 898.97 419.86 880.75 
 352 882.45 583.79 898.97 
 353 963.05 297.52 898.97 
 354 888.17 487.54 963.05 
 355 804.87 464.52 963.05 
 356 953.29 653.09 963.05 
 357 926.40 462.08 963.05 
 358 944.06 544.18 963.05 
 359 853.38 421.76 963.05 
 360 923.75 333.77 963.05 
 361 848.03 361.98 963.05 
 362 893.69 370.96 963.05 
 363 992.54 493.44 963.05 
 364 887.72 529.48 992.54 
 365 1070.61 389.83 992.54 
 366 979.57 369.05 1070.61 
 367 1024.00 389.51 1070.61 
 368 993.69 320.31 1070.61 
 369 984.00 562.00 1070.61 
 370 1019.03 477.70 1070.61 
 371 1030.53 479.36 1070.61 
 372 1079.56 651.55 1070.61 
 373 986.50 535.84 1079.56 
 374 960.33 422.92 1079.56 
 375 1232.94 575.30 1079.56 
 376 963.87 503.85 1232.94 
 377 1007.57 387.18 1232.94 
 378 1053.92 435.78 1232.94 
 379 1027.46 499.98 1232.94 
 380 1195.28 496.64 1232.94 
 381 1032.95 326.70 1232.94 
 382 972.09 331.88 1232.94 
 383 1057.79 276.64 1232.94 
 384 970.31 319.17 1232.94 
 385 1151.01 295.37 1232.94 
 386 1130.03 452.24 1232.94 
 387 1169.70 330.17 1232.94 
 388 1168.37 303.56 1232.94 
 389 1143.07 304.84 1232.94 
 390 1189.49 442.15 1232.94 
 391 1215.09 566.83 1232.94 
 392 1160.44 657.29 1232.94 
 393 1132.48 687.34 1232.94 
 394 1084.39 655.17 1232.94 
 395 1240.04 538.74 1232.94 
 396 1178.36 547.25 1240.04 
 397 1073.57 396.94 1240.04 
 398 1232.07 380.55 1240.04 
 399 1354.83 447.36 1240.04 
 400 1251.03 288.08 1354.83 
 401 1260.31 818.19 1354.83 
 402 1215.58 501.32 1354.83 
 403 1315.83 261.36 1354.83 
 404 1349.48 509.43 1354.83 
 405 1243.24 789.94 1354.83 
 406 1337.60 619.25 1354.83 
 407 1356.02 869.54 1354.83 
 408 1309.44 880.64 1356.02 
 409 1260.62 653.32 1356.02 
 410 1286.17 516.45 1356.02 
 411 1280.95 525.45 1356.02 
 412 1331.08 673.67 1356.02 
 413 1320.50 578.00 1356.02 
 414 1466.04 693.89 1356.02 
 415 1588.30 591.86 1466.04 
 416 1389.69 570.65 1588.30 
 417 1252.34 607.31 1588.30 
 418 1392.19 584.75 1588.30 
 419 1289.69 745.03 1588.30 
 420 1394.49 753.78 1588.30 
 421 1538.05 683.72 1588.30 
 422 1340.62 718.58 1588.30 
 423 1429.36 565.80 1588.30 
 424 1436.87 702.89 1588.30 
 425 1389.27 822.89 1588.30 
 426 1355.61 663.45 1588.30 
 427 1437.17 886.22 1588.30 
 428 1656.72 850.89 1588.30 
 429 1283.11 874.35 1656.72 
 430 1518.22 864.34 1656.72 
 431 1289.79 926.28 1656.72 
 432 1586.00 777.82 1656.72 
 433 1487.74 872.01 1656.72 
 434 1579.96 1083.37 1656.72 
 435 1509.39 737.93 1656.72 
 436 1582.77 679.67 1656.72 
 437 1536.55 942.99 1656.72 
 438 1522.03 694.13 1656.72 
 439 1513.52 435.77 1656.72 
 440 1408.66 863.47 1656.72 
 441 1424.69 758.44 1656.72 
 442 1327.08 646.73 1656.72 
 443 1516.37 1006.51 1656.72 
 444 1523.75 1172.07 1656.72 
 445 1361.20 858.24 1656.72 
 446 1408.10 866.27 1656.72 
 447 1542.90 922.83 1656.72 
 448 1504.86 726.19 1656.72 
 449 1500.88 823.85 1656.72 
 450 1552.91 875.93 1656.72 
 451 1578.72 663.25 1656.72 
 452 1563.40 679.37 1656.72 
 453 1581.03 765.01 1656.72 
 454 1585.51 649.21 1656.72 
 455 1485.08 997.62 1656.72 
 456 1584.07 692.57 1656.72 
 457 1568.19 722.27 1656.72 
 458 1663.59 873.95 1656.72 
 459 1548.49 709.41 1663.59 
 460 1577.48 959.21 1663.59 
 461 1694.83 873.30 1663.59 
 462 1608.42 653.13 1694.83 
 463 1626.71 670.63 1694.83 
 464 1628.42 852.85 1694.83 
 465 1762.39 845.16 1694.83 
 466 1724.09 841.21 1762.39 
 467 1703.67 709.31 1762.39 
 468 1668.42 709.28 1762.39 
 469 1714.99 711.62 1762.39 
 470 1661.20 737.20 1762.39 
 471 1806.59 677.09 1762.39 
 472 1617.25 855.90 1806.59 
 473 1824.05 974.40 1806.59 
 474 1637.36 857.87 1824.05 
 475 1652.84 947.96 1824.05 
 476 1718.57 781.37 1824.05 
 477 1729.19 785.20 1824.05 
 478 1777.53 823.02 1824.05 
 479 1730.72 689.65 1824.05 
 480 1802.60 935.81 1824.05 
 481 1843.42 731.44 1824.05 
 482 1886.25 760.60 1843.42 
 483 1804.07 834.11 1886.25 
 484 1860.71 931.90 1886.25 
 485 1858.70 830.95 1886.25 
 486 1985.40 933.08 1886.25 
 487 1930.75 722.01 1985.40 
 488 1937.28 935.01 1985.40 
 489 1970.75 648.66 1985.40 
 490 1930.44 780.38 1985.40 
 491 1626.41 887.96 1985.40 
 492 1784.87 978.09 1985.40 
 493 1711.69 912.69 1985.40 
 494 1897.58 1002.07 1985.40 
 495 1862.60 810.51 1985.40 
 496 1804.62 765.53 1985.40 
 497 1903.48 1032.67 1985.40 
 498 1826.75 1089.42 1985.40 
 499 1747.58 1035.60 1985.40 
 500 1801.86 1010.82 1985.40 
 501 1862.72 947.66 1985.40 
 502 1647.93 1096.85 1985.40 
 503 1828.41 1104.22 1985.40 
 504 1749.29 977.05 1985.40 
 505 1788.15 1055.32 1985.40 
 506 1776.96 926.34 1985.40 
 507 1776.84 952.34 1985.40 
 508 1778.68 1041.35 1985.40 
 509 1873.24 1037.25 1985.40 
 510 1782.42 1087.72 1985.40 
 511 1940.24 1099.87 1985.40 
 512 1931.72 740.58 1985.40 
 513 1707.52 1291.05 1985.40 
 514 1875.93 1370.69 1985.40 
 515 2072.33 825.13 1985.40 
 516 2021.29 621.35 2072.33 
 517 1899.53 893.81 2072.33 
 518 2041.08 1012.03 2072.33 
 519 1903.05 977.77 2072.33 
 520 1919.41 917.24 2072.33 
 521 1811.86 825.93 2072.33 
 522 1840.27 779.38 2072.33 
 523 1893.07 415.14 2072.33 
 524 1856.19 857.21 2072.33 
 525 1714.85 1129.82 2072.33 
 526 1798.97 994.59 2072.33 
 527 1863.66 1059.32 2072.33 
 528 1846.21 1028.55 2072.33 
 529 1903.72 926.52 2072.33 
 530 2041.10 1042.99 2072.33 
 531 1992.26 742.57 2072.33 
 532 2114.73 974.30 2072.33 
 533 2042.88 1246.37 2114.73 
 534 1993.06 769.39 2114.73 
 535 1931.61 1036.37 2114.73 
 536 2040.48 1276.65 2114.73 
 537 1962.48 781.90 2114.73 
 538 2002.94 1384.23 2114.73 
 539 2196.67 770.15 2114.73 
 540 2114.01 1300.62 2196.67 
 541 1978.70 1133.12 2196.67 
 542 1845.70 1193.07 2196.67 
 543 2045.03 1017.61 2196.67 
 544 1902.84 680.98 2196.67 
 545 2087.37 914.40 2196.67 
 546 1962.59 1044.42 2196.67 
 547 1957.42 747.44 2196.67 
 548 2152.49 827.56 2196.67 
 549 2171.78 748.38 2196.67 
 550 2082.74 773.37 2196.67 
 551 2071.78 1154.11 2196.67 
 552 1903.72 1120.51 2196.67 
 553 2101.56 1100.43 2196.67 
 554 2105.55 1289.85 2196.67 
 555 2053.42 806.33 2196.67 
 556 2040.34 1192.63 2196.67 
 557 2102.52 987.33 2196.67 
 558 1983.07 950.82 2196.67 
 559 2070.45 1154.81 2196.67 
 560 2092.40 884.67 2196.67 
 561 2027.26 849.62 2196.67 
 562 2065.79 507.24 2196.67 
 563 2082.69 636.94 2196.67 
 564 2075.19 895.88 2196.67 
 565 2166.42 1081.34 2196.67 
 566 2182.37 1386.49 2196.67 
 567 2249.46 1216.94 2196.67 
 568 2010.29 1419.66 2249.46 
 569 2086.48 1280.33 2249.46 
 570 2232.13 1419.52 2249.46 
 571 2137.01 1264.54 2249.46 
 572 2116.46 1305.34 2249.46 
 573 2142.23 883.98 2249.46 
 574 2137.24 1619.22 2249.46 
 575 2145.00 1146.27 2249.46 
 576 2047.88 1689.49 2249.46 
 577 2085.15 1238.99 2249.46 
 578 1996.43 1320.60 2249.46 
 579 2192.23 1068.07 2249.46 
 580 2206.59 1339.79 2249.46 
 581 2238.69 1206.72 2249.46 
 582 2266.52 931.51 2249.46 
 583 2108.12 595.09 2266.52 
 584 2019.68 836.20 2266.52 
 585 2155.34 1272.49 2266.52 
 586 2121.68 1292.35 2266.52 
 587 2265.30 1025.54 2266.52 
 588 2186.07 1390.04 2266.52 
 589 2191.81 1626.62 2266.52 
 590 2288.87 1250.05 2266.52 
 591 2199.67 1071.63 2288.87 
 592 2206.39 899.07 2288.87 
 593 2145.36 1558.08 2288.87 
 594 2341.86 1151.67 2288.87 
 595 2251.90 1511.63 2341.86 
 596 2383.78 1118.51 2341.86 
 597 2097.59 1427.56 2383.78 
 598 2086.70 1432.12 2383.78 
 599 2130.05 1208.10 2383.78 
 600 2130.61 1614.21 2383.78 
 601 2231.59 1250.07 2383.78 
 602 2263.77 1151.64 2383.78 
 603 2224.17 1254.04 2383.78 
 604 2242.24 1312.40 2383.78 
 605 2460.12 951.38 2383.78 
 606 2128.82 1198.73 2460.12 
 607 2087.47 1560.10 2460.12 
 608 2060.75 1456.97 2460.12 
 609 2153.94 1471.44 2460.12 
 610 2290.36 1353.01 2460.12 
 611 2396.39 1391.46 2460.12 
 612 2227.70 1492.54 2460.12 
 613 2298.16 1164.31 2460.12 
 614 2108.72 1229.55 2460.12 
 615 2367.14 1298.54 2460.12 
 616 2220.11 1308.27 2460.12 
 617 2329.58 1069.03 2460.12 
 618 2162.41 1327.88 2460.12 
 619 2344.38 1162.00 2460.12 
 620 2386.14 1114.64 2460.12 
 621 2118.87 1281.80 2460.12 
 622 2347.37 1437.49 2460.12 
 623 2221.45 1343.57 2460.12 
 624 2205.51 1652.20 2460.12 
 625 2323.13 1533.29 2460.12 
 626 2125.59 1598.98 2460.12 
 627 2236.64 1669.27 2460.12 
 628 2438.09 1760.41 2460.12 
 629 2268.12 1287.44 2460.12 
 630 2413.61 1714.76 2460.12 
 631 2340.40 1581.88 2460.12 
 632 2223.28 1590.72 2460.12 
 633 2190.56 1462.60 2460.12 
 634 2277.75 1615.20 2460.12 
 635 2227.62 1296.03 2460.12 
 636 2263.60 1268.73 2460.12 
 637 2349.20 1443.19 2460.12 
 638 2412.40 1333.13 2460.12 
 639 2377.21 1331.76 2460.12 
 640 2459.11 1132.82 2460.12 
 641 2298.81 908.29 2460.12 
 642 2423.39 1805.29 2460.12 
 643 2478.99 1519.66 2460.12 
 644 2403.97 1475.85 2478.99 
 645 2436.71 1644.76 2478.99 
 646 2454.82 1648.32 2478.99 
 647 2359.83 1440.29 2478.99 
 648 2453.01 1731.71 2478.99 
 649 2317.33 1247.30 2478.99 
 650 2499.05 1847.46 2478.99 
 651 2376.68 1585.22 2499.05 
 652 2452.74 1365.61 2499.05 
 653 2421.64 1749.85 2499.05 
 654 2421.94 1267.74 2499.05 
 655 2442.57 1357.05 2499.05 
 656 2318.63 1613.43 2499.05 
 657 2512.98 1412.91 2499.05 
 658 2392.13 1254.00 2512.98 
 659 2479.99 1349.39 2512.98 
 660 2510.42 1765.11 2512.98 
 661 2242.38 1487.18 2512.98 
 662 2413.10 1184.71 2512.98 
 663 2676.37 1565.17 2512.98 
 664 2520.78 1040.41 2676.37 
 665 2583.57 989.40 2676.37 
 666 2525.08 1064.62 2676.37 
 667 2527.00 949.76 2676.37 
 668 2450.27 900.49 2676.37 
 669 2605.73 1119.61 2676.37 
 670 2542.62 1181.97 2676.37 
 671 2509.57 814.04 2676.37 
 672 2539.58 846.74 2676.37 
 673 2429.62 941.74 2676.37 
 674 2327.88 1078.28 2676.37 
 675 2459.76 874.98 2676.37 
 676 2479.32 1026.12 2676.37 
 677 2465.96 1239.32 2676.37 
 678 2470.81 1045.99 2676.37 
 679 2642.58 1187.08 2676.37 
 680 2561.80 1453.25 2676.37 
 681 2643.03 1225.46 2676.37 
 682 2529.80 1531.56 2676.37 
 683 2582.96 1120.41 2676.37 
 684 2529.43 1276.40 2676.37 
 685 2594.18 1255.31 2676.37 
 686 2496.70 1351.02 2676.37 
 687 2515.31 1569.77 2676.37 
 688 2574.12 1577.87 2676.37 
 689 2548.78 1105.47 2676.37 
 690 2550.42 1355.48 2676.37 
 691 2535.11 1376.63 2676.37 
 692 2478.26 1928.95 2676.37 
 693 2452.31 1167.05 2676.37 
 694 2403.16 1230.47 2676.37 
 695 2681.82 1194.66 2676.37 
 696 2560.75 1361.16 2681.82 
 697 2412.30 1167.87 2681.82 
 698 2333.82 1190.96 2681.82 
 699 2422.75 1291.80 2681.82 
 700 2557.93 990.54 2681.82 
 701 2535.77 1116.13 2681.82 
 702 2637.54 1163.76 2681.82 
 703 2668.85 956.87 2681.82 
 704 2547.89 1289.06 2681.82 
 705 2686.08 1172.26 2681.82 
 706 2736.73 1657.40 2686.08 
 707 2597.71 1683.71 2736.73 
 708 2629.01 1348.53 2736.73 
 709 2410.97 1848.04 2736.73 
 710 2640.76 1831.22 2736.73 
 711 2793.74 1769.36 2736.73 
 712 2555.54 1852.08 2793.74 
 713 2636.89 1682.23 2793.74 
 714 2650.89 1354.11 2793.74 
 715 2765.71 1816.58 2793.74 
 716 2741.66 1958.97 2793.74 
 717 2753.59 1871.79 2793.74 
 718 2693.44 1619.10 2793.74 
 719 2678.32 2122.62 2793.74 
 720 2742.18 2195.23 2793.74 
 721 2518.96 1935.56 2793.74 
 722 2749.22 2107.92 2793.74 
 723 2757.49 1981.90 2793.74 
 724 2594.58 2179.49 2793.74 
 725 2695.20 1991.30 2793.74 
 726 2674.85 1998.00 2793.74 
 727 2731.72 2144.11 2793.74 
 728 2677.51 2126.64 2793.74 
 729 2761.91 2015.23 2793.74 
 730 2778.54 2221.13 2793.74 
 731 2811.61 2265.16 2793.74 
 732 2678.69 2239.06 2811.61 
 733 2722.20 2206.20 2811.61 
 734 2619.83 1731.20 2811.61 
 735 2539.41 2028.46 2811.61 
 736 2550.15 1974.91 2811.61 
 737 2784.69 1990.44 2811.61 
 738 2662.68 2032.52 2811.61 
 739 2626.10 2270.84 2811.61 
 740 2867.97 2290.85 2811.61 
 741 2679.60 2047.97 2867.97 
 742 2699.20 2234.38 2867.97 
 743 2779.88 2070.71 2867.97 
 744 2802.15 1941.96 2867.97 
 745 2628.12 1873.11 2867.97 
 746 2679.98 1824.73 2867.97 
 747 2787.80 2121.12 2867.97 
 748 2803.83 1982.24 2867.97 
 749 2710.42 1984.23 2867.97 
 750 2950.50 1957.02 2867.97 
 751 2813.33 2077.35 2950.50 
 752 2736.92 2308.43 2950.50 
 753 2774.86 2099.04 2950.50 
 754 2749.98 1999.45 2950.50 
 755 2687.56 1976.41 2950.50 
 756 2587.43 2106.92 2950.50 
 757 2468.65 1835.53 2950.50 
 758 2536.13 1968.42 2950.50 
 759 2543.44 2081.11 2950.50 
 760 2514.92 1857.80 2950.50 
 761 2697.42 1823.09 2950.50 
 762 2670.22 1863.16 2950.50 
 763 2622.11 1713.20 2950.50 
 764 2751.65 1881.13 2950.50 
 765 2739.58 1947.69 2950.50 
 766 2743.69 2311.51 2950.50 
 767 2639.31 2179.72 2950.50 
 768 2739.79 1902.41 2950.50 
 769 2985.41 2038.60 2950.50 
 770 2702.80 1933.43 2985.41 
 771 2851.48 1859.17 2985.41 
 772 2869.39 1845.42 2985.41 
 773 2931.59 1995.60 2985.41 
 774 2803.05 1895.16 2985.41 
 775 2772.13 2033.64 2985.41 
 776 2731.94 1660.69 2985.41 
 777 2602.24 1997.99 2985.41 
 778 2750.08 1856.50 2985.41 
 779 2811.81 2281.15 2985.41 
 780 2590.93 1978.78 2985.41 
 781 2686.32 2313.25 2985.41 
 782 2806.35 2446.54 2985.41 
 783 2822.49 2349.96 2985.41 
 784 2732.41 1993.57 2985.41 
 785 2765.81 1841.61 2985.41 
 786 2633.86 1987.82 2985.41 
 787 2674.42 1722.70 2985.41 
 788 2776.05 2109.83 2985.41 
 789 2918.63 2021.26 2985.41 
 790 3020.05 1963.12 2985.41 
 791 2802.72 1801.15 3020.05 
 792 2860.92 2118.83 3020.05 
 793 2694.24 2060.94 3020.05 
 794 2824.34 2205.44 3020.05 
 795 2858.63 2326.57 3020.05 
 796 2623.27 2022.49 3020.05 
 797 2949.67 2215.63 3020.05 
 798 2947.47 2305.93 3020.05 
 799 3058.16 2290.54 3020.05 
