Iter | Sampling Pol | Evaluation Pol | Best (Sampled) 
   0 -4.44 -6.09 -100000000.00 
   1 -5.06 -5.83 -4.44 
   2 -5.64 -5.66 -4.44 
   3 -5.59 -5.28 -4.44 
   4 -5.16 -5.18 -4.44 
   5 -4.97 -5.01 -4.44 
   6 -4.24 -5.21 -4.44 
   7 -5.09 -5.22 -4.24 
   8 -4.53 -4.86 -4.24 
   9 -3.16 -4.80 -4.24 
  10 -4.15 -4.85 -3.16 
  11 -4.02 -5.01 -3.16 
  12 -3.84 -4.89 -3.16 
  13 -4.09 -4.51 -3.16 
  14 -4.14 -4.69 -3.16 
  15 -3.96 -4.55 -3.16 
  16 -4.52 -4.78 -3.16 
  17 -3.44 -4.61 -3.16 
  18 -2.23 -4.52 -3.16 
  19 -3.79 -4.46 -2.23 
  20 -3.55 -4.52 -2.23 
  21 -3.10 -4.37 -2.23 
  22 -3.63 -4.26 -2.23 
  23 -3.35 -1.69 -2.23 
  24 -3.45 -3.78 -2.23 
  25 -3.73 -3.82 -2.23 
  26 -2.51 -3.40 -2.23 
  27 -2.15  1.02 -2.23 
  28 -2.72 -4.27 -2.15 
  29 -3.24 -4.30 -2.15 
  30 -0.42 -3.83 -2.15 
  31 -2.41 -3.64 -0.42 
  32 -3.18 -3.56 -0.42 
  33 -2.56 -2.14 -0.42 
  34 -2.44 -3.16 -0.42 
  35 -2.61 -3.15 -0.42 
  36 -3.60 -2.68 -0.42 
  37 -1.93  1.34 -0.42 
  38 -3.25  0.41 -0.42 
  39 -2.52  1.76 -0.42 
  40 -2.85  0.10 -0.42 
  41 -2.11 -0.65 -0.42 
  42 -1.25 -1.27 -0.42 
  43 -1.37  0.70 -0.42 
  44 -1.05 -1.67 -0.42 
  45 -1.16 -2.03 -0.42 
  46 -2.31 -0.49 -0.42 
  47 -2.20 -1.08 -0.42 
  48 -1.48 -2.95 -0.42 
  49 -0.52 -0.99 -0.42 
  50 -1.47 -0.50 -0.42 
  51  0.55 -1.01 -0.42 
  52  0.12 -2.38  0.55 
  53  0.55 -1.69  0.55 
  54  2.99 -1.09  0.55 
  55  1.44 -0.55  2.99 
  56  1.20 -2.46  2.99 
  57  0.92 -3.40  2.99 
  58  1.29 -1.04  2.99 
  59  1.45 -1.44  2.99 
  60  1.40 -1.04  2.99 
  61  0.97 -1.69  2.99 
  62  1.54 -0.49  2.99 
  63  0.68  0.64  2.99 
  64  2.98 -3.20  2.99 
  65  2.36  0.57  2.99 
  66  3.58 -2.00  2.99 
  67  2.93 -0.10  3.58 
  68  4.35  2.95  3.58 
  69  3.80 -0.26  4.35 
  70  3.99 -0.56  4.35 
  71  3.70  1.81  4.35 
  72  1.92  2.06  4.35 
  73  2.06  2.21  4.35 
  74  1.26  8.21  4.35 
  75  4.61 13.14  4.35 
  76  5.71 -2.09  4.61 
  77  7.98 -2.43  5.71 
  78  4.58 -1.18  7.98 
  79  1.83 -2.28  7.98 
  80  4.72 -3.37  7.98 
  81  7.27 -3.63  7.98 
  82  5.82 -2.88  7.98 
  83 11.42 -3.98  7.98 
  84 10.34  0.44 11.42 
  85  4.01 -3.05 11.42 
  86  9.56  7.06 11.42 
  87  8.35 -3.33 11.42 
  88 13.18 -2.50 11.42 
  89  9.15 -2.86 13.18 
  90  7.53 -3.20 13.18 
  91 13.81  2.36 13.18 
  92 10.83 -0.25 13.81 
  93  8.93  5.00 13.81 
  94  7.75  7.46 13.81 
  95 11.90  1.84 13.81 
  96  9.87  1.15 13.81 
  97 14.13 11.43 13.81 
  98  9.88 14.83 14.13 
  99 11.05 17.58 14.13 
 100 13.24  9.67 14.13 
 101 21.79  7.93 14.13 
 102 10.11 20.94 21.79 
 103 12.87  7.04 21.79 
 104  9.43 11.01 21.79 
 105 11.80 10.78 21.79 
 106 13.64 11.07 21.79 
 107 12.14 11.62 21.79 
 108 12.52 12.89 21.79 
 109 15.34  8.11 21.79 
 110 12.85 16.68 21.79 
 111 15.28 12.70 21.79 
 112 10.44 35.35 21.79 
 113 12.93 34.65 21.79 
 114 19.55 19.20 21.79 
 115 11.47 50.28 21.79 
 116 14.50 28.52 21.79 
 117 16.86 26.71 21.79 
 118 12.78 14.58 21.79 
 119 12.45 23.43 21.79 
 120 13.32 22.29 21.79 
 121 11.97 16.82 21.79 
 122  9.22 22.57 21.79 
 123 12.81 21.07 21.79 
 124 14.84 20.99 21.79 
 125 14.17 13.32 21.79 
 126 17.41 15.33 21.79 
 127 19.03 18.49 21.79 
 128 14.46 21.57 21.79 
 129 17.53 19.72 21.79 
 130 17.05 12.74 21.79 
 131 16.77 21.48 21.79 
 132 19.27 18.29 21.79 
 133 21.46 25.77 21.79 
 134 17.55 18.74 21.79 
 135 23.21 24.20 21.79 
 136 22.24 15.56 23.21 
 137 20.00 21.73 23.21 
 138 12.02 23.26 23.21 
 139 15.45 17.86 23.21 
 140 17.11 17.36 23.21 
 141 18.19 22.28 23.21 
 142 15.28 23.37 23.21 
 143 19.69 18.74 23.21 
 144 21.23 19.57 23.21 
 145 22.73 16.56 23.21 
 146 24.39 14.86 23.21 
 147 25.00 17.24 24.39 
 148 28.60 21.56 25.00 
 149 17.82 29.90 28.60 
 150 30.74 25.44 28.60 
 151 25.37 30.22 30.74 
 152 30.03 32.30 30.74 
 153 25.53 25.75 30.74 
 154 30.56 22.50 30.74 
 155 27.93 28.00 30.74 
 156 27.77 27.05 30.74 
 157 30.29 22.13 30.74 
 158 21.60 30.06 30.74 
 159 45.01 31.89 30.74 
 160 30.45 24.70 45.01 
 161 37.35 25.74 45.01 
 162 23.01 29.31 45.01 
 163 32.27 27.61 45.01 
 164 46.48 24.01 45.01 
 165 28.89 27.30 46.48 
 166 34.08 31.80 46.48 
 167 41.98 26.87 46.48 
 168 40.96 23.14 46.48 
 169 31.89 16.22 46.48 
 170 37.85 18.27 46.48 
 171 27.90 16.96 46.48 
 172 34.05 21.64 46.48 
 173 34.91 26.50 46.48 
 174 30.89 18.86 46.48 
 175 44.57 20.44 46.48 
 176 33.20 19.35 46.48 
 177 28.48 15.76 46.48 
 178 30.06 25.02 46.48 
 179 57.72 29.56 46.48 
 180 41.59 33.14 57.72 
 181 46.28 36.95 57.72 
 182 45.17 28.41 57.72 
 183 48.66 34.80 57.72 
 184 40.86 29.46 57.72 
 185 41.43 35.45 57.72 
 186 29.91 26.49 57.72 
 187 52.02 30.82 57.72 
 188 42.70 37.10 57.72 
 189 51.01 34.50 57.72 
 190 39.26 39.93 57.72 
 191 52.67 45.97 57.72 
 192 39.52 44.44 57.72 
 193 48.26 67.19 57.72 
 194 34.97 38.94 57.72 
 195 65.43 43.21 57.72 
 196 34.82 46.64 65.43 
 197 39.68 137.71 65.43 
 198 38.37 105.84 65.43 
 199 51.72 115.83 65.43 
 200 49.29 85.53 65.43 
 201 51.80 70.64 65.43 
 202 42.00 74.97 65.43 
 203 50.34 69.11 65.43 
 204 62.47 42.83 65.43 
 205 49.48 54.08 65.43 
 206 57.69 74.57 65.43 
 207 65.23 29.05 65.43 
 208 64.65 49.30 65.43 
 209 63.09 76.47 65.43 
 210 62.87 72.40 65.43 
 211 70.29 52.35 65.43 
 212 67.75 101.85 70.29 
 213 66.68 63.33 70.29 
 214 55.84 115.71 70.29 
 215 81.08 49.69 70.29 
 216 72.04 75.58 81.08 
 217 80.07 66.64 81.08 
 218 86.12 84.57 81.08 
 219 81.35 103.78 86.12 
 220 57.45 94.69 86.12 
 221 73.65 61.43 86.12 
 222 71.82 75.85 86.12 
 223 71.74 60.74 86.12 
 224 63.77 54.91 86.12 
 225 86.74 52.73 86.12 
 226 59.14 56.07 86.74 
 227 82.25 38.11 86.74 
 228 78.36 71.58 86.74 
 229 74.07 50.03 86.74 
 230 64.60 81.75 86.74 
 231 91.69 46.83 86.74 
 232 92.99 98.29 91.69 
 233 70.35 34.37 92.99 
 234 81.49 30.46 92.99 
 235 84.03 43.20 92.99 
 236 99.09 94.10 92.99 
 237 109.92 33.49 99.09 
 238 91.08 36.12 109.92 
 239 96.81 21.03 109.92 
 240 88.53 27.23 109.92 
 241 102.35 41.99 109.92 
 242 114.56 62.92 109.92 
 243 110.56 45.44 114.56 
 244 105.14 57.53 114.56 
 245 121.42 69.48 114.56 
 246 110.40 81.70 121.42 
 247 130.03 44.09 121.42 
 248 167.99 46.48 130.03 
 249 83.12 72.08 167.99 
 250 117.97 76.61 167.99 
 251 142.97 79.38 167.99 
 252 105.40 95.69 167.99 
 253 130.68 61.18 167.99 
 254 138.55 56.58 167.99 
 255 136.42 114.09 167.99 
 256 131.65 72.95 167.99 
 257 146.26 92.12 167.99 
 258 157.51 71.83 167.99 
 259 131.35 108.62 167.99 
 260 150.63 53.98 167.99 
 261 151.92 175.69 167.99 
 262 122.60 131.22 167.99 
 263 103.67 191.62 167.99 
 264 133.01 107.14 167.99 
 265 142.72 104.87 167.99 
 266 102.81 99.07 167.99 
 267 190.73 187.94 167.99 
 268 180.43 36.92 190.73 
 269 172.50 66.99 190.73 
 270 120.36 83.59 190.73 
 271 143.67 121.60 190.73 
 272 203.23 113.28 190.73 
 273 204.98 123.95 203.23 
 274 182.35 175.32 204.98 
 275 212.26 187.10 204.98 
 276 201.76 184.15 212.26 
 277 167.16 219.14 212.26 
 278 173.99 101.70 212.26 
 279 208.48 171.38 212.26 
 280 168.08 172.42 212.26 
 281 143.55 132.58 212.26 
 282 209.84 117.03 212.26 
 283 179.74 127.96 212.26 
 284 195.53 150.11 212.26 
 285 178.76 113.10 212.26 
 286 162.12 62.53 212.26 
 287 244.89 146.13 212.26 
 288 219.30 82.21 244.89 
 289 191.49 246.80 244.89 
 290 194.50 229.08 244.89 
 291 254.97 192.55 244.89 
 292 260.36 141.22 254.97 
 293 296.72 211.60 260.36 
 294 226.47 126.25 296.72 
 295 239.72 150.24 296.72 
 296 271.30 96.20 296.72 
 297 282.39 257.19 296.72 
 298 241.25 167.51 296.72 
 299 215.52 208.20 296.72 
 276 173.86 161.64 -100000000.00 
 277 170.26 152.45 173.86 
 278 167.65 149.27 173.86 
 279 167.81 78.17 173.86 
 280 211.53 124.94 173.86 
 281 193.01 130.00 211.53 
 282 185.49 117.13 211.53 
 283 168.26 121.96 211.53 
 284 191.19 96.52 211.53 
 285 200.88 174.43 211.53 
 286 170.35 170.55 211.53 
 287 185.43 55.16 211.53 
 288 175.94 129.59 211.53 
 289 194.97 90.79 211.53 
 290 228.23 143.82 211.53 
 291 169.50 119.77 228.23 
 292 122.42 114.17 228.23 
 293 207.53 47.77 228.23 
 294 239.92 89.45 228.23 
 295 173.66 53.82 239.92 
 296 237.88 154.82 239.92 
 297 216.51 36.33 239.92 
 298 251.70 25.56 239.92 
 299 263.68 57.04 251.70 
 300 214.60 24.30 263.68 
 301 285.91 69.42 263.68 
 302 187.58 44.41 285.91 
 303 233.80 92.04 285.91 
 304 235.67 40.05 285.91 
 305 236.41 56.43 285.91 
 306 240.87 57.15 285.91 
 307 294.79 79.42 285.91 
 308 248.17 83.01 294.79 
 309 221.91 82.11 294.79 
 310 219.03 47.56 294.79 
 311 281.28 42.88 294.79 
 312 254.61 170.12 294.79 
 313 210.11 99.66 294.79 
 314 232.15 67.53 294.79 
 315 256.36 88.38 294.79 
 316 300.89 109.85 294.79 
 317 334.51 62.16 300.89 
 318 270.87 77.81 334.51 
 319 341.63 49.85 334.51 
 320 354.68 77.81 341.63 
 321 297.40 47.90 354.68 
 322 303.76 49.87 354.68 
 323 248.22 23.71 354.68 
 324 297.68 75.67 354.68 
 325 337.22 127.55 354.68 
 326 330.36 64.40 354.68 
 327 297.46 84.48 354.68 
 328 306.75 32.64 354.68 
 329 368.40 181.84 354.68 
 330 409.05 137.15 368.40 
 331 377.99 183.75 409.05 
 332 453.53 110.01 409.05 
 333 377.08 126.06 453.53 
 334 390.10 147.74 453.53 
 335 363.54 32.93 453.53 
 336 399.81 111.58 453.53 
 337 441.51 169.96 453.53 
 338 428.19 205.91 453.53 
 339 408.89 224.13 453.53 
 340 454.37 264.09 453.53 
 341 373.45 130.83 454.37 
 342 429.99 125.99 454.37 
 343 390.43 66.22 454.37 
 344 418.12 167.75 454.37 
 345 317.59 186.72 454.37 
 346 415.47 132.08 454.37 
 347 470.16 89.16 454.37 
 348 502.31 111.94 470.16 
 349 432.20 139.26 502.31 
 350 434.69 254.81 502.31 
 351 454.55 124.41 502.31 
 352 496.60 233.94 502.31 
 353 542.81 338.23 502.31 
 354 555.12 265.36 542.81 
 355 453.80 260.72 555.12 
 356 447.16 393.05 555.12 
 357 424.62 232.48 555.12 
 358 493.73 340.05 555.12 
 359 491.14 260.88 555.12 
 360 542.32 153.96 555.12 
 361 454.22 225.76 555.12 
 362 588.49 206.44 555.12 
 363 577.29 158.28 588.49 
 364 536.97 243.94 588.49 
 365 545.20 237.11 588.49 
 366 515.23 172.53 588.49 
 367 534.70 116.07 588.49 
 368 551.98 170.61 588.49 
 369 507.91 184.33 588.49 
 370 517.10 144.90 588.49 
 371 611.96 169.23 588.49 
 372 541.61 222.40 611.96 
 373 617.86 253.58 611.96 
 374 632.36 298.07 617.86 
 375 645.86 393.65 632.36 
 376 598.79 222.28 645.86 
 377 672.76 209.66 645.86 
 378 646.28 260.72 672.76 
 379 665.36 216.57 672.76 
 380 606.34 275.28 672.76 
 381 613.04 215.95 672.76 
 382 652.80 186.89 672.76 
 383 537.73 305.96 672.76 
 384 630.70 320.48 672.76 
 385 644.39 204.81 672.76 
 386 710.98 328.09 672.76 
 387 673.79 507.09 710.98 
 388 742.02 365.88 710.98 
 389 582.43 454.17 742.02 
 390 674.51 270.15 742.02 
 391 680.97 271.80 742.02 
 392 534.24 382.02 742.02 
 393 718.71 528.15 742.02 
 394 660.10 336.51 742.02 
 395 725.98 346.14 742.02 
 396 647.31 296.54 742.02 
 397 692.60 378.35 742.02 
 398 617.27 477.78 742.02 
 399 682.81 444.23 742.02 
 400 624.17 311.27 742.02 
 401 723.58 385.29 742.02 
 402 702.49 309.49 742.02 
 403 754.93 392.23 742.02 
 404 753.57 421.70 754.93 
 405 810.24 265.34 754.93 
 406 786.43 309.56 810.24 
 407 710.44 342.86 810.24 
 408 655.41 343.50 810.24 
 409 768.66 312.52 810.24 
 410 757.34 348.82 810.24 
 411 832.73 452.83 810.24 
 412 708.56 417.29 832.73 
 413 885.02 383.22 832.73 
 414 861.12 329.45 885.02 
 415 793.98 368.85 885.02 
 416 841.27 349.53 885.02 
 417 926.88 359.25 885.02 
 418 846.11 252.28 926.88 
 419 785.82 319.02 926.88 
 420 873.59 294.67 926.88 
 421 856.92 197.07 926.88 
 422 1021.84 333.14 926.88 
 423 917.15 262.85 1021.84 
 424 958.67 320.79 1021.84 
 425 811.25 265.32 1021.84 
 426 865.82 445.80 1021.84 
 427 840.83 482.37 1021.84 
 428 931.94 462.12 1021.84 
 429 841.04 414.45 1021.84 
 430 1079.45 357.77 1021.84 
 431 810.35 327.40 1079.45 
 432 871.96 276.07 1079.45 
 433 873.94 402.77 1079.45 
 434 954.07 427.63 1079.45 
 435 947.06 391.05 1079.45 
 436 967.61 348.65 1079.45 
 437 925.42 438.52 1079.45 
 438 988.93 303.69 1079.45 
 439 919.52 380.36 1079.45 
 440 1049.26 375.41 1079.45 
 441 1080.70 444.62 1079.45 
 442 1038.41 545.36 1080.70 
 443 1026.67 372.32 1080.70 
 444 1022.66 462.82 1080.70 
 445 907.31 570.72 1080.70 
 446 1025.39 686.58 1080.70 
 447 991.08 568.89 1080.70 
 448 1043.17 604.29 1080.70 
 449 1021.98 428.02 1080.70 
 450 1095.03 434.87 1080.70 
 451 1079.18 380.28 1095.03 
 452 1197.74 385.67 1095.03 
 453 1093.35 529.16 1197.74 
 454 1085.81 372.30 1197.74 
 455 1216.39 451.66 1197.74 
 456 1214.38 511.60 1216.39 
 457 1289.38 386.62 1216.39 
 458 1069.65 434.82 1289.38 
 459 1259.06 482.63 1289.38 
 460 1128.60 445.05 1289.38 
 461 1115.48 383.17 1289.38 
 462 998.66 257.77 1289.38 
 463 1284.34 358.85 1289.38 
 464 1247.16 476.32 1289.38 
 465 1313.42 451.51 1289.38 
 466 1244.73 437.77 1313.42 
 467 1143.98 495.08 1313.42 
 468 1194.32 655.64 1313.42 
 469 1227.69 681.00 1313.42 
 470 1152.31 737.21 1313.42 
 471 1240.32 587.67 1313.42 
 472 1320.32 598.81 1313.42 
 473 1138.02 541.42 1320.32 
 474 1037.74 639.55 1320.32 
 475 1177.82 662.69 1320.32 
 476 1287.78 415.67 1320.32 
 477 1176.38 703.77 1320.32 
 478 1150.41 635.38 1320.32 
 479 1192.61 654.52 1320.32 
 480 1212.43 571.68 1320.32 
 481 1160.36 675.48 1320.32 
 482 1341.42 580.86 1320.32 
 483 1245.87 723.77 1341.42 
 484 1154.40 789.79 1341.42 
 485 1179.61 744.15 1341.42 
 486 1227.60 864.78 1341.42 
 487 1289.13 747.43 1341.42 
 488 1410.53 665.00 1341.42 
 489 1432.65 873.61 1410.53 
 490 1108.36 747.78 1432.65 
 491 1201.03 962.97 1432.65 
 492 1340.88 717.81 1432.65 
 493 1306.90 715.43 1432.65 
 494 1403.38 757.36 1432.65 
 495 1311.45 607.90 1432.65 
 496 1358.39 563.02 1432.65 
 497 1338.70 700.30 1432.65 
 498 1212.07 798.93 1432.65 
 499 1294.24 682.34 1432.65 
