Iter | Sampling Pol | Evaluation Pol | Best (Sampled) 
   0 -4.93 -2.18 -100000000.00 
   1 -4.59 -4.52 -4.93 
   2 -4.45 -3.55 -4.59 
   3 -4.26 -2.82 -4.45 
   4 -2.86 -0.48 -4.26 
   5 -4.12 -1.18 -2.86 
   6 -3.69 -4.38 -2.86 
   7 -3.43 -3.83 -2.86 
   8 -3.97 -3.55 -2.86 
   9 -3.04  1.96 -2.86 
  10 -2.76 -2.78 -2.86 
  11 -3.13 -3.18 -2.76 
  12 -3.00 -3.48 -2.76 
  13 -3.13 -0.38 -2.76 
  14 -2.15 -0.33 -2.76 
  15 -2.22 -1.97 -2.15 
  16 -2.21 -3.12 -2.15 
  17 -2.48 -2.29 -2.15 
  18  2.58 -0.63 -2.15 
  19  0.42 -1.47  2.58 
  20  0.97 -2.35  2.58 
  21 -0.66 -2.93  2.58 
  22  0.58 -2.50  2.58 
  23  2.02 -1.14  2.58 
  24 -0.61 -2.75  2.58 
  25  1.67 -0.52  2.58 
  26  6.64  0.11  2.58 
  27  3.70 -0.05  6.64 
  28  3.34  2.87  6.64 
  29  3.20  3.59  6.64 
  30  2.31 -2.74  6.64 
  31  3.29 -1.76  6.64 
  32  7.82  5.72  6.64 
  33  4.65 -2.99  7.82 
  34  4.61 -3.98  7.82 
  35 10.45 -3.89  7.82 
  36 15.42 -1.79 10.45 
  37  8.37 -2.13 15.42 
  38  7.75 -2.45 15.42 
  39 12.72 -0.65 15.42 
  40 11.27 -1.05 15.42 
  41 10.08  2.48 15.42 
  42  7.55 -1.99 15.42 
  43 21.21  1.34 15.42 
  44 13.97 -0.50 21.21 
  45 11.37  5.49 21.21 
  46 13.47  1.95 21.21 
  47 11.23  0.17 21.21 
  48 18.81  4.45 21.21 
  49 25.61  7.21 21.21 
  50 22.34  6.51 25.61 
  51 17.42 15.14 25.61 
  52 14.99 11.26 25.61 
  53 24.97 13.80 25.61 
  54 29.82  7.34 25.61 
  55 31.40  2.99 29.82 
  56 27.76  2.91 31.40 
  57 28.31  9.54 31.40 
  58 46.26 26.74 31.40 
  59 26.39 23.47 46.26 
  60 41.18 43.26 46.26 
  61 41.98 30.16 46.26 
  62 41.53 38.55 46.26 
  63 43.03 52.76 46.26 
  64 60.26 32.32 46.26 
  65 53.25 22.18 60.26 
  66 65.23 30.70 60.26 
  67 35.81 17.40 65.23 
  68 37.42 40.80 65.23 
  69 46.17 23.46 65.23 
  70 55.71 26.02 65.23 
  71 58.49 35.53 65.23 
  72 71.34 71.45 65.23 
  73 90.08 59.18 71.34 
  74 66.82 91.66 90.08 
  75 76.24 121.63 90.08 
  76 70.87 134.91 90.08 
  77 63.91 82.18 90.08 
  78 79.45 109.68 90.08 
  79 68.05 78.34 90.08 
  80 71.37 61.96 90.08 
  81 94.78 116.06 90.08 
  82 98.14 80.98 94.78 
  83 78.46 148.19 98.14 
  84 102.31 84.28 98.14 
  85 105.33 85.55 102.31 
  86 140.32 108.82 105.33 
  87 133.49 117.85 140.32 
  88 122.08 73.58 140.32 
  89 151.28 79.38 140.32 
  90 104.41 103.00 151.28 
  91 97.55 109.04 151.28 
  92 130.25 94.56 151.28 
  93 133.31 128.81 151.28 
  94 149.19 147.42 151.28 
  95 153.71 153.65 151.28 
  96 183.37 124.47 153.71 
  97 149.51 114.90 183.37 
  98 199.93 126.13 183.37 
  99 205.54 158.31 199.93 
 100 205.19 77.17 205.54 
 101 201.29 74.50 205.54 
 102 235.51 159.02 205.54 
 103 252.05 131.68 235.51 
 104 210.99 153.39 252.05 
 105 266.15 133.58 252.05 
 106 282.31 119.37 266.15 
 107 307.04 59.55 282.31 
 108 249.29 317.49 307.04 
 109 288.57 186.34 307.04 
 110 294.05 230.53 307.04 
 111 314.71 201.67 307.04 
 112 274.37 173.87 314.71 
 113 281.41 167.97 314.71 
 114 364.10 286.26 314.71 
 115 322.73 283.81 364.10 
 116 330.33 364.81 364.10 
 117 405.53 299.60 364.10 
 118 365.64 296.03 405.53 
 119 416.70 235.43 405.53 
 120 392.13 439.46 416.70 
 121 414.48 301.61 416.70 
 122 440.24 392.98 416.70 
 123 437.09 482.26 440.24 
 124 382.41 423.39 440.24 
 125 535.85 508.28 440.24 
 126 474.31 332.60 535.85 
 127 441.92 207.83 535.85 
 128 536.25 210.52 535.85 
 129 512.70 203.90 536.25 
 130 558.31 280.75 536.25 
 131 475.26 446.56 558.31 
 132 547.70 224.29 558.31 
 133 595.84 329.26 558.31 
 134 624.27 250.68 595.84 
 135 549.03 235.23 624.27 
 136 514.48 273.13 624.27 
 137 626.16 306.55 624.27 
 138 744.00 261.30 626.16 
 139 753.34 257.73 744.00 
 140 681.14 219.12 753.34 
 141 750.19 369.42 753.34 
 142 725.52 376.02 753.34 
 143 747.40 409.36 753.34 
 144 708.44 576.57 753.34 
 145 669.42 616.43 753.34 
 146 736.68 548.87 753.34 
 147 857.61 577.35 753.34 
 148 856.22 628.38 857.61 
 149 851.20 668.53 857.61 
 150 944.27 520.66 857.61 
 151 840.51 658.68 944.27 
 152 874.15 780.40 944.27 
 153 815.21 734.06 944.27 
 154 965.87 896.35 944.27 
 155 942.67 696.72 965.87 
 156 918.85 1046.60 965.87 
 157 1027.32 811.08 965.87 
 158 1017.01 850.80 1027.32 
 159 1115.58 930.50 1027.32 
 160 1075.20 950.17 1115.58 
 161 1112.35 959.65 1115.58 
 162 1147.10 934.70 1115.58 
 163 1274.84 784.70 1147.10 
 164 1154.72 948.02 1274.84 
 165 1195.55 1068.41 1274.84 
 166 1190.85 895.54 1274.84 
 167 1087.77 830.21 1274.84 
 168 1242.98 935.24 1274.84 
 169 1293.14 634.88 1274.84 
 170 1108.65 1002.65 1293.14 
 171 1234.71 826.29 1293.14 
 172 1332.55 691.39 1293.14 
 173 1331.18 870.09 1332.55 
 174 1429.44 1025.75 1332.55 
 175 1368.84 793.70 1429.44 
 176 1400.18 781.10 1429.44 
 177 1231.18 760.87 1429.44 
 178 1404.12 749.55 1429.44 
 179 1414.45 878.66 1429.44 
 180 1312.03 954.17 1429.44 
 181 1605.05 1061.03 1429.44 
 182 1389.30 1127.63 1605.05 
 183 1489.55 1130.01 1605.05 
 184 1607.73 1003.23 1605.05 
 185 1593.75 1219.82 1607.73 
 186 1593.25 1113.26 1607.73 
 187 1547.93 1418.07 1607.73 
 188 1610.91 1376.68 1607.73 
 189 1597.28 1352.89 1610.91 
 190 1725.72 1376.15 1610.91 
 191 1664.13 1362.45 1725.72 
 192 1616.13 1036.39 1725.72 
 193 1669.50 1088.06 1725.72 
 194 1699.61 1263.77 1725.72 
 195 1766.22 1308.46 1725.72 
 196 1750.99 1257.37 1766.22 
 197 1706.07 1450.51 1766.22 
 198 1700.73 1263.76 1766.22 
 199 1736.80 1181.69 1766.22 
 200 1715.30 1268.76 1766.22 
 201 1789.60 1028.67 1766.22 
 202 1838.22 1132.58 1789.60 
 203 1996.17 1367.23 1838.22 
 204 1903.41 1456.15 1996.17 
 205 1986.15 1182.32 1996.17 
 206 2019.19 1151.90 1996.17 
 207 1863.14 1335.07 2019.19 
 208 2045.32 1497.75 2019.19 
 209 1831.16 1328.18 2045.32 
 210 2030.70 1517.15 2045.32 
 211 2046.83 1236.70 2045.32 
 212 2013.47 1506.89 2046.83 
 213 2090.22 1744.75 2046.83 
 214 1967.56 1365.85 2090.22 
 215 1868.48 1626.62 2090.22 
 216 2074.91 1180.97 2090.22 
 217 2004.98 1210.37 2090.22 
 218 2152.91 1015.02 2090.22 
 219 2053.78 978.20 2152.91 
 220 1994.52 1314.88 2152.91 
 221 1981.56 1186.57 2152.91 
 222 2053.45 1344.83 2152.91 
 223 2193.62 1325.75 2152.91 
 224 2001.85 1405.76 2193.62 
 225 2165.39 1347.13 2193.62 
 226 2057.38 1397.24 2193.62 
 227 2023.63 1413.23 2193.62 
 228 2177.42 1473.49 2193.62 
 229 2067.78 1316.11 2193.62 
 230 2095.29 1132.89 2193.62 
 231 2130.10 1483.13 2193.62 
 232 2088.69 1396.90 2193.62 
 233 2194.54 1289.05 2193.62 
 234 2041.79 1283.70 2194.54 
 235 2197.87 1427.58 2194.54 
 236 2224.42 1647.81 2197.87 
 237 2372.05 1539.98 2224.42 
 238 2226.79 1642.47 2372.05 
 239 2307.73 1698.78 2372.05 
 240 2133.26 1851.23 2372.05 
 241 2212.14 1631.38 2372.05 
 242 2305.71 1681.22 2372.05 
 243 2258.93 1523.12 2372.05 
 244 2251.01 1773.22 2372.05 
 245 2329.27 1409.45 2372.05 
 246 2202.58 1703.16 2372.05 
 247 2334.45 1535.00 2372.05 
 248 2242.09 1854.12 2372.05 
 249 2386.26 1511.25 2372.05 
 250 2236.26 1591.35 2386.26 
 251 2455.77 1602.61 2386.26 
 252 2337.58 1710.58 2455.77 
 253 2562.67 1739.71 2455.77 
 254 2552.56 1696.84 2562.67 
 255 2495.55 1389.87 2562.67 
 256 2480.26 1688.97 2562.67 
 257 2420.58 1936.24 2562.67 
 258 2432.26 1815.58 2562.67 
 259 2482.16 1636.40 2562.67 
 260 2518.94 1798.85 2562.67 
 261 2481.09 1567.83 2562.67 
 262 2610.18 1962.19 2562.67 
 263 2514.82 2038.41 2610.18 
 264 2551.07 1860.65 2610.18 
 265 2606.57 1989.94 2610.18 
 266 2515.47 2181.95 2610.18 
 267 2533.03 1823.34 2610.18 
 268 2602.84 1874.92 2610.18 
 269 2577.92 2089.07 2610.18 
 270 2557.45 2095.60 2610.18 
 271 2598.40 1912.40 2610.18 
 272 2676.42 1739.27 2610.18 
 273 2545.35 2060.15 2676.42 
 274 2561.24 1797.09 2676.42 
 275 2540.53 2171.42 2676.42 
 276 2611.66 2150.85 2676.42 
 277 2681.16 1843.16 2676.42 
 278 2641.38 2229.19 2681.16 
 279 2648.19 1960.24 2681.16 
 280 2398.65 1904.97 2681.16 
 281 2574.03 1640.00 2681.16 
 282 2643.59 1791.90 2681.16 
 283 2770.19 1901.65 2681.16 
 284 2484.99 1585.36 2770.19 
 285 2610.02 1667.04 2770.19 
 286 2647.24 2186.78 2770.19 
 287 2734.27 2002.21 2770.19 
 288 2691.80 2025.90 2770.19 
 289 2562.57 1927.28 2770.19 
 290 2590.47 1791.49 2770.19 
 291 2742.57 1824.46 2770.19 
 292 2745.99 1713.50 2770.19 
 293 2782.52 1809.79 2770.19 
 294 2818.64 1842.82 2782.52 
 295 2681.27 1833.73 2818.64 
 296 2628.99 1801.81 2818.64 
 297 2837.39 1929.84 2818.64 
 298 2675.83 1830.22 2837.39 
 299 2619.45 1782.06 2837.39 
