Iter | Sampling Pol | Evaluation Pol | Best (Sampled) 
   0 -6.49 -5.70 -100000000.00 
   1 -5.76 -5.06 -6.49 
   2 -5.31 -4.67 -5.76 
   3 -5.12 -4.03 -5.31 
   4 -4.71 -1.42 -5.12 
   5 -4.38 -3.98 -4.71 
   6 -3.82 -1.63 -4.38 
   7 -3.82 -1.39 -3.82 
   8 -3.90 -3.21 -3.82 
   9 -3.93 -3.83 -3.82 
  10 -3.74  4.54 -3.82 
  11 -3.74  0.38 -3.74 
  12 -3.76 -3.26 -3.74 
  13 -3.45 -3.21 -3.74 
  14 -3.71 -4.21 -3.45 
  15 -3.46 -3.91 -3.45 
  16 -3.25 -4.46 -3.45 
  17 -2.89 -3.81 -3.25 
  18 -3.23 -2.92 -2.89 
  19 -2.68 -3.33 -2.89 
  20 -2.23 -3.42 -2.68 
  21 -2.67 -3.14 -2.23 
  22  1.32  3.44 -2.23 
  23 -2.69  0.44  1.32 
  24 -2.65 -2.54  1.32 
  25 -3.31 -2.16  1.32 
  26 -2.55 -1.64  1.32 
  27 -2.24  1.93  1.32 
  28 -2.87 -2.32  1.32 
  29 -2.54 -0.29  1.32 
  30 -2.80 -0.56  1.32 
  31 -2.67  8.46  1.32 
  32 -1.85 -3.20  1.32 
  33 -1.67 -3.89  1.32 
  34 -2.10 -3.51  1.32 
  35 -2.29 -3.32  1.32 
  36 -1.27 -3.74  1.32 
  37 -1.22 -3.07  1.32 
  38 -2.42 -3.47  1.32 
  39 -1.50 -3.03  1.32 
  40 -2.07 -0.64  1.32 
  41 -1.23 -2.67  1.32 
  42 -1.22 -3.20  1.32 
  43 -1.48 -1.00  1.32 
  44  0.60 -2.96  1.32 
  45 -1.31 -2.56  1.32 
  46 -1.39 -3.28  1.32 
  47 -0.37 -4.00  1.32 
  48 -1.04 -0.76  1.32 
  49 -0.51 -3.56  1.32 
  50 -0.58 -0.76  1.32 
  51 -1.48  4.56  1.32 
  52 -1.43 -1.76  1.32 
  53 -0.26 -1.93  1.32 
  54  0.46 -2.50  1.32 
  55 -0.16  0.26  1.32 
  56  0.78 -1.69  1.32 
  57  0.52 -3.24  1.32 
  58  1.07 -0.98  1.32 
  59  0.35 -1.78  1.32 
  60  0.76  2.67  1.32 
  61  0.74 -1.24  1.32 
  62  0.69 -1.77  1.32 
  63  2.26  0.85  1.32 
  64  2.02 10.78  2.26 
  65  1.23  1.73  2.26 
  66  1.91  2.40  2.26 
  67  2.88  4.33  2.26 
  68  2.30  8.22  2.88 
  69  1.98  2.65  2.88 
  70  3.52  3.84  2.88 
  71  2.63  1.62  3.52 
  72  2.11 -0.64  3.52 
  73  4.65  1.08  3.52 
  74  4.75  6.49  4.65 
  75  3.21  4.52  4.75 
  76  3.73  7.85  4.75 
  77  6.23  7.72  4.75 
  78  5.09  1.60  6.23 
  79  4.60  2.70  6.23 
  80  9.13  3.75  6.23 
  81  6.94  3.87  9.13 
  82  7.78  2.88  9.13 
  83  6.57  9.30  9.13 
  84  6.88 14.32  9.13 
  85  6.18  4.06  9.13 
  86  4.60  8.52  9.13 
  87  6.65 33.35  9.13 
  88  9.45 36.24  9.13 
  89  6.20 15.89  9.45 
  90  9.66 17.36  9.45 
  91  9.15  9.43  9.66 
  92  5.56 20.86  9.66 
  93  8.54 18.60  9.66 
  94  7.38 20.82  9.66 
  95 10.81  8.07  9.66 
  96 14.08 20.58 10.81 
  97 11.38 17.55 14.08 
  98 13.45 33.58 14.08 
  99 10.97 66.43 14.08 
 100  7.80 13.51 14.08 
 101 13.14 14.35 14.08 
 102  9.97 10.90 14.08 
 103 13.65 20.79 14.08 
 104 12.17 14.88 14.08 
 105 12.62 14.11 14.08 
 106 19.48  2.74 14.08 
 107 11.23 18.05 19.48 
 108 16.62 18.99 19.48 
 109 21.58 22.94 19.48 
 110 17.76 15.75 21.58 
 111 17.22 14.86 21.58 
 112 17.00 18.67 21.58 
 113 21.21 24.45 21.58 
 114 21.63 12.30 21.58 
 115 17.47 21.61 21.63 
 116 21.78 16.08 21.63 
 117 19.87 20.30 21.78 
 118 19.52 15.33 21.78 
 119 13.25 13.99 21.78 
 120 25.65 16.27 21.78 
 121 17.31 19.49 25.65 
 122 25.36 14.84 25.65 
 123 24.55  8.22 25.65 
 124 26.15 18.11 25.65 
 125 29.08 33.06 26.15 
 126 17.91 16.35 29.08 
 127 36.87 16.78 29.08 
 128 27.01 17.46 36.87 
 129 24.27 66.87 36.87 
 130 21.73 29.22 36.87 
 131 24.12 17.23 36.87 
 132 27.64 19.73 36.87 
 133 23.31 14.49 36.87 
 134 27.89 49.33 36.87 
 135 29.07 34.77 36.87 
 136 26.41 15.52 36.87 
 137 61.43 14.12 36.87 
 138 30.28  8.06 61.43 
 139 24.99 80.37 61.43 
 140 29.26 16.33 61.43 
 141 51.50 18.52 61.43 
 142 28.71  9.46 61.43 
 143 24.57 17.23 61.43 
 144 31.10 49.04 61.43 
 145 29.56 25.78 61.43 
 146 34.36 82.08 61.43 
 147 41.52 31.47 61.43 
 148 36.44 16.69 61.43 
 149 51.09 11.36 61.43 
 150 32.86 11.70 61.43 
 151 34.11 10.31 61.43 
 152 53.30  7.53 61.43 
 153 52.08 13.29 61.43 
 154 42.40  9.28 61.43 
 155 57.27 25.69 61.43 
 156 39.71 17.21 61.43 
 157 57.74 18.55 61.43 
 158 40.08 18.35 61.43 
 159 61.52 18.91 61.43 
 160 65.45 16.36 61.52 
 161 51.44 14.54 65.45 
 162 45.76 35.52 65.45 
 163 37.55 19.95 65.45 
 164 58.80 19.80 65.45 
 165 75.98 14.39 65.45 
 166 60.62 21.57 75.98 
 167 56.43 33.87 75.98 
 168 86.17 32.39 75.98 
 169 60.97 22.12 86.17 
 170 66.32 19.11 86.17 
 171 58.13 28.34 86.17 
 172 67.31 27.06 86.17 
 173 71.39 16.65 86.17 
 174 71.75 19.53 86.17 
 175 81.21 19.93 86.17 
 176 64.94 21.69 86.17 
 177 86.67  6.80 86.17 
 178 81.87 21.63 86.67 
 179 71.01 18.96 86.67 
 180 84.69 30.07 86.67 
 181 103.03 37.26 86.67 
 182 93.47 70.09 103.03 
 183 88.48 67.92 103.03 
 184 97.27 28.69 103.03 
 185 81.22 112.57 103.03 
 186 91.79 25.70 103.03 
 187 98.12 128.91 103.03 
 188 91.72 51.15 103.03 
 189 122.27 52.10 103.03 
 190 92.49 49.94 122.27 
 191 101.72 38.35 122.27 
 192 86.10 43.07 122.27 
 193 110.94 47.41 122.27 
 194 97.45 38.60 122.27 
 195 129.64 48.74 122.27 
 196 106.93 64.44 129.64 
 197 109.98 51.68 129.64 
 198 120.46 58.11 129.64 
 199 110.08 63.21 129.64 
 200 105.83 104.06 129.64 
 201 114.80 198.46 129.64 
 202 119.33 193.02 129.64 
 203 138.87 214.90 129.64 
 204 110.33 123.71 138.87 
 205 102.62 200.25 138.87 
 206 189.29 114.50 138.87 
 207 105.68 122.56 189.29 
 208 138.61 151.52 189.29 
 209 128.31 149.32 189.29 
 210 132.36 165.78 189.29 
 211 133.04 106.61 189.29 
 212 110.84 169.02 189.29 
 213 143.38 133.76 189.29 
 214 125.41 129.81 189.29 
 215 127.74 193.35 189.29 
 216 109.47 105.64 189.29 
 217 143.32 147.57 189.29 
 218 175.61 96.42 189.29 
 219 132.05 110.54 189.29 
 220 153.03 104.28 189.29 
 221 143.81 65.26 189.29 
 222 176.21 51.11 189.29 
 223 182.32 117.03 189.29 
 224 118.14 137.82 189.29 
 225 141.73 139.62 189.29 
 226 125.73 161.10 189.29 
 227 144.96 73.77 189.29 
 228 196.03 86.13 189.29 
 229 175.26 86.08 196.03 
 230 145.97 119.77 196.03 
 231 188.49 232.98 196.03 
 232 142.28 171.46 196.03 
 233 152.54 197.39 196.03 
 234 128.70 145.32 196.03 
 235 177.06 282.54 196.03 
 236 194.70 158.11 196.03 
 237 190.07 164.04 196.03 
 238 172.37 169.84 196.03 
 239 201.44 212.91 196.03 
 240 178.42 135.89 201.44 
 241 188.10 174.74 201.44 
 242 255.91 154.23 201.44 
 243 181.59 128.32 255.91 
 244 194.73 173.52 255.91 
 245 228.12 215.02 255.91 
 246 199.93 280.79 255.91 
 247 248.11 225.86 255.91 
 248 238.65 178.46 255.91 
 249 230.59 172.26 255.91 
 250 212.75 192.07 255.91 
 251 209.26 173.79 255.91 
 252 213.29 220.52 255.91 
 253 225.58 151.65 255.91 
 254 249.60 122.05 255.91 
 255 286.15 184.67 255.91 
 256 184.52 208.49 286.15 
 257 189.17 218.71 286.15 
 258 259.73 242.58 286.15 
 259 262.21 158.28 286.15 
 260 239.36 161.12 286.15 
 261 226.35 230.60 286.15 
 262 261.42 186.73 286.15 
 263 233.50 147.42 286.15 
 264 233.96 269.75 286.15 
 265 245.73 150.33 286.15 
 266 292.30 165.35 286.15 
 267 242.39 201.11 292.30 
 268 265.07 166.11 292.30 
 269 241.03 221.52 292.30 
 270 270.86 194.30 292.30 
 271 251.87 200.94 292.30 
 272 270.43 190.55 292.30 
 273 265.45 141.40 292.30 
 274 301.88 210.66 292.30 
 275 284.14 204.89 301.88 
 276 289.50 183.18 301.88 
 277 232.40 127.87 301.88 
 278 225.87 302.36 301.88 
 279 263.55 163.05 301.88 
 280 219.62 184.53 301.88 
 281 294.67 153.93 301.88 
 282 351.28 277.65 301.88 
 283 321.58 331.27 351.28 
 284 275.00 349.53 351.28 
 285 302.83 382.97 351.28 
 286 326.45 347.39 351.28 
 287 350.83 395.00 351.28 
 288 317.31 412.36 351.28 
 289 324.05 307.61 351.28 
 290 288.14 401.83 351.28 
 291 364.74 283.85 351.28 
 292 353.32 224.76 364.74 
 293 296.33 389.51 364.74 
 294 341.74 242.53 364.74 
 295 378.13 254.51 364.74 
 296 333.26 493.03 378.13 
 297 391.99 420.53 378.13 
 298 453.29 336.14 391.99 
 299 368.38 374.29 453.29 
 276 330.12 361.36 -100000000.00 
 277 246.62 170.89 330.12 
 278 248.95 176.21 330.12 
 279 259.70 215.63 330.12 
 280 256.52 252.03 330.12 
 281 306.08 131.08 330.12 
 282 293.86 158.13 330.12 
 283 242.08 212.01 330.12 
 284 202.17 205.06 330.12 
 285 226.48 135.96 330.12 
 286 237.75 251.11 330.12 
 287 255.31 342.76 330.12 
 288 244.25 232.36 330.12 
 289 234.68 181.94 330.12 
 290 220.63 51.18 330.12 
 291 262.98 80.40 330.12 
 292 222.77 74.50 330.12 
 293 230.11 153.91 330.12 
 294 250.15 292.19 330.12 
 295 209.38 166.50 330.12 
 296 248.28 137.57 330.12 
 297 280.07 133.10 330.12 
 298 337.94 228.13 330.12 
 299 281.96 123.48 337.94 
 300 318.09 93.44 337.94 
 301 339.36 172.75 337.94 
 302 248.51 223.65 339.36 
 303 297.05 180.32 339.36 
 304 262.69 187.79 339.36 
 305 353.46 222.23 339.36 
 306 372.50 112.53 353.46 
 307 318.88 70.50 372.50 
 308 354.54 119.19 372.50 
 309 344.34 104.92 372.50 
 310 447.83 189.01 372.50 
 311 410.84 104.61 447.83 
 312 388.30 277.59 447.83 
 313 382.95 247.52 447.83 
 314 316.78 223.68 447.83 
 315 398.04 384.13 447.83 
 316 422.95 194.31 447.83 
 317 504.11 169.50 447.83 
 318 366.82 285.24 504.11 
 319 493.22 260.13 504.11 
 320 485.80 272.97 504.11 
 321 403.51 173.41 504.11 
 322 455.16 232.55 504.11 
 323 450.54 149.19 504.11 
 324 579.24 254.18 504.11 
 325 450.02 294.22 579.24 
 326 478.55 296.86 579.24 
 327 532.73 265.53 579.24 
 328 461.72 262.46 579.24 
 329 511.29 424.99 579.24 
 330 623.70 256.63 579.24 
 331 617.03 372.87 623.70 
 332 562.78 464.67 623.70 
 333 572.48 390.42 623.70 
 334 710.04 488.81 623.70 
 335 575.94 295.46 710.04 
 336 683.45 329.72 710.04 
 337 688.53 422.83 710.04 
 338 637.91 228.77 710.04 
 339 636.81 372.98 710.04 
 340 578.97 427.93 710.04 
 341 659.94 426.85 710.04 
 342 737.49 476.81 710.04 
 343 628.70 486.40 737.49 
 344 874.03 551.62 737.49 
 345 774.11 489.63 874.03 
 346 782.20 535.40 874.03 
 347 693.46 537.21 874.03 
 348 661.28 501.35 874.03 
 349 734.88 651.22 874.03 
 350 764.93 738.94 874.03 
 351 803.60 686.29 874.03 
 352 741.35 529.75 874.03 
 353 679.01 618.58 874.03 
 354 907.98 614.88 874.03 
 355 695.86 641.44 907.98 
 356 932.04 683.50 907.98 
 357 847.76 748.78 932.04 
 358 796.67 609.68 932.04 
 359 794.62 813.17 932.04 
 360 860.75 878.87 932.04 
 361 737.51 647.11 932.04 
 362 821.73 745.98 932.04 
 363 809.47 801.98 932.04 
 364 992.54 640.38 932.04 
 365 996.78 768.29 992.54 
 366 1025.69 524.36 996.78 
 367 968.49 1000.18 1025.69 
 368 1067.16 702.57 1025.69 
 369 933.93 702.55 1067.16 
 370 971.99 637.71 1067.16 
 371 1078.46 735.33 1067.16 
 372 949.04 687.77 1078.46 
 373 1013.57 701.03 1078.46 
 374 1010.69 509.32 1078.46 
 375 1051.62 734.21 1078.46 
 376 1112.07 881.08 1078.46 
 377 1018.14 821.77 1112.07 
 378 1054.33 1296.66 1112.07 
 379 981.35 1129.84 1112.07 
 380 1148.95 1221.82 1112.07 
 381 1059.20 1422.09 1148.95 
 382 998.03 1246.47 1148.95 
 383 934.94 1159.15 1148.95 
 384 1144.74 1255.55 1148.95 
 385 1054.89 1117.14 1148.95 
 386 1003.98 1075.76 1148.95 
 387 1006.89 1070.32 1148.95 
 388 1184.28 989.49 1148.95 
 389 1080.23 1059.85 1184.28 
 390 1086.53 961.90 1184.28 
 391 1067.15 863.55 1184.28 
 392 1105.56 975.48 1184.28 
 393 1261.98 1210.88 1184.28 
 394 1277.33 1188.83 1261.98 
 395 1302.38 1074.65 1277.33 
 396 1297.39 804.01 1302.38 
 397 1197.53 959.60 1302.38 
 398 1218.29 962.24 1302.38 
 399 1164.62 1004.66 1302.38 
 400 1238.97 987.86 1302.38 
 401 1337.28 1184.04 1302.38 
 402 1298.85 1015.24 1337.28 
 403 1444.69 1017.80 1337.28 
 404 1440.56 1251.61 1444.69 
 405 1339.87 951.67 1444.69 
 406 1421.98 1061.80 1444.69 
 407 1256.62 1591.18 1444.69 
 408 1306.44 1498.12 1444.69 
 409 1491.33 1177.09 1444.69 
 410 1477.73 1175.16 1491.33 
 411 1435.40 1334.19 1491.33 
 412 1374.86 1495.32 1491.33 
 413 1557.27 1257.21 1491.33 
 414 1501.17 1485.37 1557.27 
 415 1583.58 1424.60 1557.27 
 416 1576.62 1541.38 1583.58 
 417 1569.97 1530.18 1583.58 
 418 1526.43 1508.40 1583.58 
 419 1412.45 1516.99 1583.58 
 420 1566.27 1387.64 1583.58 
 421 1445.56 1420.49 1583.58 
 422 1455.54 1623.00 1583.58 
 423 1592.56 1555.78 1583.58 
 424 1620.86 1328.28 1592.56 
 425 1570.63 1443.44 1620.86 
 426 1671.09 1220.66 1620.86 
 427 1563.47 1432.19 1671.09 
 428 1646.89 1566.07 1671.09 
 429 1456.31 1708.02 1671.09 
 430 1768.66 1887.73 1671.09 
 431 1677.61 1927.53 1768.66 
 432 1614.83 2226.30 1768.66 
 433 1588.89 2054.17 1768.66 
 434 1523.65 1900.91 1768.66 
 435 1733.83 1812.59 1768.66 
 436 1717.09 1520.08 1768.66 
 437 1732.09 1739.81 1768.66 
 438 1813.79 1637.22 1768.66 
 439 1798.74 1874.29 1813.79 
 440 1674.30 1888.17 1813.79 
 441 1906.86 1807.85 1813.79 
 442 1794.75 1546.34 1906.86 
 443 1767.90 1800.58 1906.86 
 444 1915.84 1658.29 1906.86 
 445 1636.84 1855.39 1915.84 
 446 1888.91 1993.54 1915.84 
 447 1825.99 2015.52 1915.84 
 448 1834.77 2102.98 1915.84 
 449 1901.73 1987.77 1915.84 
 450 1850.45 2316.39 1915.84 
 451 1677.31 2195.74 1915.84 
 452 1947.95 2163.57 1915.84 
 453 1738.92 2166.37 1947.95 
 454 1843.92 2164.94 1947.95 
 455 1860.28 2114.14 1947.95 
 456 1814.12 1972.58 1947.95 
 457 1948.43 1989.79 1947.95 
 458 1940.73 1914.33 1948.43 
 459 2019.39 2281.43 1948.43 
 460 2053.83 2211.38 2019.39 
 461 2028.49 1842.28 2053.83 
 462 2135.57 2037.18 2053.83 
 463 2000.81 1955.62 2135.57 
 464 2075.37 2337.48 2135.57 
 465 2144.98 2312.05 2135.57 
 466 2079.05 2048.64 2144.98 
 467 2054.39 2311.52 2144.98 
 468 1987.81 2336.52 2144.98 
 469 2166.19 2279.63 2144.98 
 470 1997.57 2603.35 2166.19 
 471 2229.93 2420.11 2166.19 
 472 2076.37 2253.76 2229.93 
 473 1974.42 2238.83 2229.93 
 474 1977.99 2413.77 2229.93 
 475 1942.86 2461.41 2229.93 
 476 1967.08 2474.09 2229.93 
 477 1981.40 2445.45 2229.93 
 478 1806.84 2326.37 2229.93 
 479 2037.29 2128.61 2229.93 
 480 2150.15 2278.66 2229.93 
 481 2142.20 2383.15 2229.93 
 482 2193.54 2404.66 2229.93 
 483 2114.08 2086.45 2229.93 
 484 1986.45 2324.67 2229.93 
 485 2139.56 2454.83 2229.93 
 486 2162.88 2540.20 2229.93 
 487 2235.98 2807.44 2229.93 
 488 2186.38 2333.40 2235.98 
 489 2221.74 2461.09 2235.98 
 490 2148.68 2344.83 2235.98 
 491 2108.74 2357.03 2235.98 
 492 2189.38 2113.52 2235.98 
 493 2261.34 2133.28 2235.98 
 494 2281.07 2195.66 2261.34 
 495 2276.78 2264.49 2281.07 
 496 2306.45 2189.53 2281.07 
 497 2279.06 2265.83 2306.45 
 498 2343.32 2141.99 2306.45 
 499 2308.97 2166.64 2343.32 
