Iter | Sampling Pol | Evaluation Pol | Best (Sampled) 
   0 -6.10 -4.38 -100000000.00 
   1 -7.04 -4.61 -6.10 
   2 -6.87 -4.50 -6.10 
   3 -6.46 -3.92 -6.10 
   4 -6.65 -3.55 -6.10 
   5 -6.20 -4.37 -6.10 
   6 -5.62 -4.07 -6.10 
   7 -7.59 -3.35 -5.62 
   8 -7.20 -3.70 -5.62 
   9 -7.39 -3.75 -5.62 
  10 -6.36 -3.88 -5.62 
  11 -6.20 -4.02 -5.62 
  12 -5.93 -4.34 -5.62 
  13 -7.87 -3.71 -5.62 
  14 -8.15 -4.17 -5.62 
  15 -7.61 -5.20 -5.62 
  16 -6.91 -5.30 -5.62 
  17 -6.40 -4.36 -5.62 
  18 -9.98 -4.30 -5.62 
  19 -6.49 -4.10 -5.62 
  20 -6.50 -3.58 -5.62 
  21 -6.26 -3.27 -5.62 
  22 -7.81 -2.75 -5.62 
  23 -6.81 -2.88 -5.62 
  24 -7.46 -2.95 -5.62 
  25 -6.02 -3.31 -5.62 
  26 -6.77 -2.44 -5.62 
  27 -6.03 -2.58 -5.62 
  28 -6.74 -2.39 -5.62 
  29 -6.71 -2.37 -5.62 
  30 -6.85 -2.27 -5.62 
  31 -7.22 -2.29 -5.62 
  32 -6.30 -2.13 -5.62 
  33 -7.39 -2.49 -5.62 
  34 -6.33 -2.14 -5.62 
  35 -5.65 -1.81 -5.62 
  36 -8.35 -2.27 -5.62 
  37 -6.04  0.08 -5.62 
  38 -4.96  0.09 -5.62 
  39 -6.85 -1.12 -4.96 
  40 -8.71 -2.95 -4.96 
  41 -7.55 -1.85 -4.96 
  42 -6.47 -2.11 -4.96 
  43 -6.09 -2.57 -4.96 
  44 -4.28 -1.12 -4.96 
  45 -8.07 -2.59 -4.28 
  46 -7.88 -2.75 -4.28 
  47 -6.38 -2.83 -4.28 
  48 -6.11 -2.80 -4.28 
  49 -6.42 -2.52 -4.28 
  50 -7.46 -2.79 -4.28 
  51 -5.51 -2.93 -4.28 
  52 -4.60 -2.86 -4.28 
  53 -3.80 -2.29 -4.28 
  54 -5.25 -2.32 -3.80 
  55 -4.70 -2.15 -3.80 
  56 -4.76 -2.55 -3.80 
  57 -3.45 -2.55 -3.80 
  58 -5.77 -2.66 -3.45 
  59 -5.10 -2.74 -3.45 
  60 -5.13 -2.85 -3.45 
  61 -4.33 -2.60 -3.45 
  62 -4.44 -2.75 -3.45 
  63 -6.30 -2.58 -3.45 
  64 -3.84 -2.34 -3.45 
  65 -4.56 -2.74 -3.45 
  66 -7.12 -2.93 -3.45 
  67 -5.07 -2.90 -3.45 
  68 -5.47 -2.76 -3.45 
  69 -4.93 -2.69 -3.45 
  70 -6.09 -2.57 -3.45 
  71 -4.03 -2.42 -3.45 
  72 -4.67 -2.64 -3.45 
  73 -3.00 -2.55 -3.45 
  74 -4.90 -2.45 -3.00 
  75 -6.05 -2.22 -3.00 
  76 -4.08 -2.40 -3.00 
  77 -5.13 -1.02 -3.00 
  78 -4.08 -0.89 -3.00 
  79 -3.37 -2.14 -3.00 
  80 -4.54 -2.59 -3.00 
  81 -3.20 -2.19 -3.00 
  82 -4.10 -1.75 -3.00 
  83 -4.80 -1.53 -3.00 
  84 -4.98 -2.22 -3.00 
  85 -3.31 -1.71 -3.00 
  86 -6.01 -1.72 -3.00 
  87 -3.46 -1.34 -3.00 
  88 -3.79  1.12 -3.00 
  89 -3.90 -1.70 -3.00 
  90 -7.37 -1.26 -3.00 
  91 -4.58 -1.94 -3.00 
  92 -6.47 -1.65 -3.00 
  93 -3.30 -1.12 -3.00 
  94 -3.82 -1.12 -3.00 
  95 -2.71 -2.03 -3.00 
  96 -4.41 -1.27 -2.71 
  97 -7.22 -2.07 -2.71 
  98 -4.32 -2.58 -2.71 
  99 -5.22 -2.05 -2.71 
 100 -3.40 -2.76 -2.71 
 101 -5.92 -2.15 -2.71 
 102 -4.81 -2.52 -2.71 
 103 -4.58 -2.49 -2.71 
 104 -4.08 -2.36 -2.71 
 105 -2.98 -2.76 -2.71 
 106 -3.13 -2.30 -2.71 
 107 -2.97 -2.22 -2.71 
 108 -4.12 -2.25 -2.71 
 109 -4.73 -2.57 -2.71 
 110 -4.65 -2.23 -2.71 
 111 -6.20 -2.43 -2.71 
 112 -3.58 -2.31 -2.71 
 113 -5.40 -2.50 -2.71 
 114 -2.78 -2.23 -2.71 
 115 -2.83 -2.15 -2.71 
 116 -4.23 -1.99 -2.71 
 117 -4.31 -1.78 -2.71 
 118 -4.11 -1.75 -2.71 
 119 -6.16 -1.39 -2.71 
 120 -3.34 -1.53 -2.71 
 121 -3.29 -2.25 -2.71 
 122 -2.89 -1.78 -2.71 
 123 -5.68 -2.15 -2.71 
 124 -5.27 -1.72 -2.71 
 125 -4.00 -1.07 -2.71 
 126 -3.47 -1.47 -2.71 
 127 -4.79 -1.16 -2.71 
 128 -4.18 -1.18 -2.71 
 129 -4.74 -1.02 -2.71 
 130 -6.44 -1.44 -2.71 
 131 -3.65 -1.07 -2.71 
 132 -4.09 -2.16 -2.71 
 133 -4.32 -1.36 -2.71 
 134 -5.31 -0.95 -2.71 
 135 -3.14 -1.25 -2.71 
 136 -3.49 -1.79 -2.71 
 137 -3.27 -1.26 -2.71 
 138 -5.90 -0.98 -2.71 
 139 -7.46 -0.02 -2.71 
 140 -5.70 -0.91 -2.71 
 141 -3.62 -0.49 -2.71 
 142 -5.34 -1.10 -2.71 
 143 -3.84 -1.36 -2.71 
 144 -4.79 -0.16 -2.71 
 145 -1.60 -1.45 -2.71 
 146 -4.67 -1.66 -1.60 
 147 -4.10 -1.77 -1.60 
 148 -6.66 -1.69 -1.60 
 149 -5.84 -1.65 -1.60 
 150 -3.51 -1.49 -1.60 
 151 -4.78 -1.95 -1.60 
 152 -2.33 -1.57 -1.60 
 153 -4.89 -2.40 -1.60 
 154 -4.24 -2.36 -1.60 
 155 -2.69 -2.45 -1.60 
 156 -2.87 -2.28 -1.60 
 157 -2.65 -2.41 -1.60 
 158 -5.04 -2.44 -1.60 
 159 -2.77 -2.59 -1.60 
 160 -3.98 -2.41 -1.60 
 161 -1.24 -2.42 -1.60 
 162 -4.39 -2.34 -1.24 
 163 -3.73 -2.22 -1.24 
 164 -2.47 -1.73 -1.24 
 165 -3.52 -2.09 -1.24 
 166 -2.12 -1.69 -1.24 
 167 -2.90 -1.86 -1.24 
 168 -5.47 -1.99 -1.24 
 169 -3.51 -1.44 -1.24 
 170 -4.71 -1.82 -1.24 
 171 -1.09 -1.23 -1.24 
 172 -6.12 -1.54 -1.09 
 173 -4.42 -1.41 -1.09 
 174 -4.62 -2.23 -1.09 
 175 -4.74 -2.11 -1.09 
 176 -1.98 -2.18 -1.09 
 177 -5.14 -2.24 -1.09 
 178 -3.05 -2.76 -1.09 
 179 -3.69 -2.58 -1.09 
 180 -3.32 -2.68 -1.09 
 181 -2.94 -2.55 -1.09 
 182 -6.61 -2.46 -1.09 
 183 -0.20 -2.54 -1.09 
 184 -2.61 -2.69 -0.20 
 185 -2.80 -2.94 -0.20 
 186 -3.66 -2.63 -0.20 
 187 -3.79 -2.64 -0.20 
 188 -1.83 -2.52 -0.20 
 189 -2.04 -2.46 -0.20 
 190 -0.84 -2.41 -0.20 
 191 -1.94 -2.34 -0.20 
 192 -3.44 -2.52 -0.20 
 193 -2.07 -2.31 -0.20 
 194 -2.87 -2.72 -0.20 
 195 -2.34 -1.92 -0.20 
 196 -3.31 -1.25 -0.20 
 197 -4.09 -2.52 -0.20 
 198 -2.22 -2.38 -0.20 
 199 -5.11 -2.95 -0.20 
 200 -3.90 -2.91 -0.20 
 201 -7.19 -2.69 -0.20 
 202 -1.49 -2.83 -0.20 
 203 -1.89 -3.37 -0.20 
 204 -4.64 -3.11 -0.20 
 205 -1.19 -2.79 -0.20 
 206 -3.72 -1.71 -0.20 
 207 -1.88 -1.15 -0.20 
 208 -2.68 -1.18 -0.20 
 209 -1.49 -0.67 -0.20 
 210 -3.26  0.32 -0.20 
 211 -0.45 -1.82 -0.20 
 212 -2.96 -1.99 -0.20 
 213 -2.78 -1.79 -0.20 
 214 -2.85 -0.40 -0.20 
 215 -3.00  0.08 -0.20 
 216 -2.53 -1.05 -0.20 
 217 -2.59 -2.05 -0.20 
 218 -2.29 -1.68 -0.20 
 219 -1.79 -2.02 -0.20 
 220 -1.59 -2.43 -0.20 
 221 -1.67 -1.84 -0.20 
 222 -2.84 -2.84 -0.20 
 223 -2.76 -1.99 -0.20 
 224 -2.51 -1.82 -0.20 
 225 -2.17 -2.50 -0.20 
 226 -0.25 -2.76 -0.20 
 227  1.60 -1.45 -0.20 
 228 -1.99 -2.19  1.60 
 229 -1.33 -2.19  1.60 
 230  0.62 -2.68  1.60 
 231 -0.44 -2.44  1.60 
 232 -3.85 -2.48  1.60 
 233 -2.30 -2.40  1.60 
 234 -3.27 -1.94  1.60 
 235 -0.21 -0.87  1.60 
 236 -1.31 -0.44  1.60 
 237 -2.05 -2.91  1.60 
 238  0.75 -2.73  1.60 
 239 -0.02  0.62  1.60 
 240  0.33 -1.14  1.60 
 241 -1.81 -2.14  1.60 
 242 -0.96 -2.57  1.60 
 243 -0.51 -1.98  1.60 
 244  1.82 -1.00  1.60 
 245 -2.05 -1.74  1.82 
 246  0.80 -1.64  1.82 
 247  0.21 -1.71  1.82 
 248 -0.79 -1.71  1.82 
 249 -1.53 -1.68  1.82 
 250  0.32 -2.15  1.82 
 251  0.70 -1.34  1.82 
 252 -0.83 -0.65  1.82 
 253 -0.59 -0.87  1.82 
 254  0.60 -1.03  1.82 
 255  0.72 -0.87  1.82 
 256 -0.73  0.62  1.82 
 257  0.83 -0.54  1.82 
 258 -0.75  0.20  1.82 
 259  2.05 -1.64  1.82 
 260  1.20 -0.55  2.05 
 261 -0.71  0.10  2.05 
 262  0.52 -1.54  2.05 
 263 -0.43 -0.46  2.05 
 264  0.51 -1.76  2.05 
 265 -0.69  0.46  2.05 
 266  0.66  0.54  2.05 
 267 -0.62  2.31  2.05 
 268  1.60  0.98  2.05 
 269 -1.52 -0.19  2.05 
 270 -1.32  0.56  2.05 
 271  0.16  0.00  2.05 
 272  0.47  0.12  2.05 
 273  0.49 -1.20  2.05 
 274  1.68 -1.05  2.05 
 275  1.41 -1.83  2.05 
 276  0.97 -2.48  2.05 
 277  2.00 -2.21  2.05 
 278  1.00 -1.02  2.05 
 279  2.88 -1.95  2.05 
 280 -0.20 -2.36  2.88 
 281 -0.49 -1.85  2.88 
 282  0.84 -2.20  2.88 
 283  0.54 -2.17  2.88 
 284  0.36 -2.03  2.88 
 285 -1.15 -1.79  2.88 
 286  0.59 -2.06  2.88 
 287  0.29 -2.29  2.88 
 288  2.19 -2.73  2.88 
 289  0.82 -2.75  2.88 
 290  2.27 -2.85  2.88 
 291  0.63 -3.16  2.88 
 292  2.06 -3.31  2.88 
 293  0.33 -3.75  2.88 
 294  0.52 -3.42  2.88 
 295  0.79 -3.09  2.88 
 296  3.23 -3.33  2.88 
 297  3.09 -3.96  3.23 
 298  1.73 -2.94  3.23 
 299 -0.18 -2.14  3.23 
 300  3.64 -2.35  3.23 
 301  2.34 -2.84  3.64 
 302  0.75 -2.12  3.64 
 303  0.85 -2.05  3.64 
 304  2.24 -1.37  3.64 
 305 -0.58 -3.23  3.64 
 306  1.06 -2.34  3.64 
 307  0.59 -1.51  3.64 
 308  2.57 -2.11  3.64 
 309  3.19 -2.65  3.64 
 310  1.90 -2.38  3.64 
 311 -1.76 -2.13  3.64 
 312  0.44 -1.87  3.64 
 313  1.01 -2.57  3.64 
 314  3.21 -2.94  3.64 
 315  3.63 -1.54  3.64 
 316 -0.14 -2.90  3.64 
 317 -1.43 -1.77  3.64 
 318  2.18 -2.31  3.64 
 319  1.18 -2.54  3.64 
 320  1.37 -2.42  3.64 
 321  1.36 -2.05  3.64 
 322  2.69 -1.53  3.64 
 323  1.63 -2.07  3.64 
 324 -0.93 -1.96  3.64 
 325  0.49 -0.93  3.64 
 326  0.86 -0.18  3.64 
 327  0.05  0.94  3.64 
 328 -0.50  1.18  3.64 
 329  2.68 -1.97  3.64 
 330  0.73 -2.71  3.64 
 331  1.31  1.86  3.64 
 332  1.57 -0.91  3.64 
 333  2.04 -2.25  3.64 
 334  0.21 -0.17  3.64 
 335  0.28 -2.11  3.64 
 336 -0.28 -0.80  3.64 
 337  1.26 -2.27  3.64 
 338  0.73 -2.17  3.64 
 339  2.65  0.21  3.64 
 340  2.40 -0.03  3.64 
 341  0.92 -1.48  3.64 
 342  1.40 -1.33  3.64 
 343  3.36 -2.42  3.64 
 344  4.86 -1.42  3.64 
 345  3.06 -1.70  4.86 
 346  0.52 -2.30  4.86 
 347  2.34 -1.95  4.86 
 348  5.00  1.12  4.86 
 349  3.46 -0.26  5.00 
 350  2.36  1.31  5.00 
 351  2.89 -1.92  5.00 
 352  0.96 -1.36  5.00 
 353  3.03 -1.40  5.00 
 354  1.01 -1.94  5.00 
 355  4.08 -1.95  5.00 
 356  3.12 -2.43  5.00 
 357  1.00 -0.81  5.00 
 358  3.95 -2.05  5.00 
 359  2.61 -2.51  5.00 
 360  1.15 -2.43  5.00 
 361  2.96 -3.13  5.00 
 362  2.30 -2.41  5.00 
 363  1.24 -1.84  5.00 
 364  3.81 -1.62  5.00 
 365  3.86 -2.10  5.00 
 366  2.44 -1.66  5.00 
 367  2.81 -1.85  5.00 
 368  3.59 -0.28  5.00 
 369  2.75  0.46  5.00 
 370  2.41 -0.45  5.00 
 371  4.35 -2.35  5.00 
 372  2.90 -1.44  5.00 
 373  6.70 -0.20  5.00 
 374  5.13 -0.00  6.70 
 375  4.16 -0.56  6.70 
 376  1.06 -0.75  6.70 
 377  3.12  0.01  6.70 
 378  2.80 -1.00  6.70 
 379  0.34 -1.64  6.70 
 380  0.22 -1.57  6.70 
 381  1.29  1.49  6.70 
 382  1.49  5.68  6.70 
 383  4.27  6.00  6.70 
 384  2.04  0.91  6.70 
 385  2.68  1.26  6.70 
 386  7.72 -0.02  6.70 
 387  2.35  1.82  7.72 
 388  4.01  7.23  7.72 
 389  2.06  2.52  7.72 
 390  2.55 -1.21  7.72 
 391  1.39 -2.05  7.72 
 392  1.13 -0.63  7.72 
 393  4.27  1.15  7.72 
 394  0.91  1.54  7.72 
 395  3.03 -1.34  7.72 
 396  4.45 -1.16  7.72 
 397  4.80 -1.44  7.72 
 398  5.04 -1.49  7.72 
 399  5.96 -1.51  7.72 
 400  4.69 -0.93  7.72 
 401  5.80  6.62  7.72 
 402  4.06 -1.03  7.72 
 403  3.33 -0.23  7.72 
 404  5.24 -1.62  7.72 
 405  4.21 -1.03  7.72 
 406  6.00 -1.25  7.72 
 407  6.58 -0.28  7.72 
 408  5.05 -1.88  7.72 
 409  5.15 -1.50  7.72 
 410  4.56 -1.05  7.72 
 411  4.79 -1.05  7.72 
 412  4.04 -1.06  7.72 
 413  5.86 -1.16  7.72 
 414  6.37 -0.35  7.72 
 415  6.41 -0.46  7.72 
 416  6.40  0.00  7.72 
 417  8.55 -0.47  7.72 
 418  3.65 -0.58  8.55 
 419  9.42  0.13  8.55 
 420  4.11 -0.43  9.42 
 421  6.38  0.01  9.42 
 422  2.77  0.44  9.42 
 423  3.53  0.79  9.42 
 424  3.01 -1.03  9.42 
 425  5.18 -1.38  9.42 
 426  4.81 -0.20  9.42 
 427  5.21 -0.94  9.42 
 428  7.09 -0.52  9.42 
 429  7.20 -0.27  9.42 
 430  4.56 -0.39  9.42 
 431  9.72 -0.38  9.42 
 432  1.52 -0.86  9.72 
 433  4.30 -1.02  9.72 
 434  4.24 -1.57  9.72 
 435  3.79 -1.40  9.72 
 436  7.56 -1.02  9.72 
 437  4.27 -1.30  9.72 
 438  4.51 -0.95  9.72 
 439  4.98 -1.59  9.72 
 440  4.16 -1.64  9.72 
 441  6.68 -0.50  9.72 
 442  7.78 -1.56  9.72 
 443  8.30 -0.60  9.72 
 444  4.93 -0.94  9.72 
 445  4.47 -0.79  9.72 
 446  5.29 -0.21  9.72 
 447  6.46 -0.53  9.72 
 448  3.44 -1.54  9.72 
 449  7.35 -0.60  9.72 
 450 10.67  2.66  9.72 
 451  6.46 -1.39 10.67 
 452  6.46  0.09 10.67 
 453  5.92  0.10 10.67 
 454  5.62 -1.56 10.67 
 455  6.23 -0.08 10.67 
 456  5.72  2.64 10.67 
 457  6.20 -1.70 10.67 
 458  7.58 -0.98 10.67 
 459  6.78 -1.67 10.67 
 460  6.46 -1.39 10.67 
 461  5.61 -2.44 10.67 
 462  5.37 -1.37 10.67 
 463  6.86 -2.67 10.67 
 464  9.60 -2.37 10.67 
 465  6.07 -1.83 10.67 
 466  2.63 -1.60 10.67 
 467 11.45 -0.53 10.67 
 468  3.73  4.40 11.45 
 469  5.67 -1.94 11.45 
 470  5.18 -0.55 11.45 
 471  8.93 -1.34 11.45 
 472  8.42 -0.19 11.45 
 473  5.20 -0.81 11.45 
 474  6.69  0.35 11.45 
 475  7.19  0.10 11.45 
 476  6.31 -0.79 11.45 
 477  5.78 -0.63 11.45 
 478  8.53 -2.35 11.45 
 479  7.16 -3.65 11.45 
 480  6.77 -0.82 11.45 
 481  4.90  1.43 11.45 
 482  6.42 -0.76 11.45 
 483  4.91 -1.01 11.45 
 484  4.16 -1.67 11.45 
 485  4.40 -1.52 11.45 
 486  8.61 -1.35 11.45 
 487  6.10  3.20 11.45 
 488  7.66  1.06 11.45 
 489  6.74 -1.12 11.45 
 490  6.30 -0.03 11.45 
 491  7.06  6.77 11.45 
 492  4.84 -0.19 11.45 
 493  3.69  0.85 11.45 
 494  5.64  0.33 11.45 
 495  5.37  2.06 11.45 
 496  5.67  0.14 11.45 
 497  6.19  1.21 11.45 
 498  8.76 -0.11 11.45 
 499  8.57  0.19 11.45 
 500  9.45  1.15 11.45 
 501  7.70 -0.07 11.45 
 502  6.43 -0.44 11.45 
 503  6.44 -2.76 11.45 
 504  7.76 -0.55 11.45 
 505  3.66 -0.85 11.45 
 506  7.36 -0.32 11.45 
 507  4.88  0.89 11.45 
 508  3.86 -1.27 11.45 
 509  6.71 -1.45 11.45 
 510  7.92 -1.91 11.45 
 511  5.34  0.50 11.45 
 512  6.06 -0.71 11.45 
 513  7.91 -0.19 11.45 
 514  7.15 -1.98 11.45 
 515  4.21 -0.52 11.45 
 516  6.98 -0.61 11.45 
 517  7.58 -1.14 11.45 
 518  7.61 -0.19 11.45 
 519  8.51  0.91 11.45 
 520  9.16 -1.63 11.45 
 521  5.85 -0.67 11.45 
 522  5.34 -1.30 11.45 
 523  5.46  7.43 11.45 
 524  4.36 -0.35 11.45 
 525  5.06  0.73 11.45 
 526  5.73  1.86 11.45 
 527  7.56 -1.58 11.45 
 528  5.87  1.91 11.45 
 529  8.74 -2.54 11.45 
 530  4.57  1.51 11.45 
 531  3.71 -2.35 11.45 
 532  6.38 -2.53 11.45 
 533  6.82 -2.58 11.45 
 534  6.00 -2.22 11.45 
 535  6.88 -1.59 11.45 
 536  6.34 -2.03 11.45 
 537  5.16 -2.29 11.45 
 538  6.94 -3.80 11.45 
 539  9.12 -2.30 11.45 
 540  7.04  0.72 11.45 
 541  5.35  2.05 11.45 
 542  5.73  4.70 11.45 
 543  4.66  2.51 11.45 
 544  3.55  1.74 11.45 
 545  6.49  5.01 11.45 
 546  5.40 -0.80 11.45 
 547  6.14 -1.23 11.45 
 548  4.27 -0.92 11.45 
 549  5.50  1.56 11.45 
 550  4.57  1.52 11.45 
 551  7.92 -0.69 11.45 
 552  5.51  1.06 11.45 
 553  6.08  0.17 11.45 
 554  7.99 -1.76 11.45 
 555  5.30 -1.96 11.45 
 556  6.26 -1.47 11.45 
 557  7.29 -1.36 11.45 
 558  5.68  0.16 11.45 
 559  5.30 -1.14 11.45 
 560  7.78 -0.21 11.45 
 561  5.93  0.24 11.45 
 562  6.21 -1.50 11.45 
 563  6.66 -1.20 11.45 
 564  5.82 -2.05 11.45 
 565  8.55 -1.34 11.45 
 566  7.63 -1.27 11.45 
 567  8.84 -0.91 11.45 
 568 10.49 -0.85 11.45 
 569  7.98 -0.79 11.45 
 570  7.94 -0.89 11.45 
 571  8.53 -1.15 11.45 
 572 11.73  2.61 11.45 
 573  7.93  0.80 11.73 
 574  7.49 -0.10 11.73 
 575  9.45 -1.40 11.73 
 576  6.52 -0.84 11.73 
 577  8.96 -1.20 11.73 
 578  7.81  0.04 11.73 
 579  6.95 -2.33 11.73 
 580  6.78  0.03 11.73 
 581  3.83 -1.93 11.73 
 582  8.37 -1.67 11.73 
 583  7.73 -1.49 11.73 
 584  5.03 -0.42 11.73 
 585  7.54 -0.50 11.73 
 586  8.38 -1.76 11.73 
 587  6.25 -1.40 11.73 
 588  7.02 -0.86 11.73 
 589  3.98  0.96 11.73 
 590  8.39  0.70 11.73 
 591  7.47  4.30 11.73 
 592  6.83  7.85 11.73 
 593  5.36 -1.03 11.73 
 594  6.02 -1.33 11.73 
 595  8.78 -0.13 11.73 
 596 10.12  0.81 11.73 
 597  9.84  1.02 11.73 
 598  5.73  3.11 11.73 
 599  6.71  2.37 11.73 
 600  6.29  0.13 11.73 
 601  6.20 -0.37 11.73 
 602  6.88 -0.45 11.73 
 603  4.55  6.17 11.73 
 604  2.49 -0.48 11.73 
 605  4.02 -0.56 11.73 
 606  6.84  0.10 11.73 
 607  7.61  1.16 11.73 
 608  7.68  2.23 11.73 
 609 10.72  1.50 11.73 
 610  7.62 -0.15 11.73 
 611  4.12  0.17 11.73 
 612  7.59  0.50 11.73 
 613 10.30  2.08 11.73 
 614  8.10  2.17 11.73 
 615  6.31  1.89 11.73 
 616  9.21  1.36 11.73 
 617  7.65  4.79 11.73 
 618 12.07  3.33 11.73 
 619 11.38  6.45 12.07 
 620  8.66  5.04 12.07 
 621  6.59 -0.36 12.07 
 622 10.53  2.94 12.07 
 623  8.18  2.70 12.07 
 624  9.12  1.28 12.07 
 625 12.32  5.24 12.07 
 626 10.81  1.43 12.32 
 627 11.69  0.87 12.32 
 628 11.70  1.06 12.32 
 629 12.12  5.15 12.32 
 630 10.62  0.08 12.32 
 631  6.54  5.76 12.32 
 632  7.58  2.62 12.32 
 633  9.03  3.86 12.32 
 634  7.80  6.69 12.32 
 635  5.22  5.20 12.32 
 636  5.42  5.60 12.32 
 637  8.53  6.88 12.32 
 638  8.53  4.28 12.32 
 639 12.49  7.85 12.32 
 640  7.24  9.20 12.49 
 641  5.77 11.60 12.49 
 642  7.15  6.57 12.49 
 643  3.91  2.70 12.49 
 644  5.50  2.38 12.49 
 645 13.10  2.29 12.49 
 646 13.37  3.26 13.10 
 647  6.41  2.31 13.37 
 648 10.16 14.48 13.37 
 649  8.01  5.85 13.37 
 650  7.43  4.02 13.37 
 651  7.99 15.43 13.37 
 652 12.57 11.29 13.37 
 653  7.42 20.23 13.37 
 654  8.47  9.08 13.37 
 655 11.19  7.41 13.37 
 656  7.40  8.28 13.37 
 657 11.66  8.56 13.37 
 658  8.43 10.41 13.37 
 659  8.79  6.87 13.37 
 660  6.72  6.19 13.37 
 661  6.20  4.86 13.37 
 662 11.09  5.83 13.37 
 663 12.41  5.08 13.37 
 664 11.00  3.33 13.37 
 665 10.43  9.31 13.37 
 666 10.53  3.12 13.37 
 667 14.37  6.53 13.37 
 668  6.50  5.32 14.37 
 669 14.38  3.61 14.37 
 670 14.85  4.56 14.38 
 671 12.04  4.20 14.85 
 672  7.22  7.14 14.85 
 673  9.55  6.15 14.85 
 674  9.36  6.24 14.85 
 675 10.40  4.93 14.85 
 676 14.83  8.81 14.85 
 677 11.73 14.06 14.85 
 678 12.25  4.07 14.85 
 679  6.15  2.81 14.85 
 680  9.76  3.21 14.85 
 681  8.45  4.53 14.85 
 682 13.86  3.91 14.85 
 683 14.20  3.34 14.85 
 684 11.42  7.56 14.85 
 685  8.99  2.34 14.85 
 686 11.57 11.87 14.85 
 687 15.28  6.66 14.85 
 688 13.50  9.88 15.28 
 689  7.07 10.12 15.28 
 690 12.97  6.62 15.28 
 691  8.86  7.53 15.28 
 692 13.12 13.85 15.28 
 693 14.75  8.19 15.28 
 694  9.92  7.48 15.28 
 695 15.20 19.12 15.28 
 696 16.36 13.60 15.28 
 697 16.17 17.19 16.36 
 698 19.37 10.77 16.36 
 699 14.16  6.85 19.37 
 700 17.17 15.57 19.37 
 701 18.58  7.46 19.37 
 702 14.77  8.49 19.37 
 703 12.62  8.75 19.37 
 704 14.43  2.99 19.37 
 705 11.23  5.89 19.37 
 706 13.75  7.01 19.37 
 707 12.43 10.92 19.37 
 708 16.95 15.97 19.37 
 709 12.02  7.29 19.37 
 710 14.44  5.61 19.37 
 711 13.10  5.86 19.37 
 712 11.55 26.85 19.37 
 713 12.97  8.78 19.37 
 714 12.72  4.50 19.37 
 715 13.58  8.80 19.37 
 716  9.84 15.54 19.37 
 717 15.28  4.12 19.37 
 718  8.40  7.55 19.37 
 719 12.57 10.44 19.37 
 720 11.10  6.90 19.37 
 721 17.91 12.50 19.37 
 722  9.33 17.91 19.37 
 723 13.23  8.82 19.37 
 724 11.51 10.26 19.37 
 725 15.90 12.68 19.37 
 726 11.02 16.36 19.37 
 727 11.48 11.32 19.37 
 728 14.86  9.05 19.37 
 729 10.01  5.70 19.37 
 730 10.62 10.07 19.37 
 731 12.84  8.48 19.37 
 732  7.61 12.75 19.37 
 733 10.50 10.56 19.37 
 734  7.98 11.30 19.37 
 735 11.81  4.92 19.37 
 736 11.50 14.81 19.37 
 737 13.70 12.46 19.37 
 738 13.35 14.84 19.37 
 739 14.57 15.38 19.37 
 740 11.93 11.36 19.37 
 741 10.07 13.20 19.37 
 742 14.19  4.32 19.37 
 743 15.51  8.00 19.37 
 744 12.28  4.78 19.37 
 745 17.08  5.93 19.37 
 746 12.30  9.05 19.37 
 747 12.27 20.43 19.37 
 748 16.95 22.39 19.37 
 749  8.57  7.80 19.37 
 750 14.80  7.73 19.37 
 751 17.14  8.83 19.37 
 752 19.68  3.15 19.37 
 753 13.52 11.64 19.68 
 754 16.86  9.97 19.68 
 755 16.23  8.11 19.68 
 756 13.74 10.36 19.68 
 757 11.08  2.57 19.68 
 758 17.32  3.25 19.68 
 759 10.74 10.63 19.68 
 760 12.15  6.20 19.68 
 761 19.27 15.53 19.68 
 762 14.45  3.97 19.68 
 763 13.07  3.17 19.68 
 764 16.20  7.47 19.68 
 765 15.94  8.30 19.68 
 766 10.88 22.61 19.68 
 767 12.49  8.13 19.68 
 768 17.51  6.71 19.68 
 769 11.80 21.44 19.68 
 770 16.31 22.90 19.68 
 771 18.60 11.32 19.68 
 772 14.88  9.08 19.68 
 773 18.60 10.61 19.68 
 774 14.36 16.03 19.68 
 775 19.70  9.62 19.68 
 776 16.17 11.76 19.70 
 777 14.98  6.65 19.70 
 778 14.31 13.98 19.70 
 779 14.76 12.54 19.70 
 780 10.64  7.40 19.70 
 781 14.06  8.72 19.70 
 782 16.00 11.91 19.70 
 783 11.70 16.42 19.70 
 784 16.37 18.22 19.70 
 785 15.62 19.42 19.70 
 786 10.79 10.49 19.70 
 787 18.47  4.95 19.70 
 788 16.60  9.75 19.70 
 789 12.97 14.84 19.70 
 790 18.29  9.57 19.70 
 791 16.38  7.23 19.70 
 792 17.86 11.17 19.70 
 793 19.72 17.79 19.70 
 794 21.42 15.24 19.72 
 795 16.18 15.82 21.42 
 796 14.48 19.23 21.42 
 797 15.72 20.95 21.42 
 798 17.41 14.48 21.42 
 799 18.70 19.25 21.42 
