Iter | Sampling Pol | Evaluation Pol | Best (Sampled) 
   0 -6.75 -3.88 -100000000.00 
   1 -5.56 -4.22 -6.75 
   2 -4.72 -3.87 -5.56 
   3 -4.00 -1.63 -4.72 
   4 -4.07 -2.13 -4.00 
   5 -3.58 -2.59 -4.00 
   6 -1.67 -2.99 -3.58 
   7 -2.87 -1.14 -1.67 
   8 -2.42  0.35 -1.67 
   9 -2.30 -3.24 -1.67 
  10 -2.04 -2.65 -1.67 
  11 -1.46 -2.84 -1.67 
  12 -1.64 -2.38 -1.46 
  13 -2.13 -2.82 -1.46 
  14 -1.78 -2.67 -1.46 
  15 -1.61 -2.90 -1.46 
  16  0.04 -2.74 -1.46 
  17 -0.02 -0.98  0.04 
  18 -0.99 -1.63  0.04 
  19 -0.69 13.97  0.04 
  20  1.11  2.60  0.04 
  21 -0.06 -1.74  1.11 
  22 -0.31 -2.51  1.11 
  23 -0.60  1.02  1.11 
  24  0.14  1.97  1.11 
  25  1.14  0.71  1.11 
  26  1.62 -0.40  1.14 
  27  2.30  2.92  1.62 
  28  0.23  6.42  2.30 
  29  2.26  5.65  2.30 
  30  0.66  1.29  2.30 
  31  3.24  6.76  2.30 
  32  3.39  3.43  3.24 
  33  0.66  4.18  3.39 
  34  1.88 -1.33  3.39 
  35  8.43  2.82  3.39 
  36  2.97  4.13  8.43 
  37  7.69  6.92  8.43 
  38  3.96  2.24  8.43 
  39  2.38  7.87  8.43 
  40  3.57  5.57  8.43 
  41  5.22  3.72  8.43 
  42  7.13  6.93  8.43 
  43  5.77 -1.88  8.43 
  44  3.70  1.66  8.43 
  45  8.99  4.77  8.43 
  46  7.85  3.56  8.99 
  47  8.97  6.12  8.99 
  48  9.13  7.28  8.99 
  49  5.50  4.32  9.13 
  50 12.52  3.23  9.13 
  51  9.20  7.38 12.52 
  52  5.41  5.50 12.52 
  53  6.94  3.84 12.52 
  54  8.10  3.92 12.52 
  55  8.13  8.68 12.52 
  56  9.69  7.06 12.52 
  57  7.07  8.98 12.52 
  58  5.60  5.59 12.52 
  59 11.05 17.14 12.52 
  60  7.33  9.85 12.52 
  61  9.66 17.95 12.52 
  62 14.08 20.96 12.52 
  63 12.20  6.24 14.08 
  64 15.43  8.98 14.08 
  65 13.58 28.96 15.43 
  66 12.95 20.40 15.43 
  67 13.41 33.19 15.43 
  68 13.10  9.92 15.43 
  69 16.18 24.82 15.43 
  70 19.40 26.59 16.18 
  71 18.54 24.91 19.40 
  72 19.27 37.01 19.40 
  73 16.91 18.54 19.40 
  74 27.94  7.37 19.40 
  75 21.88 50.57 27.94 
  76 21.29 15.98 27.94 
  77 23.31  6.81 27.94 
  78 16.36 22.93 27.94 
  79 22.03  5.28 27.94 
  80 36.01 28.50 27.94 
  81 13.39  8.60 36.01 
  82 33.37  4.39 36.01 
  83 32.94  1.90 36.01 
  84 28.34  9.46 36.01 
  85 21.01  2.83 36.01 
  86 22.68 18.99 36.01 
  87 33.71 24.22 36.01 
  88 23.15 27.54 36.01 
  89 24.36 22.86 36.01 
  90 24.74 27.21 36.01 
  91 25.79 24.18 36.01 
  92 35.70 18.46 36.01 
  93 29.73 16.22 36.01 
  94 43.78 14.39 36.01 
  95 36.79 104.60 43.78 
  96 35.26 24.12 43.78 
  97 42.91 34.77 43.78 
  98 34.57 52.98 43.78 
  99 62.13 35.14 43.78 
 100 47.47 113.76 62.13 
 101 33.61 16.54 62.13 
 102 39.98 15.50 62.13 
 103 44.21 118.84 62.13 
 104 68.70 36.78 62.13 
 105 90.55 19.49 68.70 
 106 61.67 18.40 90.55 
 107 75.33 56.41 90.55 
 108 64.34 86.99 90.55 
 109 70.65 15.69 90.55 
 110 84.55 31.92 90.55 
 111 52.41 84.50 90.55 
 112 76.31 52.04 90.55 
 113 67.51 73.33 90.55 
 114 68.63 40.71 90.55 
 115 69.98 16.97 90.55 
 116 69.36 42.41 90.55 
 117 76.36 54.02 90.55 
 118 87.48 133.41 90.55 
 119 104.18 58.19 90.55 
 120 89.01 62.57 104.18 
 121 144.68 52.06 104.18 
 122 95.67 53.29 144.68 
 123 102.38 81.72 144.68 
 124 112.91 37.36 144.68 
 125 133.26 50.68 144.68 
 126 123.14 123.33 144.68 
 127 104.90 155.45 144.68 
 128 150.73 186.75 144.68 
 129 122.59 169.50 150.73 
 130 141.65 247.60 150.73 
 131 140.22 152.62 150.73 
 132 138.08 169.52 150.73 
 133 123.00 197.13 150.73 
 134 155.98 287.07 150.73 
 135 168.10 317.89 155.98 
 136 130.51 316.10 168.10 
 137 217.46 273.78 168.10 
 138 189.18 190.21 217.46 
 139 212.23 183.38 217.46 
 140 221.75 200.72 217.46 
 141 219.47 199.65 221.75 
 142 223.85 323.31 221.75 
 143 196.60 174.99 223.85 
 144 265.85 350.43 223.85 
 145 239.12 288.34 265.85 
 146 303.39 214.48 265.85 
 147 279.16 207.88 303.39 
 148 331.89 321.00 303.39 
 149 341.06 415.22 331.89 
 150 286.20 202.52 341.06 
 151 350.60 295.66 341.06 
 152 307.06 274.77 350.60 
 153 260.38 400.15 350.60 
 154 378.59 341.65 350.60 
 155 361.46 303.85 378.59 
 156 356.24 233.93 378.59 
 157 387.72 249.09 378.59 
 158 341.61 398.18 387.72 
 159 448.25 403.47 387.72 
 160 457.65 407.86 448.25 
 161 463.29 501.96 457.65 
 162 439.50 365.72 463.29 
 163 444.63 466.15 463.29 
 164 434.72 511.47 463.29 
 165 480.20 437.21 463.29 
 166 510.27 578.31 480.20 
 167 468.13 624.53 510.27 
 168 562.47 606.78 510.27 
 169 489.90 607.60 562.47 
 170 648.18 545.13 562.47 
 171 481.55 515.07 648.18 
 172 535.21 534.92 648.18 
 173 511.35 488.12 648.18 
 174 611.28 530.76 648.18 
 175 563.41 460.41 648.18 
 176 649.20 448.32 648.18 
 177 585.39 342.09 649.20 
 178 637.40 400.82 649.20 
 179 629.55 385.04 649.20 
 180 516.47 509.81 649.20 
 181 755.32 548.46 649.20 
 182 622.95 689.05 755.32 
 183 676.27 729.57 755.32 
 184 689.60 825.47 755.32 
 185 721.79 712.13 755.32 
 186 706.49 802.30 755.32 
 187 812.58 692.23 755.32 
 188 767.53 681.78 812.58 
 189 749.13 788.60 812.58 
 190 803.90 534.01 812.58 
 191 731.50 716.63 812.58 
 192 762.66 687.27 812.58 
 193 820.38 618.04 812.58 
 194 810.84 681.67 820.38 
 195 876.61 677.76 820.38 
 196 954.90 823.89 876.61 
 197 811.85 737.49 954.90 
 198 980.70 828.19 954.90 
 199 891.04 715.81 980.70 
 200 977.12 953.83 980.70 
 201 989.58 1256.50 980.70 
 202 835.93 1051.20 989.58 
 203 957.55 977.42 989.58 
 204 907.38 1040.93 989.58 
 205 917.29 1043.19 989.58 
 206 960.25 973.99 989.58 
 207 1016.23 1020.66 989.58 
 208 1025.08 1040.31 1016.23 
 209 1023.06 1137.52 1025.08 
 210 1115.38 1100.24 1025.08 
 211 1049.74 1333.85 1115.38 
 212 1192.97 1309.90 1115.38 
 213 1230.71 1356.65 1192.97 
 214 1004.71 1422.56 1230.71 
 215 1049.67 1532.49 1230.71 
 216 1081.71 1525.57 1230.71 
 217 1162.47 1934.12 1230.71 
 218 1375.98 1650.83 1230.71 
 219 1193.94 1559.31 1375.98 
 220 1201.64 1612.20 1375.98 
 221 1212.57 1207.28 1375.98 
 222 1173.11 1239.98 1375.98 
 223 1328.75 1287.21 1375.98 
 224 1271.39 1608.22 1375.98 
 225 1357.38 1348.92 1375.98 
 226 1279.38 1622.14 1375.98 
 227 1308.24 1693.18 1375.98 
 228 1572.34 1698.36 1375.98 
 229 1337.86 1762.93 1572.34 
 230 1419.33 1772.37 1572.34 
 231 1269.71 1590.56 1572.34 
 232 1309.12 1561.14 1572.34 
 233 1412.88 1875.43 1572.34 
 234 1340.39 1665.49 1572.34 
 235 1459.76 1890.32 1572.34 
 236 1390.66 1744.40 1572.34 
 237 1430.93 1804.84 1572.34 
 238 1377.75 1751.43 1572.34 
 239 1548.31 1588.41 1572.34 
 240 1557.46 1583.84 1572.34 
 241 1436.83 1740.12 1572.34 
 242 1677.03 1980.35 1572.34 
 243 1581.01 1970.43 1677.03 
 244 1569.59 1941.30 1677.03 
 245 1682.65 1697.92 1677.03 
 246 1628.45 1705.85 1682.65 
 247 1703.60 2062.05 1682.65 
 248 1633.91 1999.20 1703.60 
 249 1659.70 2048.46 1703.60 
 250 1676.74 2025.40 1703.60 
 251 1721.20 2190.83 1703.60 
 252 1634.25 2085.79 1721.20 
 253 1778.36 2006.50 1721.20 
 254 1762.09 2258.02 1778.36 
 255 1912.97 1895.61 1778.36 
 256 1806.35 1689.05 1912.97 
 257 1715.75 2151.58 1912.97 
 258 1788.87 1873.91 1912.97 
 259 1721.45 1855.79 1912.97 
 260 1912.03 1903.37 1912.97 
 261 1904.54 1793.97 1912.97 
 262 1850.65 1645.99 1912.97 
 263 1974.99 1825.96 1912.97 
 264 1876.53 2085.24 1974.99 
 265 1843.62 1972.08 1974.99 
 266 1781.32 2019.92 1974.99 
 267 2005.23 2202.43 1974.99 
 268 1951.38 1986.82 2005.23 
 269 1827.23 1972.01 2005.23 
 270 1885.80 1877.56 2005.23 
 271 1836.05 2060.58 2005.23 
 272 2060.52 1827.90 2005.23 
 273 1991.34 1739.77 2060.52 
 274 1867.91 1935.46 2060.52 
 275 1967.60 2029.36 2060.52 
 276 2005.54 1868.09 2060.52 
 277 2031.57 1875.43 2060.52 
 278 2103.58 2088.19 2060.52 
 279 1970.02 1713.09 2103.58 
 280 2012.82 1726.82 2103.58 
 281 2025.65 2011.75 2103.58 
 282 2136.52 1925.49 2103.58 
 283 2268.92 2180.43 2136.52 
 284 2097.50 2460.43 2268.92 
 285 2040.90 2409.29 2268.92 
 286 2036.21 2088.63 2268.92 
 287 2247.78 2207.23 2268.92 
 288 2268.30 2229.03 2268.92 
 289 2081.61 2452.62 2268.92 
 290 2165.29 2672.14 2268.92 
 291 2240.81 2547.19 2268.92 
 292 2088.39 2468.41 2268.92 
 293 2304.14 2476.86 2268.92 
 294 2417.33 2622.12 2304.14 
 295 2116.44 2727.13 2417.33 
 296 2120.50 2628.44 2417.33 
 297 2342.52 2512.42 2417.33 
 298 2188.42 2385.68 2417.33 
 299 2203.32 2442.03 2417.33 
