Iter | Sampling Pol | Evaluation Pol | Best (Sampled) 
   0 -6.26 -8.57 -100000000.00 
   1 -5.32 -7.92 -6.26 
   2 -4.99 -6.12 -5.32 
   3 -5.00 -4.38 -4.99 
   4 -4.40 -4.47 -4.99 
   5 -4.77 -3.96 -4.40 
   6 -4.00 -4.28 -4.40 
   7 -3.83 -4.55 -4.00 
   8 -3.30 -4.03 -3.83 
   9 -3.20 -3.15 -3.30 
  10 -3.59 -3.33 -3.20 
  11 -2.00 -4.32 -3.20 
  12 -2.24 -3.67 -2.00 
  13 -1.16 -3.20 -2.00 
  14 -1.96 -4.13 -1.16 
  15 -2.92 -4.47 -1.16 
  16 -3.03 -3.76 -1.16 
  17 -2.17 -3.34 -1.16 
  18 -1.39 -3.21 -1.16 
  19 -2.84 -0.79 -1.16 
  20 -1.30 -3.21 -1.16 
  21 -2.52 -3.64 -1.16 
  22 -2.20 -3.70 -1.16 
  23 -2.22 -3.76 -1.16 
  24 -2.72 -4.12 -1.16 
  25 -2.12 -4.26 -1.16 
  26 -1.33 -4.36 -1.16 
  27  0.07 -4.09 -1.16 
  28 -2.46 -4.15  0.07 
  29 -0.67 -4.25  0.07 
  30 -1.08 -3.98  0.07 
  31 -0.61 -4.27  0.07 
  32 -1.24 -2.31  0.07 
  33 -0.13 -3.92  0.07 
  34 -1.14 -4.31  0.07 
  35  0.28 -3.94  0.07 
  36  0.17 -3.58  0.28 
  37  1.78 -3.71  0.28 
  38  0.65 -3.64  1.78 
  39 -0.01 -2.24  1.78 
  40  1.16 -3.53  1.78 
  41  2.39 -3.39  1.78 
  42  0.93 -3.32  2.39 
  43  0.83 -3.09  2.39 
  44  2.14 -3.10  2.39 
  45  1.77 -3.89  2.39 
  46 -0.37 -2.42  2.39 
  47  2.62 -3.87  2.39 
  48  2.99 -2.37  2.62 
  49  2.24 -3.30  2.99 
  50  3.03 -3.34  2.99 
  51  0.16 -2.88  3.03 
  52  2.99 -2.69  3.03 
  53  0.63 -3.47  3.03 
  54  0.59 -3.74  3.03 
  55  0.74 -3.29  3.03 
  56  0.86 -3.11  3.03 
  57  0.80 -0.03  3.03 
  58  2.98  1.73  3.03 
  59  2.92  3.37  3.03 
  60  1.44  2.10  3.03 
  61  5.02  0.13  3.03 
  62  1.56  0.88  5.02 
  63  2.97  3.35  5.02 
  64  3.58 22.14  5.02 
  65  3.97  4.97  5.02 
  66  6.45  0.90  5.02 
  67  5.89 -0.64  6.45 
  68  3.67  0.87  6.45 
  69 10.75  7.65  6.45 
  70  4.51  1.06 10.75 
  71  6.62  0.91 10.75 
  72  7.27  9.47 10.75 
  73  5.81 10.27 10.75 
  74  5.14 11.73 10.75 
  75  9.44 12.09 10.75 
  76  2.38  6.58 10.75 
  77  1.97 19.72 10.75 
  78  8.32  5.29 10.75 
  79  6.47  7.93 10.75 
  80  7.07  4.72 10.75 
  81  9.81  6.31 10.75 
  82  6.45  4.05 10.75 
  83  7.90  3.55 10.75 
  84 15.82  0.85 10.75 
  85  6.88  4.89 15.82 
  86  3.81  2.76 15.82 
  87  7.77  1.69 15.82 
  88  6.50 -2.65 15.82 
  89  5.56 -2.70 15.82 
  90  4.85 -2.62 15.82 
  91  4.17 -2.75 15.82 
  92 14.51  0.24 15.82 
  93 10.95  2.01 15.82 
  94 22.56 -2.78 15.82 
  95 12.88 -3.13 22.56 
  96  9.98 -1.16 22.56 
  97 11.39 -0.34 22.56 
  98  8.59  2.43 22.56 
  99  8.92  1.57 22.56 
 100  8.82  5.64 22.56 
 101  9.46  3.30 22.56 
 102 10.73 -0.51 22.56 
 103 18.95 -2.47 22.56 
 104 10.50 -2.65 22.56 
 105 14.74 -2.65 22.56 
 106 15.71 -2.67 22.56 
 107 13.82 -2.68 22.56 
 108 10.16 -2.62 22.56 
 109 11.70 -0.11 22.56 
 110 15.44 -0.14 22.56 
 111  9.93 -2.39 22.56 
 112 16.81 -1.65 22.56 
 113 12.43 -2.67 22.56 
 114 10.87 -2.19 22.56 
 115 18.19 -1.40 22.56 
 116 11.71 -2.80 22.56 
 117 14.82  2.42 22.56 
 118 15.22 -0.06 22.56 
 119 16.54 -1.89 22.56 
 120 17.43 -2.79 22.56 
 121 14.96 -2.64 22.56 
 122 13.89 -2.60 22.56 
 123 12.66 -2.56 22.56 
 124 14.94 -2.82 22.56 
 125 20.65 -2.49 22.56 
 126 18.06 -2.72 22.56 
 127 17.43 -2.59 22.56 
 128 20.19 -2.74 22.56 
 129 18.58 -2.72 22.56 
 130 23.97 -2.81 22.56 
 131 26.64 -2.69 23.97 
 132 20.02  0.19 26.64 
 133 20.32 -0.41 26.64 
 134 34.61 -2.62 26.64 
 135 35.93 -2.59 34.61 
 136 20.89 -2.49 35.93 
 137 25.95 -2.34 35.93 
 138 21.25 -2.30 35.93 
 139 28.07 -2.23 35.93 
 140 29.29 -2.16 35.93 
 141 28.81 -0.49 35.93 
 142 30.98 -2.36 35.93 
 143 32.43 -2.20 35.93 
 144 22.45  0.60 35.93 
 145 32.39  0.75 35.93 
 146 37.62 -2.21 35.93 
 147 27.63  4.76 37.62 
 148 28.95  5.73 37.62 
 149 44.42  1.58 37.62 
 150 34.35 -1.51 44.42 
 151 38.83  2.58 44.42 
 152 34.03  0.59 44.42 
 153 36.50  5.11 44.42 
 154 47.25  4.73 44.42 
 155 34.29  2.90 47.25 
 156 39.90  4.17 47.25 
 157 37.09  7.50 47.25 
 158 37.22 11.19 47.25 
 159 43.25 22.25 47.25 
 160 57.11  6.65 47.25 
 161 50.32 11.65 57.11 
 162 57.90 30.85 57.11 
 163 43.98  5.90 57.90 
 164 60.02 10.00 57.90 
 165 58.03 11.43 60.02 
 166 61.53 17.58 60.02 
 167 53.03 15.61 61.53 
 168 72.53  3.72 61.53 
 169 61.24  3.58 72.53 
 170 58.26  3.52 72.53 
 171 72.09  6.03 72.53 
 172 57.44  6.71 72.53 
 173 70.26  6.24 72.53 
 174 58.23  3.98 72.53 
 175 45.10  8.25 72.53 
 176 65.50  9.32 72.53 
 177 84.08  5.70 72.53 
 178 82.56 10.64 84.08 
 179 99.40  6.86 84.08 
 180 72.46  6.50 99.40 
 181 67.86 36.69 99.40 
 182 59.96 27.37 99.40 
 183 91.46 36.05 99.40 
 184 89.04 52.07 99.40 
 185 75.83 64.66 99.40 
 186 93.56 81.08 99.40 
 187 94.31 64.21 99.40 
 188 103.75 49.50 99.40 
 189 90.50 41.64 103.75 
 190 105.75 63.96 103.75 
 191 86.11 51.48 105.75 
 192 132.26 45.43 105.75 
 193 104.00 61.52 132.26 
 194 112.07 41.41 132.26 
 195 105.43 68.66 132.26 
 196 92.81 40.57 132.26 
 197 90.09 65.68 132.26 
 198 89.15 124.91 132.26 
 199 94.20 192.58 132.26 
 200 91.38 201.53 132.26 
 201 84.42 85.07 132.26 
 202 108.40 103.78 132.26 
 203 114.07 120.16 132.26 
 204 90.44 121.40 132.26 
 205 113.15 56.40 132.26 
 206 86.46 101.04 132.26 
 207 88.95 116.88 132.26 
 208 108.67 112.64 132.26 
 209 104.52 19.40 132.26 
 210 89.33 44.43 132.26 
 211 108.33 23.92 132.26 
 212 111.67 48.79 132.26 
 213 124.26 119.12 132.26 
 214 107.24 63.42 132.26 
 215 103.41 68.56 132.26 
 216 94.74 100.38 132.26 
 217 117.92 69.88 132.26 
 218 120.18 62.44 132.26 
 219 144.05 61.30 132.26 
 220 137.32 35.34 144.05 
 221 130.76 145.08 144.05 
 222 150.62 257.44 144.05 
 223 140.35 73.03 150.62 
 224 123.89 97.46 150.62 
 225 133.34 228.16 150.62 
 226 143.34 149.25 150.62 
 227 151.71 119.91 150.62 
 228 160.32 148.67 151.71 
 229 115.96 142.96 160.32 
 230 186.71 193.85 160.32 
 231 158.07 222.71 186.71 
 232 145.62 219.90 186.71 
 233 170.69 88.62 186.71 
 234 132.03 117.50 186.71 
 235 188.11 107.18 186.71 
 236 186.46 83.94 188.11 
 237 168.31 30.42 188.11 
 238 184.10 143.55 188.11 
 239 174.94 153.60 188.11 
 240 186.32 159.87 188.11 
 241 173.24 66.12 188.11 
 242 219.63 64.72 188.11 
 243 199.95 215.49 219.63 
 244 191.53 146.19 219.63 
 245 201.49 282.35 219.63 
 246 193.65 279.99 219.63 
 247 216.97 405.21 219.63 
 248 263.62 188.37 219.63 
 249 223.27 230.87 263.62 
 250 249.82 187.87 263.62 
 251 196.41 160.54 263.62 
 252 226.78 305.74 263.62 
 253 268.20 155.86 263.62 
 254 294.13 285.61 268.20 
 255 247.57 214.27 294.13 
 256 232.57 280.85 294.13 
 257 239.55 213.16 294.13 
 258 314.87 161.75 294.13 
 259 323.60 195.18 314.87 
 260 295.31 283.19 323.60 
 261 287.36 234.10 323.60 
 262 383.95 334.06 323.60 
 263 336.46 341.72 383.95 
 264 326.40 328.02 383.95 
 265 353.97 285.78 383.95 
 266 274.14 297.18 383.95 
 267 308.63 323.46 383.95 
 268 325.10 350.97 383.95 
 269 330.91 261.13 383.95 
 270 370.20 409.50 383.95 
 271 405.70 375.29 383.95 
 272 431.19 544.22 405.70 
 273 392.72 283.44 431.19 
 274 424.21 93.67 431.19 
 275 413.46 210.46 431.19 
 276 401.89 143.27 431.19 
 277 455.96 249.63 431.19 
 278 398.39 259.51 455.96 
 279 456.57 361.57 455.96 
 280 384.15 339.98 456.57 
 281 403.62 365.75 456.57 
 282 475.31 474.67 456.57 
 283 473.57 379.87 475.31 
 284 484.18 487.70 475.31 
 285 494.81 291.34 484.18 
 286 511.95 293.15 494.81 
 287 510.60 127.78 511.95 
 288 555.76 285.89 511.95 
 289 565.97 447.77 555.76 
 290 555.85 254.35 565.97 
 291 569.08 305.12 565.97 
 292 522.76 270.08 569.08 
 293 604.01 87.50 569.08 
 294 545.20 167.46 604.01 
 295 464.61 271.85 604.01 
 296 640.64 605.53 604.01 
 297 640.48 351.33 640.64 
 298 573.23 342.17 640.64 
 299 522.09 242.73 640.64 
 276 376.22 278.76 -100000000.00 
 277 404.89 294.44 376.22 
 278 443.85 130.53 404.89 
 279 376.83 267.35 443.85 
 280 340.86 231.80 443.85 
 281 434.66 138.46 443.85 
 282 385.88 153.73 443.85 
 283 413.58 101.24 443.85 
 284 344.59 184.92 443.85 
 285 372.74 310.89 443.85 
 286 382.00 416.89 443.85 
 287 303.23 256.87 443.85 
 288 397.82 341.13 443.85 
 289 406.50 160.85 443.85 
 290 425.80 169.80 443.85 
 291 425.32 486.98 443.85 
 292 395.87 484.42 443.85 
 293 352.44 524.91 443.85 
 294 476.30 329.19 443.85 
 295 346.80 271.44 476.30 
 296 444.85 128.82 476.30 
 297 374.58 437.00 476.30 
 298 406.83 413.57 476.30 
 299 421.93 292.93 476.30 
 300 486.55 393.42 476.30 
 301 359.07 355.14 486.55 
 302 497.11 604.87 486.55 
 303 390.78 388.50 497.11 
 304 474.74 541.19 497.11 
 305 511.02 378.99 497.11 
 306 462.84 512.67 511.02 
 307 403.58 604.13 511.02 
 308 555.25 506.33 511.02 
 309 452.53 510.02 555.25 
 310 529.13 559.97 555.25 
 311 677.96 663.25 555.25 
 312 512.25 516.16 677.96 
 313 549.23 491.48 677.96 
 314 591.08 487.46 677.96 
 315 587.43 423.54 677.96 
 316 541.60 455.02 677.96 
 317 661.97 451.38 677.96 
 318 620.12 551.92 677.96 
 319 576.76 850.45 677.96 
 320 720.02 657.60 677.96 
 321 642.56 736.54 720.02 
 322 641.99 618.81 720.02 
 323 697.00 693.13 720.02 
 324 654.44 864.14 720.02 
 325 723.86 770.83 720.02 
 326 725.45 1030.78 723.86 
 327 812.03 801.94 725.45 
 328 673.47 955.31 812.03 
 329 779.78 590.42 812.03 
 330 808.44 503.85 812.03 
 331 699.73 815.07 812.03 
 332 812.94 649.78 812.03 
 333 820.00 757.03 812.94 
 334 737.57 852.22 820.00 
 335 906.63 712.47 820.00 
 336 941.26 992.29 906.63 
 337 929.89 1015.31 941.26 
 338 782.80 1056.95 941.26 
 339 817.61 899.24 941.26 
 340 974.70 961.74 941.26 
 341 849.49 702.46 974.70 
 342 935.28 1033.65 974.70 
 343 903.69 1059.50 974.70 
 344 1050.94 983.62 974.70 
 345 896.96 1015.71 1050.94 
 346 1073.79 1034.32 1050.94 
 347 954.74 1092.78 1073.79 
 348 985.00 1146.10 1073.79 
 349 1030.53 853.67 1073.79 
 350 953.34 863.97 1073.79 
 351 1096.45 1057.38 1073.79 
 352 988.63 857.31 1096.45 
 353 992.52 962.24 1096.45 
 354 1021.06 841.85 1096.45 
 355 967.58 803.83 1096.45 
 356 1074.00 986.88 1096.45 
 357 1110.22 894.64 1096.45 
 358 1014.91 1069.33 1110.22 
 359 969.74 1106.98 1110.22 
 360 958.58 915.69 1110.22 
 361 1179.28 1297.29 1110.22 
 362 983.73 1247.60 1179.28 
 363 1101.87 1148.00 1179.28 
 364 1195.66 1278.80 1179.28 
 365 1085.80 1340.94 1195.66 
 366 1056.31 1336.39 1195.66 
 367 1160.94 1146.37 1195.66 
 368 1128.93 1154.90 1195.66 
 369 1247.85 1081.75 1195.66 
 370 1126.79 875.39 1247.85 
 371 1173.94 978.92 1247.85 
 372 1130.49 1069.20 1247.85 
 373 1240.26 1175.42 1247.85 
 374 1199.93 901.24 1247.85 
 375 1115.43 1081.76 1247.85 
 376 1155.43 1003.30 1247.85 
 377 1122.02 864.28 1247.85 
 378 1234.07 897.55 1247.85 
 379 1208.82 745.78 1247.85 
 380 1221.55 1165.13 1247.85 
 381 1238.07 999.84 1247.85 
 382 1244.59 1063.23 1247.85 
 383 1239.01 1027.41 1247.85 
 384 1420.12 836.65 1247.85 
 385 1431.51 790.06 1420.12 
 386 1403.78 1043.60 1431.51 
 387 1279.42 1016.61 1431.51 
 388 1340.16 1038.80 1431.51 
 389 1386.52 897.99 1431.51 
 390 1429.09 935.55 1431.51 
 391 1384.19 1228.62 1431.51 
 392 1199.22 1313.04 1431.51 
 393 1305.60 1059.84 1431.51 
 394 1319.29 1360.05 1431.51 
 395 1299.12 1027.52 1431.51 
 396 1276.69 995.50 1431.51 
 397 1571.01 1513.36 1431.51 
 398 1409.29 1245.05 1571.01 
 399 1578.82 1649.91 1571.01 
 400 1600.53 1678.56 1578.82 
 401 1464.10 1601.69 1600.53 
 402 1597.16 1712.84 1600.53 
 403 1577.05 1631.63 1600.53 
 404 1528.46 1439.69 1600.53 
 405 1641.54 1637.41 1600.53 
 406 1722.25 1490.67 1641.54 
 407 1651.64 1568.53 1722.25 
 408 1658.62 1580.05 1722.25 
 409 1633.86 1602.14 1722.25 
 410 1663.33 1606.72 1722.25 
 411 1641.19 1569.48 1722.25 
 412 1535.25 1396.17 1722.25 
 413 1837.09 1420.35 1722.25 
 414 1627.50 1432.08 1837.09 
 415 1616.69 1500.38 1837.09 
 416 1493.33 1865.55 1837.09 
 417 1567.85 1650.55 1837.09 
 418 1628.62 1803.58 1837.09 
 419 1568.63 1692.46 1837.09 
 420 1555.59 1294.04 1837.09 
 421 1539.35 1518.03 1837.09 
 422 1759.46 1698.24 1837.09 
 423 1764.57 1635.22 1837.09 
 424 1839.66 1575.75 1837.09 
 425 1739.50 1764.54 1839.66 
 426 1698.12 1902.71 1839.66 
 427 1743.42 1722.61 1839.66 
 428 1854.61 1680.82 1839.66 
 429 1774.28 1703.41 1854.61 
 430 1778.77 1767.95 1854.61 
 431 1840.36 1872.82 1854.61 
 432 1883.73 1907.58 1854.61 
 433 2032.32 1720.93 1883.73 
 434 1838.98 2172.61 2032.32 
 435 1845.64 1842.08 2032.32 
 436 1909.71 1821.72 2032.32 
 437 1654.43 1951.11 2032.32 
 438 1941.50 1959.13 2032.32 
 439 1916.06 1877.52 2032.32 
 440 1803.13 2055.64 2032.32 
 441 1939.86 1923.13 2032.32 
 442 2001.58 1968.79 2032.32 
 443 1929.15 1876.60 2032.32 
 444 2045.72 2001.65 2032.32 
 445 1843.99 2059.50 2045.72 
 446 2060.45 2044.37 2045.72 
 447 1831.07 2066.52 2060.45 
 448 1968.09 1895.08 2060.45 
 449 1918.18 1873.67 2060.45 
 450 1964.40 1741.56 2060.45 
 451 1805.76 1925.63 2060.45 
 452 1899.14 1824.97 2060.45 
 453 2036.32 2014.72 2060.45 
 454 2086.55 1879.44 2060.45 
 455 1844.26 2093.43 2086.55 
 456 2158.85 2194.77 2086.55 
 457 2162.93 1670.64 2158.85 
 458 1878.48 2174.90 2162.93 
 459 1955.06 2140.19 2162.93 
 460 2133.06 2046.87 2162.93 
 461 1947.76 2271.91 2162.93 
 462 2026.09 2006.62 2162.93 
 463 2192.16 1974.81 2162.93 
 464 2037.15 2246.08 2192.16 
 465 2053.04 2344.19 2192.16 
 466 2049.45 2247.70 2192.16 
 467 2070.36 2415.83 2192.16 
 468 2150.97 2419.00 2192.16 
 469 1986.13 2223.82 2192.16 
 470 2046.28 2270.04 2192.16 
 471 1970.09 2174.61 2192.16 
 472 2073.55 2047.34 2192.16 
 473 1959.18 2010.38 2192.16 
 474 2212.24 2173.80 2192.16 
 475 2090.14 2097.75 2212.24 
 476 2133.76 2470.60 2212.24 
 477 2041.79 2092.21 2212.24 
 478 2154.37 1921.95 2212.24 
 479 2313.77 2278.16 2212.24 
 480 2104.16 1861.89 2313.77 
 481 2154.36 2443.89 2313.77 
 482 2415.87 2457.19 2313.77 
 483 2225.61 2688.88 2415.87 
 484 2040.75 2396.59 2415.87 
 485 2192.69 2579.11 2415.87 
 486 2351.29 2536.96 2415.87 
 487 2243.30 2778.09 2415.87 
 488 2107.59 2737.93 2415.87 
 489 2192.33 2688.45 2415.87 
 490 2155.02 2813.64 2415.87 
 491 2140.38 2744.20 2415.87 
 492 2159.87 2324.71 2415.87 
 493 2296.43 2668.10 2415.87 
 494 2372.85 2614.60 2415.87 
 495 2424.20 2515.16 2415.87 
 496 2453.39 2532.38 2424.20 
 497 2243.63 2353.44 2453.39 
 498 2379.26 2513.33 2453.39 
 499 2236.03 2632.57 2453.39 
 500 2244.01 2442.37 2453.39 
 501 2139.84 2424.26 2453.39 
 502 2256.04 2013.60 2453.39 
 503 2250.58 2180.11 2453.39 
 504 2154.11 2639.90 2453.39 
 505 2256.18 2329.50 2453.39 
 506 2309.15 2432.83 2453.39 
 507 2353.75 2314.31 2453.39 
 508 2225.40 2258.00 2453.39 
 509 2365.55 2039.47 2453.39 
 510 2195.93 2111.10 2453.39 
 511 2373.46 2596.21 2453.39 
 512 2370.17 2325.33 2453.39 
 513 2448.71 2355.38 2453.39 
 514 2187.70 2409.98 2453.39 
 515 2485.77 2664.41 2453.39 
 516 2293.93 2590.45 2485.77 
 517 2318.74 2345.69 2485.77 
 518 2291.36 2558.93 2485.77 
 519 2376.08 2860.05 2485.77 
 520 2423.76 2570.71 2485.77 
 521 2361.48 2943.21 2485.77 
 522 2368.63 2846.47 2485.77 
 523 2310.28 2678.22 2485.77 
 524 2494.60 2506.04 2485.77 
 525 2334.39 2620.33 2494.60 
 526 2300.41 2635.39 2494.60 
 527 2266.97 2672.83 2494.60 
 528 2142.87 2801.69 2494.60 
 529 2475.91 2701.81 2494.60 
 530 2398.52 2836.06 2494.60 
 531 2527.64 2620.59 2494.60 
 532 2319.32 2680.51 2527.64 
 533 2297.27 2798.50 2527.64 
 534 2558.39 3040.48 2527.64 
 535 2577.50 2946.88 2558.39 
 536 2454.65 2941.52 2577.50 
 537 2317.30 3121.49 2577.50 
 538 2448.59 3033.96 2577.50 
 539 2443.95 2775.48 2577.50 
 540 2566.25 2887.03 2577.50 
 541 2516.81 2975.89 2577.50 
 542 2394.98 3056.16 2577.50 
 543 2368.61 2886.16 2577.50 
 544 2425.38 2841.40 2577.50 
 545 2404.88 2502.93 2577.50 
 546 2521.82 2815.70 2577.50 
 547 2426.38 2768.51 2577.50 
 548 2596.09 2493.41 2577.50 
 549 2581.92 3082.17 2596.09 
 550 2379.11 3012.68 2596.09 
 551 2621.01 2597.26 2596.09 
 552 2400.41 2492.25 2621.01 
 553 2542.57 2973.97 2621.01 
 554 2473.33 3044.94 2621.01 
 555 2706.98 2874.35 2621.01 
 556 2403.80 2337.16 2706.98 
 557 2368.91 3067.54 2706.98 
 558 2409.93 2714.44 2706.98 
 559 2695.10 2699.17 2706.98 
 560 2472.68 2939.95 2706.98 
 561 2554.69 3011.70 2706.98 
 562 2574.81 2907.21 2706.98 
 563 2582.10 3008.49 2706.98 
 564 2365.85 3178.26 2706.98 
 565 2635.24 3067.69 2706.98 
 566 2563.87 3064.48 2706.98 
 567 2697.87 2889.03 2706.98 
 568 2642.30 1996.18 2706.98 
 569 2485.34 2878.02 2706.98 
 570 2677.16 3120.63 2706.98 
 571 2481.09 3032.42 2706.98 
 572 2563.46 3036.00 2706.98 
 573 2547.88 3172.89 2706.98 
 574 2691.33 3044.21 2706.98 
 575 2570.65 2354.11 2706.98 
 576 2540.54 2832.46 2706.98 
 577 2700.86 3083.11 2706.98 
 578 2781.68 3040.28 2706.98 
 579 2716.78 3203.11 2781.68 
 580 2570.43 3009.47 2781.68 
 581 2669.59 3034.90 2781.68 
 582 2876.22 2969.85 2781.68 
 583 2585.36 2997.39 2876.22 
 584 2782.16 2914.37 2876.22 
 585 2615.50 2753.71 2876.22 
 586 2546.25 2913.80 2876.22 
 587 2904.50 2720.92 2876.22 
 588 2792.19 2718.31 2904.50 
 589 2802.99 2420.36 2904.50 
 590 2669.40 2780.89 2904.50 
 591 2645.98 2558.82 2904.50 
 592 2687.08 2805.69 2904.50 
 593 2633.21 2395.61 2904.50 
 594 2712.66 2887.39 2904.50 
 595 2787.54 3058.83 2904.50 
 596 2876.41 3032.32 2904.50 
 597 2685.95 2745.90 2904.50 
 598 2602.77 3154.13 2904.50 
 599 2643.93 3302.96 2904.50 
 600 2921.26 3068.53 2904.50 
 601 2780.89 3022.58 2921.26 
 602 2706.37 3136.47 2921.26 
 603 2772.42 2959.82 2921.26 
 604 2802.80 2656.78 2921.26 
 605 2582.60 2726.80 2921.26 
 606 2665.90 2885.99 2921.26 
 607 2728.28 2992.22 2921.26 
 608 2849.62 2951.28 2921.26 
 609 2647.93 3032.35 2921.26 
 610 2786.16 3055.36 2921.26 
 611 2784.17 3205.60 2921.26 
 612 2697.86 3232.80 2921.26 
 613 2687.85 2993.90 2921.26 
 614 2627.18 3166.43 2921.26 
 615 2817.51 3009.02 2921.26 
 616 2752.27 3125.05 2921.26 
 617 2881.87 3336.91 2921.26 
 618 2833.64 3312.54 2921.26 
 619 2723.96 3137.96 2921.26 
 620 2706.24 3167.63 2921.26 
 621 2857.79 3081.58 2921.26 
 622 2735.59 3313.81 2921.26 
 623 2671.11 3101.29 2921.26 
 624 2843.28 3293.99 2921.26 
 625 2782.80 3308.58 2921.26 
 626 2866.22 3222.28 2921.26 
 627 2790.12 3304.64 2921.26 
 628 2804.56 3420.79 2921.26 
 629 2754.01 3345.81 2921.26 
 630 2892.61 3225.88 2921.26 
 631 2908.19 3228.51 2921.26 
 632 2970.43 3396.49 2921.26 
 633 2822.40 3293.66 2970.43 
 634 2786.81 3207.63 2970.43 
 635 2751.09 3251.29 2970.43 
 636 2703.09 3159.49 2970.43 
 637 2871.26 3301.29 2970.43 
 638 2826.56 3303.06 2970.43 
 639 2884.37 3412.49 2970.43 
 640 2903.77 3389.59 2970.43 
 641 2953.07 3222.83 2970.43 
 642 2839.12 3317.20 2970.43 
 643 2912.52 3273.37 2970.43 
 644 2920.13 3265.98 2970.43 
 645 2863.01 3174.88 2970.43 
 646 2891.92 3295.60 2970.43 
 647 2886.95 2925.52 2970.43 
 648 2953.26 3180.36 2970.43 
 649 2833.07 3235.96 2970.43 
 650 2903.49 3196.79 2970.43 
 651 2959.06 3337.45 2970.43 
 652 2890.27 3352.47 2970.43 
 653 2943.63 3286.78 2970.43 
 654 3140.23 3315.11 2970.43 
 655 2900.23 3294.26 3140.23 
 656 2951.26 3146.01 3140.23 
 657 2908.10 3305.21 3140.23 
 658 2990.95 3286.45 3140.23 
 659 2899.70 3156.72 3140.23 
 660 2977.48 3292.97 3140.23 
 661 3048.84 2861.62 3140.23 
 662 2847.28 3197.56 3140.23 
 663 2983.00 3073.17 3140.23 
 664 3029.10 3165.50 3140.23 
 665 2904.19 2792.78 3140.23 
 666 2934.64 3027.66 3140.23 
 667 2905.20 2841.24 3140.23 
 668 2859.55 3015.58 3140.23 
 669 2789.35 2740.10 3140.23 
 670 3027.67 2924.47 3140.23 
 671 2999.12 3007.84 3140.23 
 672 2902.59 2938.93 3140.23 
 673 2873.86 3235.17 3140.23 
 674 2902.11 3311.20 3140.23 
 675 3051.61 3163.54 3140.23 
 676 2920.75 3096.63 3140.23 
 677 2932.08 3001.24 3140.23 
 678 2740.31 3145.27 3140.23 
 679 3009.12 3381.96 3140.23 
 680 2992.42 3179.29 3140.23 
 681 2957.50 3028.80 3140.23 
 682 2955.74 3283.63 3140.23 
 683 2969.67 3208.96 3140.23 
 684 2925.47 2905.20 3140.23 
 685 2858.51 2932.04 3140.23 
 686 2810.02 3273.95 3140.23 
 687 2935.02 3600.06 3140.23 
 688 2766.01 3555.52 3140.23 
 689 2674.65 3541.42 3140.23 
 690 3140.62 3351.04 3140.23 
 691 2868.46 3445.92 3140.62 
 692 3069.75 3353.38 3140.62 
 693 3033.85 3116.91 3140.62 
 694 2828.45 3192.34 3140.62 
 695 2985.42 2974.63 3140.62 
 696 3180.38 3116.85 3140.62 
 697 2857.55 3238.35 3180.38 
 698 2867.20 3125.33 3180.38 
 699 3072.29 3122.46 3180.38 
 700 2993.99 3273.23 3180.38 
 701 2960.37 3414.99 3180.38 
 702 2973.70 3144.39 3180.38 
 703 3121.67 3076.23 3180.38 
 704 2949.51 3130.56 3180.38 
 705 2983.20 3312.00 3180.38 
 706 3072.67 3131.45 3180.38 
 707 3168.21 3324.37 3180.38 
 708 2842.69 3242.42 3180.38 
 709 3123.49 3175.52 3180.38 
 710 3020.83 3239.61 3180.38 
 711 3048.90 3254.69 3180.38 
 712 3164.44 3337.48 3180.38 
 713 3128.51 3131.36 3180.38 
 714 3203.52 3373.36 3180.38 
 715 3061.45 3357.46 3203.52 
 716 3035.86 3238.94 3203.52 
 717 3017.22 3210.08 3203.52 
 718 3051.71 3099.04 3203.52 
 719 2873.56 3079.94 3203.52 
 720 3057.84 3121.83 3203.52 
 721 2967.21 3168.34 3203.52 
 722 3084.70 3288.09 3203.52 
 723 3153.53 3414.69 3203.52 
 724 3029.07 3085.16 3203.52 
 725 3111.94 3138.45 3203.52 
 726 3014.08 3366.42 3203.52 
 727 3039.32 3070.35 3203.52 
 728 3032.92 2801.06 3203.52 
 729 2986.09 2740.41 3203.52 
 730 2749.04 2834.41 3203.52 
 731 3048.25 2942.82 3203.52 
 732 3100.69 3256.11 3203.52 
 733 3117.47 3290.39 3203.52 
 734 3215.21 3270.36 3203.52 
 735 3086.17 3240.16 3215.21 
 736 2972.35 3329.44 3215.21 
 737 3095.44 3122.30 3215.21 
 738 3016.89 3450.79 3215.21 
 739 2816.95 3345.77 3215.21 
 740 3019.87 3253.50 3215.21 
 741 3203.87 3429.93 3215.21 
 742 3107.83 3529.17 3215.21 
 743 2959.57 3086.39 3215.21 
 744 3067.77 3334.29 3215.21 
 745 3049.57 3095.41 3215.21 
 746 2996.08 3132.93 3215.21 
 747 3121.83 2883.43 3215.21 
 748 2962.72 2865.64 3215.21 
 749 3127.16 3043.23 3215.21 
 750 3209.09 3126.51 3215.21 
 751 2946.97 3103.16 3215.21 
 752 3332.57 3473.85 3215.21 
 753 3238.84 3338.81 3332.57 
 754 3196.92 3425.17 3332.57 
 755 3231.80 3457.88 3332.57 
 756 3217.45 3403.37 3332.57 
 757 3033.84 3189.30 3332.57 
 758 3174.05 3388.97 3332.57 
 759 3150.23 3061.28 3332.57 
 760 3019.09 3509.07 3332.57 
 761 3171.14 3165.08 3332.57 
 762 3177.49 3494.35 3332.57 
 763 3079.85 3427.70 3332.57 
 764 3364.22 3356.73 3332.57 
 765 3291.48 3406.21 3364.22 
 766 3204.97 3035.01 3364.22 
 767 3158.14 2932.30 3364.22 
 768 3243.58 3060.34 3364.22 
 769 3156.40 3377.56 3364.22 
 770 3285.48 3569.47 3364.22 
 771 3131.66 3481.63 3364.22 
 772 3147.73 3562.03 3364.22 
 773 3330.09 3461.75 3364.22 
 774 3055.96 3451.75 3364.22 
 775 3201.29 3363.27 3364.22 
 776 2984.48 3404.18 3364.22 
 777 3136.36 3524.43 3364.22 
 778 3149.45 3743.91 3364.22 
 779 3083.96 3439.35 3364.22 
 780 3176.24 3264.83 3364.22 
 781 2936.90 3580.56 3364.22 
 782 2973.29 3382.58 3364.22 
 783 3294.81 3419.69 3364.22 
 784 3261.73 3459.18 3364.22 
 785 3027.84 3459.07 3364.22 
 786 3133.56 3505.16 3364.22 
 787 3167.34 3577.35 3364.22 
 788 3209.70 3511.40 3364.22 
 789 3016.46 3573.30 3364.22 
 790 3180.04 3624.34 3364.22 
 791 3078.75 3644.47 3364.22 
 792 3112.28 3662.94 3364.22 
 793 3192.94 3608.82 3364.22 
 794 3152.68 3617.54 3364.22 
 795 3153.53 3552.95 3364.22 
 796 3126.05 3527.05 3364.22 
 797 3124.96 3648.06 3364.22 
 798 3183.59 3539.21 3364.22 
 799 3313.94 3408.60 3364.22 
