Iter | Sampling Pol | Evaluation Pol | Best (Sampled) 
   0 -8.27 -1.17 -100000000.00 
   1 -7.47 -4.39 -8.27 
   2 -6.36 -4.61 -7.47 
   3 -6.83 -4.83 -6.36 
   4 -5.78 -4.82 -6.36 
   5 -5.28 -6.20 -5.78 
   6 -5.22 -7.08 -5.28 
   7 -4.62 -6.62 -5.22 
   8 -4.08 -7.93 -4.62 
   9 -3.64 -8.14 -4.08 
  10 -3.64 -7.33 -3.64 
  11 -2.24 -6.37 -3.64 
  12 -3.41 -5.75 -2.24 
  13 -2.89 -5.45 -2.24 
  14 -2.90 -6.35 -2.24 
  15 -3.46 -4.64 -2.24 
  16 -2.74 -6.17 -2.24 
  17 -2.53 -4.80 -2.24 
  18 -2.57 -4.98 -2.24 
  19 -2.00 -5.10 -2.24 
  20 -1.65 -3.35 -2.00 
  21 -0.82 -3.60 -1.65 
  22  0.03 -2.61 -0.82 
  23  0.17 -3.77  0.03 
  24  0.41 -3.25  0.17 
  25 -2.02  1.27  0.41 
  26 -0.13  2.22  0.41 
  27 -1.27  1.35  0.41 
  28 -0.81 -0.43  0.41 
  29  0.73  0.41  0.41 
  30 -0.13  7.74  0.73 
  31  0.08  2.75  0.73 
  32  0.62  2.96  0.73 
  33 -0.56 -0.75  0.73 
  34  2.58 -2.23  0.73 
  35 -0.75 -1.61  2.58 
  36  2.26 -2.06  2.58 
  37  0.07 -2.26  2.58 
  38  0.52 -2.31  2.58 
  39  0.64 -1.95  2.58 
  40  2.03 -2.39  2.58 
  41  1.14  0.00  2.58 
  42  3.10 -0.58  2.58 
  43  3.32 -1.53  3.10 
  44  3.40  1.82  3.32 
  45  5.18  0.03  3.40 
  46 -0.58  0.63  5.18 
  47  5.22  4.71  5.18 
  48  2.57  8.20  5.22 
  49  3.44  0.49  5.22 
  50  6.43  3.09  5.22 
  51 11.36  4.30  6.43 
  52 11.91 12.37 11.36 
  53  7.42  4.02 11.91 
  54  6.65  4.85 11.91 
  55  8.82  4.86 11.91 
  56  8.51 17.41 11.91 
  57 13.79 46.58 11.91 
  58 18.82 57.39 13.79 
  59 18.60 49.27 18.82 
  60 10.11 20.03 18.82 
  61  9.28  6.58 18.82 
  62 17.46 34.42 18.82 
  63 11.20 14.30 18.82 
  64 12.77  0.03 18.82 
  65 12.63 30.99 18.82 
  66 29.72 31.12 18.82 
  67 23.05 16.87 29.72 
  68 16.11 56.10 29.72 
  69 17.05 15.58 29.72 
  70 26.08 34.92 29.72 
  71 18.09 25.36 29.72 
  72 25.37 10.88 29.72 
  73 37.81 46.94 29.72 
  74 24.13  9.71 37.81 
  75 37.59 20.75 37.81 
  76 39.46  5.18 37.81 
  77 60.63 15.76 39.46 
  78 38.42 28.55 60.63 
  79 43.39 25.25 60.63 
  80 48.59 22.34 60.63 
  81 41.59 20.05 60.63 
  82 40.31 30.44 60.63 
  83 39.67 29.40 60.63 
  84 47.15 22.92 60.63 
  85 68.31 59.24 60.63 
  86 63.28 68.42 68.31 
  87 59.22 136.09 68.31 
  88 67.26 73.87 68.31 
  89 72.13 144.22 68.31 
  90 68.49 73.99 72.13 
  91 74.31 63.27 72.13 
  92 88.66 84.77 74.31 
  93 87.27 85.08 88.66 
  94 93.31 59.32 88.66 
  95 99.04 121.49 93.31 
  96 107.73 156.85 99.04 
  97 127.24 84.84 107.73 
  98 118.74 75.73 127.24 
  99 120.49 87.30 127.24 
 100 124.02 126.97 127.24 
 101 128.37 71.02 127.24 
 102 128.60 110.15 128.37 
 103 124.40 116.28 128.60 
 104 147.37 91.86 128.60 
 105 128.66 111.54 147.37 
 106 145.10 37.95 147.37 
 107 181.13 53.05 147.37 
 108 136.78 81.90 181.13 
 109 203.37 91.81 181.13 
 110 132.27 42.18 203.37 
 111 190.17 64.00 203.37 
 112 196.59 98.97 203.37 
 113 202.41 75.11 203.37 
 114 191.45 191.86 203.37 
 115 183.93 176.63 203.37 
 116 219.19 165.26 203.37 
 117 239.48 153.11 219.19 
 118 196.59 148.19 239.48 
 119 274.93 134.62 239.48 
 120 229.59 91.68 274.93 
 121 288.52 257.81 274.93 
 122 256.76 132.81 288.52 
 123 272.09 84.22 288.52 
 124 278.24 219.15 288.52 
 125 308.28 273.46 288.52 
 126 297.61 170.41 308.28 
 127 369.10 90.37 308.28 
 128 302.78 88.17 369.10 
 129 352.29 172.20 369.10 
 130 317.61 106.58 369.10 
 131 386.98 255.88 369.10 
 132 296.88 130.15 386.98 
 133 320.27 278.67 386.98 
 134 439.22 204.47 386.98 
 135 461.58 94.37 439.22 
 136 374.50 273.26 461.58 
 137 416.68 182.01 461.58 
 138 434.18 186.57 461.58 
 139 426.16 253.83 461.58 
 140 388.91 427.90 461.58 
 141 407.10 417.52 461.58 
 142 530.52 593.51 461.58 
 143 478.40 627.72 530.52 
 144 389.83 553.36 530.52 
 145 505.65 630.96 530.52 
 146 649.76 669.43 530.52 
 147 560.74 701.72 649.76 
 148 512.66 796.44 649.76 
 149 564.61 941.12 649.76 
 150 499.64 998.29 649.76 
 151 731.87 855.39 649.76 
 152 647.61 628.00 731.87 
 153 594.22 850.25 731.87 
 154 641.91 758.81 731.87 
 155 580.10 784.49 731.87 
 156 592.55 666.87 731.87 
 157 780.72 752.33 731.87 
 158 620.37 708.60 780.72 
 159 771.37 809.69 780.72 
 160 826.61 869.55 780.72 
 161 676.19 950.68 826.61 
 162 815.88 1130.08 826.61 
 163 833.74 905.46 826.61 
 164 848.63 885.69 833.74 
 165 965.07 784.08 848.63 
 166 955.97 980.59 965.07 
 167 920.19 1257.96 965.07 
 168 1021.33 1206.74 965.07 
 169 896.43 1121.07 1021.33 
 170 923.65 974.60 1021.33 
 171 879.89 990.71 1021.33 
 172 1049.41 929.08 1021.33 
 173 1072.20 718.82 1049.41 
 174 1093.09 938.99 1072.20 
 175 1066.97 867.04 1093.09 
 176 1118.92 819.72 1093.09 
 177 1302.52 938.69 1118.92 
 178 1287.63 1176.85 1302.52 
 179 1154.24 1275.59 1302.52 
 180 1191.51 1499.99 1302.52 
 181 1171.38 1507.85 1302.52 
 182 1036.18 1167.05 1302.52 
 183 1344.15 1289.96 1302.52 
 184 1251.58 1225.59 1344.15 
 185 1337.18 1252.44 1344.15 
 186 1376.51 1396.74 1344.15 
 187 1447.12 1538.01 1376.51 
 188 1312.29 1591.38 1447.12 
 189 1503.22 1171.11 1447.12 
 190 1430.89 1443.97 1503.22 
 191 1337.05 1357.55 1503.22 
 192 1403.56 1409.27 1503.22 
 193 1541.71 1497.28 1503.22 
 194 1512.71 1756.46 1541.71 
 195 1656.52 1555.17 1541.71 
 196 1474.14 1659.75 1656.52 
 197 1537.20 1454.35 1656.52 
 198 1486.05 1420.74 1656.52 
 199 1541.65 1292.73 1656.52 
 200 1788.51 1471.63 1656.52 
 201 1567.31 1467.20 1788.51 
 202 1655.28 1302.79 1788.51 
 203 1672.82 1491.10 1788.51 
 204 1725.78 1596.55 1788.51 
 205 1790.09 1563.57 1788.51 
 206 1757.87 1559.85 1790.09 
 207 1829.19 1592.25 1790.09 
 208 1766.31 1604.65 1829.19 
 209 1720.54 1250.35 1829.19 
 210 1784.18 1938.43 1829.19 
 211 1709.35 1786.28 1829.19 
 212 1932.58 1594.70 1829.19 
 213 1900.27 1883.72 1932.58 
 214 1834.16 1913.66 1932.58 
 215 1881.40 2063.51 1932.58 
 216 1982.57 2236.18 1932.58 
 217 1955.31 2129.31 1982.57 
 218 2078.05 2087.37 1982.57 
 219 1897.60 2077.37 2078.05 
 220 1910.07 2018.56 2078.05 
 221 1738.15 1797.98 2078.05 
 222 1993.42 2049.22 2078.05 
 223 1989.29 2175.99 2078.05 
 224 1938.19 1946.95 2078.05 
 225 2059.73 2015.44 2078.05 
 226 1866.46 2217.74 2078.05 
 227 2116.41 2075.96 2078.05 
 228 1874.92 2077.26 2116.41 
 229 2113.29 1944.59 2116.41 
 230 2073.58 2197.79 2116.41 
 231 2035.69 2026.83 2116.41 
 232 2047.62 2224.87 2116.41 
 233 2260.21 2130.86 2116.41 
 234 2210.63 2101.18 2260.21 
 235 2115.91 1809.76 2260.21 
 236 2203.26 2062.85 2260.21 
 237 2399.03 2224.21 2260.21 
 238 2266.79 2331.99 2399.03 
 239 2415.93 2143.96 2399.03 
 240 2318.96 2173.73 2415.93 
 241 2411.18 2361.50 2415.93 
 242 2301.90 2163.30 2415.93 
 243 2368.54 2266.02 2415.93 
 244 2432.42 2154.64 2415.93 
 245 2226.74 2197.23 2432.42 
 246 2259.27 1821.18 2432.42 
 247 2528.84 2059.31 2432.42 
 248 2557.78 2296.81 2528.84 
 249 2462.81 2304.36 2557.78 
 250 2335.40 2407.92 2557.78 
 251 2393.32 2317.13 2557.78 
 252 2443.05 2307.84 2557.78 
 253 2711.98 2266.44 2557.78 
 254 2598.78 2451.81 2711.98 
 255 2604.33 2294.24 2711.98 
 256 2444.71 2424.24 2711.98 
 257 2317.03 2488.90 2711.98 
 258 2563.21 2467.15 2711.98 
 259 2493.88 2259.90 2711.98 
 260 2604.86 2556.80 2711.98 
 261 2391.03 2312.92 2711.98 
 262 2671.69 2347.99 2711.98 
 263 2598.66 2306.13 2711.98 
 264 2648.79 2525.26 2711.98 
 265 2452.70 2480.11 2711.98 
 266 2619.42 2493.14 2711.98 
 267 2694.06 2246.80 2711.98 
 268 2572.52 2148.58 2711.98 
 269 2512.86 1951.61 2711.98 
 270 2544.71 2456.35 2711.98 
 271 2582.29 2258.99 2711.98 
 272 2625.50 2242.16 2711.98 
 273 2601.05 2277.73 2711.98 
 274 2552.75 2488.13 2711.98 
 275 2603.05 2623.27 2711.98 
 276 2675.59 2805.72 2711.98 
 277 2592.77 2687.35 2711.98 
 278 2686.25 2586.88 2711.98 
 279 2694.94 2748.86 2711.98 
 280 2505.56 2610.40 2711.98 
 281 2566.56 2658.80 2711.98 
 282 2570.36 2767.48 2711.98 
 283 2616.78 2431.19 2711.98 
 284 2729.04 2319.60 2711.98 
 285 2634.25 2351.74 2729.04 
 286 2819.36 2533.79 2729.04 
 287 2574.04 2685.04 2819.36 
 288 2670.61 2544.33 2819.36 
 289 2537.93 2337.71 2819.36 
 290 2549.18 2229.77 2819.36 
 291 2678.73 2562.57 2819.36 
 292 2627.77 2537.43 2819.36 
 293 2827.66 2536.59 2819.36 
 294 2693.69 2862.55 2827.66 
 295 2695.22 2632.19 2827.66 
 296 2683.08 2666.81 2827.66 
 297 2831.45 2848.94 2827.66 
 298 2679.15 2687.60 2831.45 
 299 2600.03 2912.01 2831.45 
