Iter | Sampling Pol | Evaluation Pol | Best (Sampled) 
   0 -7.01 -1.14 -100000000.00 
   1 -6.75 -2.51 -7.01 
   2 -5.90  4.78 -6.75 
   3 -5.22 -1.37 -5.90 
   4 -5.38 -1.60 -5.22 
   5 -4.77 -4.25 -5.22 
   6 -5.01 -4.26 -4.77 
   7 -4.64 -3.85 -4.77 
   8 -3.14 -3.19 -4.64 
   9 -4.66 26.83 -3.14 
  10 -3.58  2.13 -3.14 
  11 -3.79 -2.70 -3.14 
  12 -2.50 -0.71 -3.14 
  13 -1.25 -2.99 -2.50 
  14 -2.27 -0.44 -1.25 
  15  2.11  0.36 -1.25 
  16 -2.61 -3.55  2.11 
  17 -2.76 -1.06  2.11 
  18 -0.75 -1.48  2.11 
  19 -1.59 -1.84  2.11 
  20 -0.45 -0.24  2.11 
  21 -2.06 -1.40  2.11 
  22 -0.81  0.10  2.11 
  23 -1.79 -2.40  2.11 
  24 -0.79 -1.73  2.11 
  25 -1.29 -2.47  2.11 
  26  0.51 -1.88  2.11 
  27  2.82 -2.65  2.11 
  28 -0.16 -2.71  2.82 
  29 -0.06 -2.41  2.82 
  30 -0.61  0.86  2.82 
  31  4.13 -2.78  2.82 
  32  3.58 -2.76  4.13 
  33  2.86 -2.88  4.13 
  34  2.98 -3.00  4.13 
  35  3.10 -0.27  4.13 
  36  1.44 -2.97  4.13 
  37  4.79 -0.62  4.13 
  38  1.02 -1.95  4.79 
  39  3.83 -1.18  4.79 
  40  4.06  0.80  4.79 
  41  2.52  3.60  4.79 
  42  2.54 -0.13  4.79 
  43  5.88  3.48  4.79 
  44  7.09 -1.48  5.88 
  45  4.83 -0.69  7.09 
  46  4.12 -1.16  7.09 
  47  3.65  1.85  7.09 
  48  1.85 -1.27  7.09 
  49  6.35  0.09  7.09 
  50  5.59 -1.63  7.09 
  51  9.73 -2.46  7.09 
  52 11.88 -0.27  9.73 
  53  9.46  0.68 11.88 
  54 15.15 -0.24 11.88 
  55  8.70  8.67 15.15 
  56 13.38 19.57 15.15 
  57 16.55  1.94 15.15 
  58 14.21  0.95 16.55 
  59 28.63  2.50 16.55 
  60 22.79  2.43 28.63 
  61 12.99  5.14 28.63 
  62 18.88 13.93 28.63 
  63 29.08  2.87 28.63 
  64 42.80 26.74 29.08 
  65 26.71 18.74 42.80 
  66 29.46 122.58 42.80 
  67 25.60 26.00 42.80 
  68 33.96 60.04 42.80 
  69 28.34  5.39 42.80 
  70 35.08  5.21 42.80 
  71 27.37 39.59 42.80 
  72 28.73 61.87 42.80 
  73 40.02 17.06 42.80 
  74 49.87 22.07 42.80 
  75 36.88 83.35 49.87 
  76 57.67 28.02 49.87 
  77 66.23 55.37 57.67 
  78 46.92 76.07 66.23 
  79 61.34 118.12 66.23 
  80 67.34 88.26 66.23 
  81 56.91 75.66 67.34 
  82 56.81 72.54 67.34 
  83 81.38 127.89 67.34 
  84 48.94 72.43 81.38 
  85 60.31 53.19 81.38 
  86 80.88 125.89 81.38 
  87 77.70 121.93 81.38 
  88 89.32 129.81 81.38 
  89 39.75 40.13 89.32 
  90 64.71 73.85 89.32 
  91 74.21 72.77 89.32 
  92 102.41 45.71 89.32 
  93 84.00 32.78 102.41 
  94 94.84 57.12 102.41 
  95 102.17 88.70 102.41 
  96 91.42 81.63 102.41 
  97 105.11 149.34 102.41 
  98 98.03 86.92 105.11 
  99 113.59 92.37 105.11 
 100 103.50 51.16 113.59 
 101 144.47 53.77 113.59 
 102 113.92 86.60 144.47 
 103 158.77 92.07 144.47 
 104 161.22 122.67 158.77 
 105 129.65 210.41 161.22 
 106 130.54 224.22 161.22 
 107 139.40 213.56 161.22 
 108 180.30 146.37 161.22 
 109 203.17 171.61 180.30 
 110 131.27 166.44 203.17 
 111 169.60 152.74 203.17 
 112 138.43 78.81 203.17 
 113 130.31 180.48 203.17 
 114 165.02 180.84 203.17 
 115 166.81 243.27 203.17 
 116 185.06 139.81 203.17 
 117 163.87 224.80 203.17 
 118 184.09 284.98 203.17 
 119 207.46 297.56 203.17 
 120 182.85 373.23 207.46 
 121 213.60 248.96 207.46 
 122 195.17 399.64 213.60 
 123 155.26 347.12 213.60 
 124 209.52 393.56 213.60 
 125 244.37 351.95 213.60 
 126 227.62 464.79 244.37 
 127 243.83 485.09 244.37 
 128 304.49 542.47 244.37 
 129 256.10 466.23 304.49 
 130 287.85 615.73 304.49 
 131 291.63 617.20 304.49 
 132 317.27 450.93 304.49 
 133 370.10 624.46 317.27 
 134 324.09 421.31 370.10 
 135 315.36 486.49 370.10 
 136 274.25 529.73 370.10 
 137 402.83 615.83 370.10 
 138 396.67 571.12 402.83 
 139 367.10 614.38 402.83 
 140 359.06 578.48 402.83 
 141 381.10 694.98 402.83 
 142 423.01 710.47 402.83 
 143 481.98 538.49 423.01 
 144 534.18 600.26 481.98 
 145 482.76 523.35 534.18 
 146 534.56 591.68 534.18 
 147 517.36 446.00 534.56 
 148 541.31 495.10 534.56 
 149 504.68 926.63 541.31 
 150 550.26 864.03 541.31 
 151 589.41 608.27 550.26 
 152 615.07 707.97 589.41 
 153 524.72 435.01 615.07 
 154 648.81 787.51 615.07 
 155 669.14 633.28 648.81 
 156 604.56 747.61 669.14 
 157 645.19 770.81 669.14 
 158 608.60 731.88 669.14 
 159 727.82 842.80 669.14 
 160 627.73 1005.30 727.82 
 161 679.49 1059.02 727.82 
 162 714.79 853.20 727.82 
 163 764.25 1021.52 727.82 
 164 832.33 943.67 764.25 
 165 750.94 978.34 832.33 
 166 771.28 984.59 832.33 
 167 760.01 997.52 832.33 
 168 926.63 1158.07 832.33 
 169 842.51 1186.25 926.63 
 170 884.03 1092.14 926.63 
 171 875.50 1266.34 926.63 
 172 828.73 1019.02 926.63 
 173 834.41 901.37 926.63 
 174 1084.05 956.24 926.63 
 175 957.38 747.09 1084.05 
 176 1039.15 987.56 1084.05 
 177 1045.69 876.46 1084.05 
 178 1034.79 1015.12 1084.05 
 179 1062.90 935.80 1084.05 
 180 1088.81 818.23 1084.05 
 181 1035.15 1056.68 1088.81 
 182 1017.83 982.83 1088.81 
 183 1105.96 1131.72 1088.81 
 184 1177.86 1352.30 1105.96 
 185 1115.86 1311.06 1177.86 
 186 1071.02 1238.05 1177.86 
 187 1144.50 1121.59 1177.86 
 188 1241.92 1033.31 1177.86 
 189 1039.11 1226.63 1241.92 
 190 1022.83 1196.17 1241.92 
 191 1107.12 1102.11 1241.92 
 192 1053.68 1428.54 1241.92 
 193 1146.70 1504.94 1241.92 
 194 1303.76 1469.32 1241.92 
 195 1401.04 1414.81 1303.76 
 196 1429.13 1154.01 1401.04 
 197 1196.61 1443.79 1429.13 
 198 1242.63 1532.17 1429.13 
 199 1238.65 1071.09 1429.13 
 200 1323.47 1229.24 1429.13 
 201 1391.54 1316.95 1429.13 
 202 1161.78 1351.39 1429.13 
 203 1438.03 1215.55 1429.13 
 204 1497.66 1045.21 1438.03 
 205 1438.73 1007.61 1497.66 
 206 1321.10 1174.15 1497.66 
 207 1336.82 1320.40 1497.66 
 208 1430.51 873.24 1497.66 
 209 1404.43 1218.05 1497.66 
 210 1395.08 1091.90 1497.66 
 211 1446.84 906.82 1497.66 
 212 1408.28 875.55 1497.66 
 213 1659.02 1245.81 1497.66 
 214 1308.83 1241.59 1659.02 
 215 1358.04 1233.79 1659.02 
 216 1495.64 1179.54 1659.02 
 217 1470.14 1449.72 1659.02 
 218 1555.14 1353.09 1659.02 
 219 1475.53 1389.68 1659.02 
 220 1534.04 1391.38 1659.02 
 221 1475.89 1630.12 1659.02 
 222 1509.15 1131.27 1659.02 
 223 1502.87 1441.57 1659.02 
 224 1627.27 1499.54 1659.02 
 225 1572.07 1327.93 1659.02 
 226 1479.12 1207.67 1659.02 
 227 1526.69 1425.91 1659.02 
 228 1642.47 1390.69 1659.02 
 229 1594.70 1509.26 1659.02 
 230 1650.80 1506.21 1659.02 
 231 1537.27 1238.81 1659.02 
 232 1626.86 1649.88 1659.02 
 233 1692.31 1520.36 1659.02 
 234 1651.94 1264.54 1692.31 
 235 1769.95 1239.96 1692.31 
 236 1942.25 1297.57 1769.95 
 237 1868.48 1736.84 1942.25 
 238 1843.86 1752.32 1942.25 
 239 1877.24 1888.32 1942.25 
 240 1884.75 1533.75 1942.25 
 241 1735.05 1817.86 1942.25 
 242 1930.16 1681.22 1942.25 
 243 2005.45 1791.48 1942.25 
 244 1951.03 1619.87 2005.45 
 245 1781.90 1513.25 2005.45 
 246 2106.62 1431.11 2005.45 
 247 2060.98 1688.67 2106.62 
 248 2092.19 1449.68 2106.62 
 249 1938.90 1413.73 2106.62 
 250 1806.58 1421.25 2106.62 
 251 1991.80 1197.41 2106.62 
 252 1839.77 1410.83 2106.62 
 253 2127.61 1476.18 2106.62 
 254 2171.63 1268.92 2127.61 
 255 2060.38 1578.48 2171.63 
 256 2166.77 1793.73 2171.63 
 257 2145.95 1414.62 2171.63 
 258 2125.46 1693.08 2171.63 
 259 2190.13 1843.64 2171.63 
 260 2072.73 1736.46 2190.13 
 261 2159.05 1630.41 2190.13 
 262 2157.44 1764.07 2190.13 
 263 2041.35 1835.97 2190.13 
 264 2192.55 1948.61 2190.13 
 265 2339.76 1734.81 2192.55 
 266 2193.74 1966.70 2339.76 
 267 2268.53 1817.16 2339.76 
 268 2321.51 1738.16 2339.76 
 269 2249.91 2037.71 2339.76 
 270 2199.73 2011.56 2339.76 
 271 2239.88 1931.07 2339.76 
 272 2458.49 1795.16 2339.76 
 273 2466.89 1943.93 2458.49 
 274 2191.35 1259.92 2466.89 
 275 2111.77 1565.38 2466.89 
 276 2322.15 1955.55 2466.89 
 277 2216.28 1884.02 2466.89 
 278 2445.71 1717.91 2466.89 
 279 2252.09 1790.01 2466.89 
 280 2245.11 2184.14 2466.89 
 281 2280.89 2250.86 2466.89 
 282 2264.23 2291.33 2466.89 
 283 2296.66 2306.63 2466.89 
 284 2203.85 2022.33 2466.89 
 285 2423.35 2031.04 2466.89 
 286 2291.00 2084.52 2466.89 
 287 2330.03 2131.24 2466.89 
 288 2252.18 2324.45 2466.89 
 289 2106.94 2170.28 2466.89 
 290 2455.79 2106.39 2466.89 
 291 2275.33 1766.63 2466.89 
 292 2298.06 1712.71 2466.89 
 293 2439.02 1673.79 2466.89 
 294 2456.02 1585.00 2466.89 
 295 2340.30 1766.30 2466.89 
 296 2146.80 1857.88 2466.89 
 297 2399.75 1747.64 2466.89 
 298 2427.34 1772.61 2466.89 
 299 2444.53 1967.18 2466.89 
