Iter | Sampling Pol | Evaluation Pol | Best (Sampled) 
   0 -6.66 -6.76 -100000000.00 
   1 -6.23 -6.82 -6.66 
   2 -6.29 -6.68 -6.23 
   3 -6.56 -5.93 -6.23 
   4 -6.13 -5.78 -6.23 
   5 -5.81 -5.92 -6.13 
   6 -5.51 -5.66 -5.81 
   7 -5.61 -5.41 -5.51 
   8 -6.03 -5.28 -5.51 
   9 -5.53 -4.47 -5.51 
  10 -5.59 -5.03 -5.51 
  11 -5.04 -4.87 -5.51 
  12 -5.14 -4.74 -5.04 
  13 -5.50 -4.45 -5.04 
  14 -4.92 -4.41 -5.04 
  15 -4.50 -4.50 -4.92 
  16 -5.07 -4.24 -4.50 
  17 -4.70 -4.24 -4.50 
  18 -4.56 -4.01 -4.50 
  19 -3.98 -3.99 -4.50 
  20 -4.70 -4.30 -3.98 
  21 -4.56 -4.49 -3.98 
  22 -3.82 -4.36 -3.98 
  23 -4.46 -4.33 -3.82 
  24 -4.20 -4.36 -3.82 
  25 -4.26 -4.30 -3.82 
  26 -4.00 -0.86 -3.82 
  27 -4.17 -3.43 -3.82 
  28 -3.74 -4.56 -3.82 
  29 -3.29 -4.47 -3.74 
  30 -3.20 -4.48 -3.29 
  31 -3.68 -4.75 -3.20 
  32 -3.17 -4.72 -3.20 
  33 -3.96 -4.71 -3.17 
  34 -3.53 -4.84 -3.17 
  35 -2.74 -4.95 -3.17 
  36 -3.64 -4.82 -2.74 
  37 -3.12 -4.76 -2.74 
  38 -2.65 -4.73 -2.74 
  39 -3.66 -4.55 -2.65 
  40 -2.52 -4.57 -2.65 
  41 -2.81 -4.58 -2.52 
  42 -2.13 -4.39 -2.52 
  43 -2.49 -4.26 -2.13 
  44 -1.98 -4.24 -2.13 
  45 -2.93 -5.22 -1.98 
  46 -2.94 -5.00 -1.98 
  47 -2.34 -5.35 -1.98 
  48 -2.28 -4.81 -1.98 
  49 -2.24 -5.60 -1.98 
  50 -1.62 -5.83 -1.98 
  51 -1.17 -5.27 -1.62 
  52 -1.07 -5.86 -1.17 
  53 -1.50 -4.13 -1.07 
  54 -1.04 -5.90 -1.07 
  55 -0.26 -5.39 -1.04 
  56 -1.13 -5.88 -0.26 
  57 -0.24 -6.04 -0.26 
  58 -0.69 -5.48 -0.24 
  59 -1.43 -4.87 -0.24 
  60 -1.24 -4.97 -0.24 
  61 -1.00 -1.15 -0.24 
  62 -0.18 -2.23 -0.24 
  63 -0.65  0.10 -0.18 
  64  0.29 11.72 -0.18 
  65  0.43 10.74  0.29 
  66  1.40  1.31  0.43 
  67  0.65  1.17  1.40 
  68  0.31 15.18  1.40 
  69  1.98  6.43  1.40 
  70  2.45  2.53  1.98 
  71  3.09 22.84  2.45 
  72  3.21 23.03  3.09 
  73  2.97 36.36  3.21 
  74  1.24 30.82  3.21 
  75  2.90 27.77  3.21 
  76  2.04 19.19  3.21 
  77  2.19 17.35  3.21 
  78  3.96 11.09  3.21 
  79  3.51 11.36  3.96 
  80  3.45 25.20  3.96 
  81  6.07 25.17  3.96 
  82  4.10 35.30  6.07 
  83  5.84 17.97  6.07 
  84  6.31 22.97  6.07 
  85  5.20 24.49  6.31 
  86  3.71 19.51  6.31 
  87  9.23 17.55  6.31 
  88  7.18 10.97  9.23 
  89  5.66  5.63  9.23 
  90  8.37 13.03  9.23 
  91  5.49  4.16  9.23 
  92  4.89 36.42  9.23 
  93  6.67 23.77  9.23 
  94  7.65 41.25  9.23 
  95 10.56 19.52  9.23 
  96  9.03 23.30 10.56 
  97  9.23 19.19 10.56 
  98  9.18 18.00 10.56 
  99 11.66 28.72 10.56 
 100 12.09 28.64 11.66 
 101  9.57 30.55 12.09 
 102 11.09 47.27 12.09 
 103 11.73 41.53 12.09 
 104 12.66 44.09 12.09 
 105 16.94 31.99 12.66 
 106 13.27 45.26 16.94 
 107 13.63 50.52 16.94 
 108  9.91 48.42 16.94 
 109 21.79 40.37 16.94 
 110 13.94 23.11 21.79 
 111 12.35 22.66 21.79 
 112 15.00 22.55 21.79 
 113 10.54 23.91 21.79 
 114 19.71 22.31 21.79 
 115 16.87 27.79 21.79 
 116 12.21 31.68 21.79 
 117 17.25 25.76 21.79 
 118 13.20 28.45 21.79 
 119 18.26 24.23 21.79 
 120 22.29 32.27 21.79 
 121 25.08 26.31 22.29 
 122 22.96 26.89 25.08 
 123 29.82 21.40 25.08 
 124 18.60 35.20 29.82 
 125 34.88 26.67 29.82 
 126 20.51 37.69 34.88 
 127 29.71 34.78 34.88 
 128 28.17 33.67 34.88 
 129 21.56 46.16 34.88 
 130 23.04 35.85 34.88 
 131 28.09 40.83 34.88 
 132 24.36 28.03 34.88 
 133 36.10 27.82 34.88 
 134 28.40 40.19 36.10 
 135 32.87 39.03 36.10 
 136 28.47 34.47 36.10 
 137 26.16 33.21 36.10 
 138 42.85 35.03 36.10 
 139 32.03 48.34 42.85 
 140 50.73 48.45 42.85 
 141 42.52 44.08 50.73 
 142 47.35 49.57 50.73 
 143 39.65 46.68 50.73 
 144 39.17 50.65 50.73 
 145 35.53 50.56 50.73 
 146 47.56 56.39 50.73 
 147 49.32 46.31 50.73 
 148 48.57 58.94 50.73 
 149 53.26 61.56 50.73 
 150 55.27 60.86 53.26 
 151 51.77 54.05 55.27 
 152 46.27 48.74 55.27 
 153 59.27 58.64 55.27 
 154 59.42 76.08 59.27 
 155 48.53 88.35 59.42 
 156 52.36 66.72 59.42 
 157 48.91 58.41 59.42 
 158 50.00 67.36 59.42 
 159 55.61 91.69 59.42 
 160 61.23 85.35 59.42 
 161 56.31 43.05 61.23 
 162 45.03 51.74 61.23 
 163 49.54 59.89 61.23 
 164 70.88 70.21 61.23 
 165 56.75 96.17 70.88 
 166 47.11 63.32 70.88 
 167 46.10 71.58 70.88 
 168 54.32 69.79 70.88 
 169 52.48 83.80 70.88 
 170 69.72 65.37 70.88 
 171 51.47 90.93 70.88 
 172 61.63 60.06 70.88 
 173 66.04 74.18 70.88 
 174 71.95 79.22 70.88 
 175 57.39 65.24 71.95 
 176 49.18 62.71 71.95 
 177 72.10 88.85 71.95 
 178 47.45 57.73 72.10 
 179 82.24 67.01 72.10 
 180 64.96 86.30 82.24 
 181 59.99 64.26 82.24 
 182 54.85 62.93 82.24 
 183 57.33 65.62 82.24 
 184 82.29 56.54 82.24 
 185 60.92 65.23 82.29 
 186 85.88 57.52 82.29 
 187 71.05 60.65 85.88 
 188 52.52 88.56 85.88 
 189 90.67 79.78 85.88 
 190 69.81 71.14 90.67 
 191 64.64 81.80 90.67 
 192 77.13 40.33 90.67 
 193 71.06 46.37 90.67 
 194 65.57 47.20 90.67 
 195 62.63 43.10 90.67 
 196 74.82 57.93 90.67 
 197 82.82 49.30 90.67 
 198 85.22 127.16 90.67 
 199 62.57 61.73 90.67 
 200 74.79 75.74 90.67 
 201 69.11 113.27 90.67 
 202 74.78 78.34 90.67 
 203 84.18 71.57 90.67 
 204 75.17 76.27 90.67 
 205 60.07 58.47 90.67 
 206 85.49 60.21 90.67 
 207 78.61 64.57 90.67 
 208 81.52 49.76 90.67 
 209 62.07 76.07 90.67 
 210 75.95 92.62 90.67 
 211 55.48 88.95 90.67 
 212 91.33 58.03 90.67 
 213 71.21 72.70 91.33 
 214 75.02 60.27 91.33 
 215 76.18 76.88 91.33 
 216 100.90 103.28 91.33 
 217 88.63 75.75 100.90 
 218 101.35 96.16 100.90 
 219 67.98 123.34 101.35 
 220 93.73 137.89 101.35 
 221 104.03 119.89 101.35 
 222 79.88 97.48 104.03 
 223 96.58 74.45 104.03 
 224 65.86 75.17 104.03 
 225 86.33 117.91 104.03 
 226 90.68 89.57 104.03 
 227 73.54 144.32 104.03 
 228 118.06 100.07 104.03 
 229 108.92 139.62 118.06 
 230 113.23 175.19 118.06 
 231 133.64 189.48 118.06 
 232 91.36 149.01 133.64 
 233 125.52 190.83 133.64 
 234 69.49 156.77 133.64 
 235 123.14 126.75 133.64 
 236 86.48 126.65 133.64 
 237 101.05 93.69 133.64 
 238 114.69 91.30 133.64 
 239 131.18 107.76 133.64 
 240 79.95 104.07 133.64 
 241 78.85 91.76 133.64 
 242 85.03 96.24 133.64 
 243 125.97 81.58 133.64 
 244 105.86 90.93 133.64 
 245 106.87 66.38 133.64 
 246 105.82 69.25 133.64 
 247 147.03 73.02 133.64 
 248 148.23 88.58 147.03 
 249 112.18 131.74 148.23 
 250 95.60 179.89 148.23 
 251 123.05 159.59 148.23 
 252 101.60 161.49 148.23 
 253 126.79 143.04 148.23 
 254 112.16 151.33 148.23 
 255 100.54 147.62 148.23 
 256 90.65 127.50 148.23 
 257 98.28 120.44 148.23 
 258 157.56 126.97 148.23 
 259 96.50 105.43 157.56 
 260 98.41 103.36 157.56 
 261 141.11 109.73 157.56 
 262 138.09 114.84 157.56 
 263 115.83 96.12 157.56 
 264 150.19 108.00 157.56 
 265 136.29 90.17 157.56 
 266 106.07 105.78 157.56 
 267 139.24 128.71 157.56 
 268 131.47 78.94 157.56 
 269 124.39 73.95 157.56 
 270 156.76 102.69 157.56 
 271 165.52 122.02 157.56 
 272 170.54 140.82 165.52 
 273 173.79 146.40 170.54 
 274 172.04 183.89 173.79 
 275 191.10 149.32 173.79 
 276 184.42 117.23 191.10 
 277 129.74 140.29 191.10 
 278 125.60 135.79 191.10 
 279 197.73 165.33 191.10 
 280 143.54 104.28 197.73 
 281 171.99 105.13 197.73 
 282 159.71 126.72 197.73 
 283 181.71 122.71 197.73 
 284 172.19 206.91 197.73 
 285 187.53 151.76 197.73 
 286 234.13 140.92 197.73 
 287 165.09 89.48 234.13 
 288 168.93 84.81 234.13 
 289 206.44 85.62 234.13 
 290 187.05 131.04 234.13 
 291 254.67 159.49 234.13 
 292 201.79 134.04 254.67 
 293 233.76 94.28 254.67 
 294 181.03 128.65 254.67 
 295 195.52 165.42 254.67 
 296 230.13 181.87 254.67 
 297 212.48 187.20 254.67 
 298 227.67 168.89 254.67 
 299 220.36 217.05 254.67 
