Iter | Sampling Pol | Evaluation Pol | Best (Sampled) 
   0 -8.04 -9.04 -100000000.00 
   1 -7.39 -8.41 -8.04 
   2 -7.03 -7.43 -7.39 
   3 -6.90 -6.64 -7.03 
   4 -6.22 -6.76 -6.90 
   5 -5.45 -6.71 -6.22 
   6 -5.23 -6.69 -5.45 
   7 -5.14 -5.33 -5.23 
   8 -5.22 -5.22 -5.14 
   9 -4.70 -5.18 -5.14 
  10 -4.34 -5.24 -4.70 
  11 -4.88 -5.21 -4.34 
  12 -4.14 -5.43 -4.34 
  13 -4.58 -4.86 -4.14 
  14 -4.26 -4.88 -4.14 
  15 -3.96 -4.35 -4.14 
  16 -4.55 -4.31 -3.96 
  17 -4.16 -3.56 -3.96 
  18 -3.81 -3.98 -3.96 
  19 -3.50 -4.06 -3.81 
  20 -3.91 -4.36 -3.50 
  21 -4.13 -3.82 -3.50 
  22 -3.64 -4.20 -3.50 
  23 -3.93 -4.48 -3.50 
  24 -3.82 -4.11 -3.50 
  25 -3.48 -4.63 -3.50 
  26 -3.41 -4.49 -3.48 
  27 -3.59 -4.01 -3.41 
  28 -3.70 -4.32 -3.41 
  29 -3.07 -3.87 -3.41 
  30 -2.94 -4.12 -3.07 
  31 -2.71 -4.30 -2.94 
  32 -3.17 -3.74 -2.71 
  33 -3.17 -1.36 -2.71 
  34 -3.21 -3.99 -2.71 
  35 -3.07 -3.42 -2.71 
  36 -2.62 -3.11 -2.71 
  37 -2.08 -3.53 -2.62 
  38 -3.25 -3.31 -2.08 
  39 -2.73 -3.58 -2.08 
  40 -1.66 -3.47 -2.08 
  41 -1.91 -3.49 -1.66 
  42 -2.49 -3.89 -1.66 
  43 -1.95 -3.40 -1.66 
  44 -1.91 -3.10 -1.66 
  45 -2.46 -3.55 -1.66 
  46 -2.60 -4.38 -1.66 
  47 -1.75 -3.97 -1.66 
  48 -1.64 -3.81 -1.66 
  49 -1.68 -4.77 -1.64 
  50 -1.81 -4.65 -1.64 
  51 -0.57 -4.88 -1.64 
  52 -1.26 -4.12 -0.57 
  53 -1.84 -4.07 -0.57 
  54 -1.42 -4.73 -0.57 
  55 -1.41 -4.43 -0.57 
  56 -0.62 -4.35 -0.57 
  57 -0.94 -4.28 -0.57 
  58 -1.00 -2.72 -0.57 
  59 -1.45 -3.04 -0.57 
  60 -1.04 -3.86 -0.57 
  61  0.05 -3.70 -0.57 
  62 -1.00 -4.15  0.05 
  63  0.53 -3.30  0.05 
  64 -1.71 -4.26  0.53 
  65 -0.99 -4.37  0.53 
  66  1.11 -4.40  0.53 
  67 -0.20 -4.05  1.11 
  68  1.23 -4.08  1.11 
  69 -1.00 -4.89  1.23 
  70  0.25 -1.59  1.23 
  71 -0.20 -4.75  1.23 
  72  0.54 -2.79  1.23 
  73  0.90 -1.70  1.23 
  74  0.28  1.29  1.23 
  75  1.17 -2.63  1.23 
  76  2.34  2.00  1.23 
  77  0.63  0.14  2.34 
  78  0.41 -1.90  2.34 
  79  1.57 -2.78  2.34 
  80  2.19  9.08  2.34 
  81  2.92 -1.45  2.34 
  82  2.92  3.94  2.92 
  83  0.91 -0.06  2.92 
  84  2.13  1.99  2.92 
  85  3.81 -0.68  2.92 
  86  3.62 -0.64  3.81 
  87  4.81 -3.55  3.81 
  88  5.25 -3.61  4.81 
  89  5.03 -3.22  5.25 
  90  3.68 -2.68  5.25 
  91  3.87 -3.10  5.25 
  92  2.76 -3.13  5.25 
  93  5.17 -3.92  5.25 
  94  7.09 -0.86  5.25 
  95  5.50 -2.85  7.09 
  96  5.29 -2.71  7.09 
  97  5.56 -3.33  7.09 
  98  7.20 -2.10  7.09 
  99  6.85 -2.50  7.20 
 100  8.24  1.05  7.20 
 101 10.36 -2.22  8.24 
 102  5.31  0.72 10.36 
 103  6.49  3.70 10.36 
 104 13.83  0.28 10.36 
 105 11.19  0.67 13.83 
 106  8.57  2.97 13.83 
 107  7.60  0.70 13.83 
 108  9.12 -0.83 13.83 
 109  8.41  8.53 13.83 
 110  6.40 16.92 13.83 
 111 17.12 30.30 13.83 
 112  7.71 11.37 17.12 
 113 14.61  0.49 17.12 
 114 11.55 36.04 17.12 
 115 11.77 10.60 17.12 
 116 13.46 19.29 17.12 
 117 17.30 30.00 17.12 
 118 14.45  6.34 17.30 
 119 13.11 11.56 17.30 
 120 17.42 14.80 17.30 
 121 18.12  3.79 17.42 
 122 14.25 16.94 18.12 
 123 13.65  4.77 18.12 
 124 29.13 12.70 18.12 
 125 13.55 18.99 29.13 
 126 19.14 32.73 29.13 
 127 25.43 78.82 29.13 
 128 16.50 12.79 29.13 
 129 23.95 13.17 29.13 
 130 12.44 17.65 29.13 
 131 14.78 11.15 29.13 
 132 28.90  2.46 29.13 
 133 24.77  6.06 29.13 
 134 26.63  5.94 29.13 
 135 23.16 16.18 29.13 
 136 18.75  9.38 29.13 
 137 29.70  6.55 29.13 
 138 24.54  2.50 29.70 
 139 24.69 18.40 29.70 
 140 21.38 22.93 29.70 
 141 16.83  7.28 29.70 
 142 15.88 23.61 29.70 
 143 21.62 11.06 29.70 
 144 17.97 21.06 29.70 
 145 21.93 10.99 29.70 
 146 32.30  7.05 29.70 
 147 30.28  8.18 32.30 
 148 24.99  6.75 32.30 
 149 21.17 36.86 32.30 
 150 26.09 37.41 32.30 
 151 30.31  4.50 32.30 
 152 30.23 35.88 32.30 
 153 45.98 15.91 32.30 
 154 39.15 38.73 45.98 
 155 19.82 15.57 45.98 
 156 19.08 15.22 45.98 
 157 29.81 28.98 45.98 
 158 35.36  6.87 45.98 
 159 33.53 29.95 45.98 
 160 37.03 24.30 45.98 
 161 33.40 14.86 45.98 
 162 40.18 26.32 45.98 
 163 38.21 35.76 45.98 
 164 21.82 74.28 45.98 
 165 33.84 41.79 45.98 
 166 50.78 68.80 45.98 
 167 51.70 39.81 50.78 
 168 52.83 53.97 51.70 
 169 48.56 28.70 52.83 
 170 49.42 82.91 52.83 
 171 64.35 49.59 52.83 
 172 54.94 81.03 64.35 
 173 53.10 126.06 64.35 
 174 48.97 85.47 64.35 
 175 49.07 173.04 64.35 
 176 55.89 116.21 64.35 
 177 61.70 53.95 64.35 
 178 60.17 82.44 64.35 
 179 62.94 80.19 64.35 
 180 61.53 83.84 64.35 
 181 60.32 101.33 64.35 
 182 64.22 66.32 64.35 
 183 69.92 62.38 64.35 
 184 92.89 63.74 69.92 
 185 79.39 89.54 92.89 
 186 72.80 90.97 92.89 
 187 108.38 111.30 92.89 
 188 56.39 143.56 108.38 
 189 83.95 65.39 108.38 
 190 101.72 135.31 108.38 
 191 98.05 88.59 108.38 
 192 104.12 119.16 108.38 
 193 96.13 129.63 108.38 
 194 91.31 98.84 108.38 
 195 93.47 87.98 108.38 
 196 74.83 121.37 108.38 
 197 86.52 84.14 108.38 
 198 89.20 89.83 108.38 
 199 93.36 102.27 108.38 
 200 93.06 149.23 108.38 
 201 108.19 88.56 108.38 
 202 98.55 123.73 108.38 
 203 91.21 65.16 108.38 
 204 112.67 79.86 108.38 
 205 108.16 199.95 112.67 
 206 97.90 172.50 112.67 
 207 102.50 197.60 112.67 
 208 113.50 147.07 112.67 
 209 109.72 135.71 113.50 
 210 108.11 257.58 113.50 
 211 103.14 147.35 113.50 
 212 124.79 149.16 113.50 
 213 164.76 188.75 124.79 
 214 113.01 240.58 164.76 
 215 152.86 229.32 164.76 
 216 143.30 273.47 164.76 
 217 139.53 126.25 164.76 
 218 165.11 98.43 164.76 
 219 139.10 283.10 165.11 
 220 139.59 191.81 165.11 
 221 151.13 264.33 165.11 
 222 146.00 194.42 165.11 
 223 151.08 145.00 165.11 
 224 149.40 175.89 165.11 
 225 142.79 288.98 165.11 
 226 178.94 240.07 165.11 
 227 169.01 264.59 178.94 
 228 151.73 240.64 178.94 
 229 160.54 161.12 178.94 
 230 180.18 191.36 178.94 
 231 134.01 359.75 180.18 
 232 156.63 97.09 180.18 
 233 199.93 179.16 180.18 
 234 174.00 241.16 199.93 
 235 217.89 237.35 199.93 
 236 161.38 251.90 217.89 
 237 179.72 184.82 217.89 
 238 202.99 108.70 217.89 
 239 192.61 129.27 217.89 
 240 183.21 109.60 217.89 
 241 203.32 99.25 217.89 
 242 210.06 95.21 217.89 
 243 168.04 114.66 217.89 
 244 206.41 214.50 217.89 
 245 187.52 401.18 217.89 
 246 213.98 278.80 217.89 
 247 239.19 236.98 217.89 
 248 266.24 233.35 239.19 
 249 269.71 171.93 266.24 
 250 287.92 250.04 269.71 
 251 263.55 229.89 287.92 
 252 226.42 263.51 287.92 
 253 297.65 227.08 287.92 
 254 322.57 227.32 297.65 
 255 319.36 181.28 322.57 
 256 266.77 327.92 322.57 
 257 306.64 259.81 322.57 
 258 300.94 197.02 322.57 
 259 324.10 139.73 322.57 
 260 287.34 160.07 324.10 
 261 316.30 262.34 324.10 
 262 311.55 259.01 324.10 
 263 320.46 215.91 324.10 
 264 297.92 230.29 324.10 
 265 313.25 143.47 324.10 
 266 305.22 190.08 324.10 
 267 328.02 167.73 324.10 
 268 279.88 78.42 328.02 
 269 324.51 98.38 328.02 
 270 299.84 163.38 328.02 
 271 317.29 99.69 328.02 
 272 391.12 71.89 328.02 
 273 390.08 77.55 391.12 
 274 361.92 109.24 391.12 
 275 282.35 162.25 391.12 
 276 330.83 161.22 391.12 
 277 329.53 227.00 391.12 
 278 412.46 336.34 391.12 
 279 404.77 255.41 412.46 
 280 372.06 210.39 412.46 
 281 396.48 245.27 412.46 
 282 435.04 265.03 412.46 
 283 476.53 346.41 435.04 
 284 340.75 233.02 476.53 
 285 421.60 349.79 476.53 
 286 431.53 297.55 476.53 
 287 455.65 274.96 476.53 
 288 464.86 203.30 476.53 
 289 421.76 309.10 476.53 
 290 506.48 191.17 476.53 
 291 537.96 293.44 506.48 
 292 536.71 261.10 537.96 
 293 527.98 157.13 537.96 
 294 487.26 247.32 537.96 
 295 506.68 165.77 537.96 
 296 536.99 192.35 537.96 
 297 519.66 243.42 537.96 
 298 437.10 274.65 537.96 
 299 485.83 293.84 537.96 
 276 394.04 258.24 -100000000.00 
 277 303.43 323.84 394.04 
 278 352.96 180.89 394.04 
 279 354.24 291.86 394.04 
 280 383.18 316.84 394.04 
 281 313.13 168.99 394.04 
 282 407.85 280.88 394.04 
 283 322.60 227.99 407.85 
 284 295.91 232.09 407.85 
 285 324.87 192.24 407.85 
 286 301.84 33.55 407.85 
 287 329.66 57.09 407.85 
 288 376.71 120.04 407.85 
 289 401.18 117.38 407.85 
 290 410.51 71.76 407.85 
 291 370.15 87.92 410.51 
 292 356.43 89.14 410.51 
 293 358.87 52.85 410.51 
 294 456.62 76.45 410.51 
 295 385.89 72.38 456.62 
 296 399.44 55.92 456.62 
 297 398.69 27.59 456.62 
 298 389.13 35.39 456.62 
 299 446.75 152.45 456.62 
 300 398.88 174.94 456.62 
 301 396.93 72.77 456.62 
 302 406.65 123.80 456.62 
 303 437.91 326.92 456.62 
 304 433.97 279.47 456.62 
 305 412.79 207.51 456.62 
 306 463.93 292.89 456.62 
 307 426.39 305.29 463.93 
 308 456.39 367.85 463.93 
 309 494.62 283.27 463.93 
 310 482.36 123.45 494.62 
 311 511.81 314.98 494.62 
 312 520.06 184.67 511.81 
 313 482.59 157.92 520.06 
 314 474.14 230.83 520.06 
 315 545.52 183.99 520.06 
 316 553.05 193.28 545.52 
 317 517.68 151.48 553.05 
 318 517.29 92.17 553.05 
 319 635.52 131.89 553.05 
 320 598.27 168.14 635.52 
 321 584.65 152.96 635.52 
 322 595.74 171.61 635.52 
 323 613.79 61.81 635.52 
 324 647.62 33.82 635.52 
 325 717.49 59.42 647.62 
 326 681.56 91.67 717.49 
 327 771.94 142.26 717.49 
 328 738.67 190.99 771.94 
 329 806.69 224.49 771.94 
 330 649.60 131.86 806.69 
 331 775.43 135.21 806.69 
 332 699.35 64.60 806.69 
 333 670.59 482.80 806.69 
 334 826.62 194.91 806.69 
 335 737.82 353.10 826.62 
 336 924.34 250.73 826.62 
 337 971.60 374.50 924.34 
 338 800.35 261.30 971.60 
 339 859.99 324.81 971.60 
 340 811.07 317.23 971.60 
 341 808.72 463.73 971.60 
 342 839.13 441.60 971.60 
 343 949.65 411.42 971.60 
 344 908.24 553.78 971.60 
 345 908.10 213.41 971.60 
 346 855.35 581.33 971.60 
 347 980.76 462.64 971.60 
 348 913.18 301.73 980.76 
 349 922.72 288.32 980.76 
 350 991.38 735.25 980.76 
 351 1121.55 367.82 991.38 
 352 940.90 684.66 1121.55 
 353 1080.80 705.39 1121.55 
 354 1031.11 749.01 1121.55 
 355 1187.93 668.10 1121.55 
 356 1102.14 528.07 1187.93 
 357 1077.37 617.94 1187.93 
 358 1053.10 839.02 1187.93 
 359 1085.12 640.99 1187.93 
 360 1021.31 623.60 1187.93 
 361 1025.24 530.16 1187.93 
 362 1028.57 655.91 1187.93 
 363 1193.25 648.62 1187.93 
 364 1318.08 824.90 1193.25 
 365 1273.63 544.11 1318.08 
 366 1215.63 340.18 1318.08 
 367 1228.64 200.88 1318.08 
 368 1220.12 432.59 1318.08 
 369 1183.78 417.29 1318.08 
 370 1159.81 547.72 1318.08 
 371 1486.06 346.38 1318.08 
 372 1338.88 349.78 1486.06 
 373 1286.61 268.67 1486.06 
 374 1364.37 353.57 1486.06 
 375 1284.08 237.83 1486.06 
 376 1356.77 474.78 1486.06 
 377 1370.89 251.88 1486.06 
 378 1313.01 677.28 1486.06 
 379 1380.85 272.41 1486.06 
 380 1352.87 112.68 1486.06 
 381 1301.26 623.32 1486.06 
 382 1459.10 687.62 1486.06 
 383 1189.93 568.06 1486.06 
 384 1402.21 710.50 1486.06 
 385 1381.38 793.25 1486.06 
 386 1478.79 501.79 1486.06 
 387 1362.65 462.61 1486.06 
 388 1468.08 397.11 1486.06 
 389 1348.58 494.32 1486.06 
 390 1385.59 537.07 1486.06 
 391 1487.75 623.95 1486.06 
 392 1406.78 660.87 1487.75 
 393 1492.01 575.64 1487.75 
 394 1487.70 921.58 1492.01 
 395 1486.87 582.83 1492.01 
 396 1448.51 671.85 1492.01 
 397 1531.20 729.22 1492.01 
 398 1512.18 831.87 1531.20 
 399 1430.28 651.42 1531.20 
 400 1427.53 754.29 1531.20 
 401 1550.23 788.27 1531.20 
 402 1607.47 755.71 1550.23 
 403 1586.24 776.16 1607.47 
 404 1687.68 720.67 1607.47 
 405 1636.54 658.60 1687.68 
 406 1602.27 823.87 1687.68 
 407 1581.95 836.89 1687.68 
 408 1578.03 1106.04 1687.68 
 409 1614.03 870.14 1687.68 
 410 1663.29 1046.73 1687.68 
 411 1715.58 1042.76 1687.68 
 412 1517.94 1006.26 1715.58 
 413 1611.14 906.99 1715.58 
 414 1633.00 1009.57 1715.58 
 415 1676.62 933.90 1715.58 
 416 1628.78 852.60 1715.58 
 417 1635.72 801.01 1715.58 
 418 1684.83 1031.72 1715.58 
 419 1613.04 930.76 1715.58 
 420 1733.91 1118.51 1715.58 
 421 1671.26 1043.41 1733.91 
 422 1725.15 1376.46 1733.91 
 423 1775.83 1180.24 1733.91 
 424 1743.24 1150.74 1775.83 
 425 1749.18 1120.57 1775.83 
 426 1769.44 995.18 1775.83 
 427 1781.08 935.11 1775.83 
 428 1832.00 900.26 1781.08 
 429 1643.11 1015.22 1832.00 
 430 1761.16 1214.60 1832.00 
 431 1758.24 1488.73 1832.00 
 432 1870.35 1193.10 1832.00 
 433 1870.32 1124.93 1870.35 
 434 1835.55 1433.65 1870.35 
 435 1993.58 1286.07 1870.35 
 436 1846.55 1406.06 1993.58 
 437 1886.93 1499.32 1993.58 
 438 1882.50 1492.04 1993.58 
 439 1916.38 1209.42 1993.58 
 440 1867.64 1102.64 1993.58 
 441 1848.08 1346.96 1993.58 
 442 1988.61 1331.92 1993.58 
 443 1841.90 1370.60 1993.58 
 444 1932.33 1495.15 1993.58 
 445 1795.10 982.71 1993.58 
 446 1853.87 1005.09 1993.58 
 447 1970.80 1200.43 1993.58 
 448 1868.92 1236.25 1993.58 
 449 1866.66 1125.36 1993.58 
 450 2022.33 913.99 1993.58 
 451 1853.44 996.27 2022.33 
 452 1811.38 1320.94 2022.33 
 453 2102.07 1151.45 2022.33 
 454 2033.11 1127.02 2102.07 
 455 1932.55 1380.80 2102.07 
 456 2045.80 1484.88 2102.07 
 457 2019.27 1331.95 2102.07 
 458 1915.36 1301.24 2102.07 
 459 1991.56 1595.02 2102.07 
 460 2137.36 1572.80 2102.07 
 461 2083.87 1334.93 2137.36 
 462 2162.39 1434.39 2137.36 
 463 2096.75 1415.85 2162.39 
 464 2094.99 1561.18 2162.39 
 465 2026.64 1416.95 2162.39 
 466 2015.78 1340.05 2162.39 
 467 2006.76 1693.73 2162.39 
 468 2000.30 1623.61 2162.39 
 469 2002.28 1487.25 2162.39 
 470 1955.01 1936.99 2162.39 
 471 2015.00 1289.05 2162.39 
 472 2092.05 1259.44 2162.39 
 473 1985.22 1542.13 2162.39 
 474 2161.98 1148.45 2162.39 
 475 2047.75 1300.84 2162.39 
 476 2159.37 1145.31 2162.39 
 477 2154.78 1363.85 2162.39 
 478 2132.62 1195.94 2162.39 
 479 2185.34 1315.04 2162.39 
 480 2170.75 1245.48 2185.34 
 481 2219.69 1165.03 2185.34 
 482 2179.94 998.60 2219.69 
 483 2156.37 1195.67 2219.69 
 484 2112.97 1309.96 2219.69 
 485 2196.82 1618.42 2219.69 
 486 2238.34 1885.23 2219.69 
 487 2112.73 1380.16 2238.34 
 488 2303.71 1649.74 2238.34 
 489 2365.67 1355.25 2303.71 
 490 2192.41 1236.53 2365.67 
 491 2234.32 1330.10 2365.67 
 492 2295.22 1362.09 2365.67 
 493 2209.24 1650.34 2365.67 
 494 2413.99 1875.01 2365.67 
 495 2276.01 1752.03 2413.99 
 496 2245.01 1704.66 2413.99 
 497 2207.88 1957.23 2413.99 
 498 2221.24 1969.10 2413.99 
 499 2326.19 1923.14 2413.99 
 500 2201.94 1791.15 2413.99 
 501 2290.84 1722.08 2413.99 
 502 2143.09 1579.91 2413.99 
 503 2075.12 1798.58 2413.99 
 504 2318.83 1850.58 2413.99 
 505 2276.00 1501.39 2413.99 
 506 2217.89 1698.54 2413.99 
 507 2302.21 1540.04 2413.99 
 508 2137.00 1637.72 2413.99 
 509 2174.98 1692.88 2413.99 
 510 2267.89 1685.18 2413.99 
 511 2476.81 1854.27 2413.99 
 512 2356.66 1951.35 2476.81 
 513 2441.66 1825.42 2476.81 
 514 2382.89 1581.52 2476.81 
 515 2253.28 1808.23 2476.81 
 516 2367.50 1830.53 2476.81 
 517 2425.30 1949.77 2476.81 
 518 2312.99 2069.63 2476.81 
 519 2330.27 1783.46 2476.81 
 520 2300.82 1752.35 2476.81 
 521 2355.97 1855.98 2476.81 
 522 2322.68 1729.51 2476.81 
 523 2432.17 1556.83 2476.81 
 524 2388.80 1631.25 2476.81 
 525 2323.54 1829.24 2476.81 
 526 2407.27 1552.19 2476.81 
 527 2483.52 1661.56 2476.81 
 528 2278.72 1926.91 2483.52 
 529 2531.54 1691.20 2483.52 
 530 2354.32 1814.62 2531.54 
 531 2465.22 1718.71 2531.54 
 532 2416.17 1932.35 2531.54 
 533 2425.90 1843.15 2531.54 
 534 2291.58 2011.48 2531.54 
 535 2233.83 1845.01 2531.54 
 536 2301.69 1923.83 2531.54 
 537 2421.26 1961.66 2531.54 
 538 2423.25 1627.08 2531.54 
 539 2343.15 1497.38 2531.54 
 540 2456.94 1559.06 2531.54 
 541 2236.17 1435.10 2531.54 
 542 2353.72 1641.22 2531.54 
 543 2522.55 1573.20 2531.54 
 544 2439.66 2077.25 2531.54 
 545 2466.42 1879.06 2531.54 
 546 2513.03 1768.91 2531.54 
 547 2319.82 1838.88 2531.54 
 548 2498.69 1516.93 2531.54 
 549 2542.69 1525.56 2531.54 
 550 2423.48 1506.53 2542.69 
 551 2366.55 1843.67 2542.69 
 552 2556.96 1645.80 2542.69 
 553 2484.63 1807.03 2556.96 
 554 2480.20 1779.97 2556.96 
 555 2644.63 1881.89 2556.96 
 556 2510.50 1990.32 2644.63 
 557 2456.12 1982.84 2644.63 
 558 2482.52 1666.09 2644.63 
 559 2583.72 1707.65 2644.63 
 560 2563.22 1678.87 2644.63 
 561 2603.93 2053.18 2644.63 
 562 2626.27 1988.79 2644.63 
 563 2716.96 1874.15 2644.63 
 564 2522.63 1692.32 2716.96 
 565 2653.41 1611.14 2716.96 
 566 2584.98 1986.87 2716.96 
 567 2703.07 1848.86 2716.96 
 568 2592.78 1820.35 2716.96 
 569 2627.77 1808.54 2716.96 
 570 2819.98 1931.99 2716.96 
 571 2429.92 1759.49 2819.98 
 572 2502.83 1830.27 2819.98 
 573 2568.02 1753.38 2819.98 
 574 2626.15 1628.98 2819.98 
 575 2552.75 1382.87 2819.98 
 576 2441.02 1627.53 2819.98 
 577 2515.16 1615.38 2819.98 
 578 2728.88 1647.59 2819.98 
 579 2676.55 1681.10 2819.98 
 580 2672.86 1757.13 2819.98 
 581 2533.29 1526.60 2819.98 
 582 2639.46 1623.37 2819.98 
 583 2668.52 1668.04 2819.98 
 584 2575.28 1375.66 2819.98 
 585 2620.47 1364.92 2819.98 
 586 2593.00 1549.17 2819.98 
 587 2714.08 1646.90 2819.98 
 588 2747.67 1770.60 2819.98 
 589 2738.57 1869.91 2819.98 
 590 2613.45 1394.92 2819.98 
 591 2684.60 1729.74 2819.98 
 592 2577.50 1913.45 2819.98 
 593 2724.06 2035.36 2819.98 
 594 2778.84 2136.38 2819.98 
 595 2714.65 1948.79 2819.98 
 596 2639.59 1771.42 2819.98 
 597 2663.99 2157.91 2819.98 
 598 2698.59 2048.21 2819.98 
 599 2689.05 1928.96 2819.98 
 600 2798.31 2117.60 2819.98 
 601 2653.56 2134.30 2819.98 
 602 2806.40 2078.61 2819.98 
 603 2647.39 2189.66 2819.98 
 604 2838.22 2142.48 2819.98 
 605 2768.15 2124.11 2838.22 
 606 2754.73 2319.94 2838.22 
 607 2794.86 2255.61 2838.22 
 608 2719.54 2268.17 2838.22 
 609 2827.65 2074.92 2838.22 
 610 2870.96 2106.86 2838.22 
 611 2701.05 2179.77 2870.96 
 612 2735.24 1927.46 2870.96 
 613 2803.65 1876.35 2870.96 
 614 2870.09 1804.61 2870.96 
 615 2715.14 2012.83 2870.96 
 616 2824.10 1981.91 2870.96 
 617 2834.10 2045.27 2870.96 
 618 2692.53 2233.57 2870.96 
 619 2864.79 2005.06 2870.96 
 620 2765.21 2110.21 2870.96 
 621 2812.09 2185.63 2870.96 
 622 2761.05 2145.05 2870.96 
 623 2803.07 1981.36 2870.96 
 624 2789.73 1888.55 2870.96 
 625 2942.35 1868.35 2870.96 
 626 2613.42 1762.13 2942.35 
 627 2811.68 2045.64 2942.35 
 628 2795.42 2101.29 2942.35 
 629 2865.37 1971.27 2942.35 
 630 2763.26 2005.96 2942.35 
 631 3015.24 1839.79 2942.35 
 632 2820.14 1859.34 3015.24 
 633 2840.81 1743.50 3015.24 
 634 2839.62 1921.87 3015.24 
 635 2673.18 1938.53 3015.24 
 636 2820.19 2010.37 3015.24 
 637 2770.14 1676.65 3015.24 
 638 2693.65 1926.33 3015.24 
 639 2837.63 2019.77 3015.24 
 640 2669.61 1841.41 3015.24 
 641 2920.59 1573.38 3015.24 
 642 2933.36 1370.21 3015.24 
 643 2997.19 1496.94 3015.24 
 644 2973.35 1916.36 3015.24 
 645 2806.11 1680.90 3015.24 
 646 2920.72 1402.09 3015.24 
 647 2805.99 1546.28 3015.24 
 648 2891.53 1696.65 3015.24 
 649 2921.52 1905.39 3015.24 
 650 3010.41 1929.68 3015.24 
 651 2783.26 1923.92 3015.24 
 652 2898.57 1761.36 3015.24 
 653 2897.92 1826.95 3015.24 
 654 2876.47 1794.92 3015.24 
 655 3062.85 1937.36 3015.24 
 656 2998.95 1705.52 3062.85 
 657 2837.92 1698.98 3062.85 
 658 2842.38 1731.73 3062.85 
 659 2818.79 1629.55 3062.85 
 660 2879.10 1484.61 3062.85 
 661 2881.92 1694.81 3062.85 
 662 2986.80 1515.39 3062.85 
 663 3117.99 1659.61 3062.85 
 664 2929.19 1941.02 3117.99 
 665 2886.69 2123.65 3117.99 
 666 2911.84 2079.36 3117.99 
 667 3025.26 1941.40 3117.99 
 668 2891.50 2114.96 3117.99 
 669 2897.93 2111.22 3117.99 
 670 3002.35 2042.08 3117.99 
 671 2981.19 1914.23 3117.99 
 672 2920.43 2259.07 3117.99 
 673 2920.76 2073.68 3117.99 
 674 2954.95 2077.28 3117.99 
 675 3049.16 2331.66 3117.99 
 676 2868.21 2208.91 3117.99 
 677 3125.69 2113.90 3117.99 
 678 2895.45 2256.24 3125.69 
 679 3084.33 2017.23 3125.69 
 680 2908.65 2269.54 3125.69 
 681 2960.65 2086.24 3125.69 
 682 3057.48 1913.10 3125.69 
 683 3074.85 1925.53 3125.69 
 684 3073.18 1897.81 3125.69 
 685 3038.90 2286.39 3125.69 
 686 3022.31 2088.73 3125.69 
 687 2977.64 2055.57 3125.69 
 688 2939.18 2209.23 3125.69 
 689 2905.97 2032.34 3125.69 
 690 2984.71 1904.89 3125.69 
 691 3007.39 2111.49 3125.69 
 692 2899.18 2147.46 3125.69 
 693 3052.41 2080.48 3125.69 
 694 3143.85 2055.51 3125.69 
 695 3054.23 2275.89 3143.85 
 696 2970.04 2039.19 3143.85 
 697 3115.37 2033.37 3143.85 
 698 3011.76 2295.75 3143.85 
 699 2955.51 2062.52 3143.85 
 700 3059.49 2067.25 3143.85 
 701 2994.93 2131.10 3143.85 
 702 2822.05 2309.30 3143.85 
 703 3079.29 2250.59 3143.85 
 704 3036.90 2342.59 3143.85 
 705 2909.29 1956.71 3143.85 
 706 2898.26 1897.82 3143.85 
 707 2910.88 1856.29 3143.85 
 708 3009.78 1886.05 3143.85 
 709 2962.16 2069.92 3143.85 
 710 3156.06 2338.26 3143.85 
 711 3080.12 2200.04 3156.06 
 712 3124.57 2031.28 3156.06 
 713 2932.61 2128.51 3156.06 
 714 2980.16 2274.33 3156.06 
 715 3100.81 2303.37 3156.06 
 716 3036.12 2095.91 3156.06 
 717 3150.30 2233.98 3156.06 
 718 2981.27 1718.74 3156.06 
 719 2893.97 2518.08 3156.06 
 720 3159.14 2622.04 3156.06 
 721 3096.60 2014.84 3159.14 
 722 3074.43 2503.05 3159.14 
 723 3006.74 2415.88 3159.14 
 724 3081.97 1822.10 3159.14 
 725 3072.80 1886.88 3159.14 
 726 3099.65 2327.04 3159.14 
 727 3108.57 1622.43 3159.14 
 728 3192.00 2088.91 3159.14 
 729 3051.99 1733.10 3192.00 
 730 3187.00 1645.39 3192.00 
 731 2979.31 1552.56 3192.00 
 732 3143.55 1784.79 3192.00 
 733 2992.39 2100.23 3192.00 
 734 3083.45 1828.44 3192.00 
 735 2954.31 1798.93 3192.00 
 736 3069.29 1707.16 3192.00 
 737 3140.76 2103.24 3192.00 
 738 3026.01 1691.43 3192.00 
 739 3015.64 2359.17 3192.00 
 740 3088.39 2053.56 3192.00 
 741 3154.02 2329.71 3192.00 
 742 2988.72 2017.44 3192.00 
 743 3072.99 2085.98 3192.00 
 744 3192.13 1884.06 3192.00 
 745 3009.34 2261.65 3192.13 
 746 3128.66 2519.55 3192.13 
 747 3105.03 2464.28 3192.13 
 748 3061.96 2438.32 3192.13 
 749 3108.25 2344.27 3192.13 
 750 3092.98 2223.18 3192.13 
 751 3087.57 2614.75 3192.13 
 752 3208.73 2234.95 3192.13 
 753 3163.17 2078.55 3208.73 
 754 3230.49 2396.46 3208.73 
 755 3206.04 2398.86 3230.49 
 756 3124.12 2433.71 3230.49 
 757 3011.73 2461.63 3230.49 
 758 3158.58 2683.97 3230.49 
 759 3185.79 2373.31 3230.49 
 760 3159.24 2441.37 3230.49 
 761 3223.48 2219.08 3230.49 
 762 3040.66 2346.10 3230.49 
 763 3200.64 2477.74 3230.49 
 764 3145.36 2488.01 3230.49 
 765 3142.08 2257.70 3230.49 
 766 3101.57 2279.03 3230.49 
 767 3150.67 2457.06 3230.49 
 768 3187.91 2331.08 3230.49 
 769 3039.42 2297.40 3230.49 
 770 2944.73 2317.05 3230.49 
 771 3135.83 2155.85 3230.49 
 772 3129.56 2316.69 3230.49 
 773 3155.05 2303.20 3230.49 
 774 3060.84 2310.45 3230.49 
 775 3057.08 2219.60 3230.49 
 776 3161.20 2429.66 3230.49 
 777 3125.06 2363.92 3230.49 
 778 3037.17 2668.60 3230.49 
 779 3111.72 2570.55 3230.49 
 780 3194.71 2353.62 3230.49 
 781 3200.08 2117.38 3230.49 
 782 3035.32 2151.96 3230.49 
 783 3170.81 2342.04 3230.49 
 784 3173.11 2510.06 3230.49 
 785 3160.01 2363.01 3230.49 
 786 3097.66 2617.23 3230.49 
 787 3134.71 2589.33 3230.49 
 788 3072.37 2469.20 3230.49 
 789 3115.45 2483.64 3230.49 
 790 3214.21 2325.99 3230.49 
 791 3286.86 2554.19 3230.49 
 792 3214.08 2400.40 3286.86 
 793 3004.16 2489.88 3286.86 
 794 3201.45 2318.72 3286.86 
 795 3236.99 2576.03 3286.86 
 796 3186.25 2622.35 3286.86 
 797 3071.69 2360.47 3286.86 
 798 3346.36 2681.09 3286.86 
 799 3290.51 2339.88 3346.36 
