Iter | Sampling Pol | Evaluation Pol | Best (Sampled) 
   0 -4.33 -4.76 -100000000.00 
   1 -4.30 -4.05 -4.33 
   2 -3.59 -3.38 -4.30 
   3 -3.90 -3.69 -3.59 
   4 -3.71 -2.85 -3.59 
   5 -3.20 -2.83 -3.59 
   6 -3.09 -3.25 -3.20 
   7 -2.74 -3.95 -3.09 
   8 -2.83 -3.37 -2.74 
   9 -1.57 -1.99 -2.74 
  10 -0.14 -2.67 -1.57 
  11 -2.81 -3.02 -0.14 
  12 -1.90 -3.21 -0.14 
  13 -2.89 -3.04 -0.14 
  14 -2.19 -1.51 -0.14 
  15 -1.81 -2.25 -0.14 
  16 -1.47 -0.21 -0.14 
  17 -1.04 -1.28 -0.14 
  18  1.51 32.20 -0.14 
  19 -0.37 -2.41  1.51 
  20 -0.38 -0.06  1.51 
  21  2.28  0.42  1.51 
  22 -0.31 -0.72  2.28 
  23 -0.74  1.48  2.28 
  24 -1.84  4.68  2.28 
  25 -1.34  0.18  2.28 
  26  1.11 -0.30  2.28 
  27  1.72 -3.03  2.28 
  28  2.90 -2.88  2.28 
  29  0.52 -3.42  2.90 
  30  0.27 -1.10  2.90 
  31 -0.22 -0.37  2.90 
  32  1.54 -3.55  2.90 
  33  3.31  5.75  2.90 
  34  2.07  0.94  3.31 
  35  1.20  4.72  3.31 
  36  0.63  6.06  3.31 
  37  5.68 -2.88  3.31 
  38  2.64 11.03  5.68 
  39  2.55 -0.20  5.68 
  40  5.19  5.15  5.68 
  41  3.14 -1.83  5.68 
  42  1.20 -0.27  5.68 
  43  1.26  0.90  5.68 
  44  5.72  3.13  5.68 
  45  4.47  1.45  5.72 
  46  3.22 10.29  5.72 
  47  6.55  1.58  5.72 
  48  6.43  0.56  6.55 
  49  3.64  2.18  6.55 
  50  3.55  1.88  6.55 
  51  4.57 -3.27  6.55 
  52  0.94  3.42  6.55 
  53  5.23  4.31  6.55 
  54  4.89  4.93  6.55 
  55  5.57  4.67  6.55 
  56  4.20  8.18  6.55 
  57  8.53  8.23  6.55 
  58  3.49  3.09  8.53 
  59  4.61  5.17  8.53 
  60  6.85 15.68  8.53 
  61  4.64 50.09  8.53 
  62 10.14  5.62  8.53 
  63 12.20  2.92 10.14 
  64 10.74 11.11 12.20 
  65 11.90 14.15 12.20 
  66 11.65 19.58 12.20 
  67  4.62 17.11 12.20 
  68  8.91 13.56 12.20 
  69 12.24  4.33 12.20 
  70 13.37 14.86 12.24 
  71 15.14 35.64 13.37 
  72 17.11 11.35 15.14 
  73 13.33 20.99 17.11 
  74 15.58 16.22 17.11 
  75 30.01 30.78 17.11 
  76 13.16  8.80 30.01 
  77 25.77 21.03 30.01 
  78 33.70 113.90 30.01 
  79 40.06 32.70 33.70 
  80 32.05 27.04 40.06 
  81 27.05 37.63 40.06 
  82 40.30 45.09 40.06 
  83 26.87 40.85 40.30 
  84 33.67 37.52 40.30 
  85 31.53 29.30 40.30 
  86 37.01 26.59 40.30 
  87 32.42 73.41 40.30 
  88 45.00 69.03 40.30 
  89 49.96 47.45 45.00 
  90 36.33 50.67 49.96 
  91 30.64 45.48 49.96 
  92 66.08 39.43 49.96 
  93 57.53 33.02 66.08 
  94 53.94 37.02 66.08 
  95 63.09 27.78 66.08 
  96 60.55 47.74 66.08 
  97 70.04 24.68 66.08 
  98 60.00 60.13 70.04 
  99 71.57 79.91 70.04 
 100 64.84 40.23 71.57 
 101 96.42 74.47 71.57 
 102 95.95 89.13 96.42 
 103 139.47 92.29 96.42 
 104 112.70 140.03 139.47 
 105 114.64 93.06 139.47 
 106 121.75 65.60 139.47 
 107 125.65 92.65 139.47 
 108 171.10 64.19 139.47 
 109 168.90 104.48 171.10 
 110 136.28 72.61 171.10 
 111 146.12 92.55 171.10 
 112 173.07 107.74 171.10 
 113 143.71 189.32 173.07 
 114 126.56 164.02 173.07 
 115 155.45 131.57 173.07 
 116 130.35 104.68 173.07 
 117 153.91 114.78 173.07 
 118 183.07 191.82 173.07 
 119 141.88 97.75 183.07 
 120 170.11 154.84 183.07 
 121 194.76 163.52 183.07 
 122 215.87 180.22 194.76 
 123 230.14 234.06 215.87 
 124 204.82 106.95 230.14 
 125 243.76 47.61 230.14 
 126 198.04 138.71 243.76 
 127 254.45 169.01 243.76 
 128 271.17 109.88 254.45 
 129 276.30 86.97 271.17 
 130 330.78 105.69 276.30 
 131 314.68 115.77 330.78 
 132 275.07 72.41 330.78 
 133 331.72 78.43 330.78 
 134 333.88 84.14 331.72 
 135 363.98 136.66 333.88 
 136 382.58 135.99 363.98 
 137 402.71 102.96 382.58 
 138 375.35 174.03 402.71 
 139 430.58 229.32 402.71 
 140 422.05 218.25 430.58 
 141 477.12 127.51 430.58 
 142 428.66 257.69 477.12 
 143 434.09 424.77 477.12 
 144 489.45 358.79 477.12 
 145 521.38 207.60 489.45 
 146 624.70 362.11 521.38 
 147 563.17 246.19 624.70 
 148 566.39 305.13 624.70 
 149 609.79 400.76 624.70 
 150 548.37 417.56 624.70 
 151 573.34 591.16 624.70 
 152 617.85 481.16 624.70 
 153 574.93 507.94 624.70 
 154 664.93 474.16 624.70 
 155 696.50 858.21 664.93 
 156 770.75 456.10 696.50 
 157 731.71 379.95 770.75 
 158 704.26 337.79 770.75 
 159 796.38 246.17 770.75 
 160 732.73 219.19 796.38 
 161 858.60 314.99 796.38 
 162 853.98 399.65 858.60 
 163 831.27 497.21 858.60 
 164 925.49 495.18 858.60 
 165 837.78 561.33 925.49 
 166 914.87 535.91 925.49 
 167 791.27 602.97 925.49 
 168 975.16 300.38 925.49 
 169 857.42 378.25 975.16 
 170 998.73 471.01 975.16 
 171 977.48 494.75 998.73 
 172 1106.44 435.51 998.73 
 173 1027.83 540.13 1106.44 
 174 1126.44 410.19 1106.44 
 175 1028.07 407.47 1126.44 
 176 1060.54 488.19 1126.44 
 177 1151.57 458.97 1126.44 
 178 1190.80 341.78 1151.57 
 179 1044.72 564.95 1190.80 
 180 1128.64 451.14 1190.80 
 181 1328.19 359.87 1190.80 
 182 1160.19 554.34 1328.19 
 183 1325.54 563.84 1328.19 
 184 1272.85 646.03 1328.19 
 185 1168.67 478.24 1328.19 
 186 1352.30 683.53 1328.19 
 187 1336.37 447.75 1352.30 
 188 1391.41 549.61 1352.30 
 189 1338.81 450.04 1391.41 
 190 1340.95 386.37 1391.41 
 191 1407.38 430.05 1391.41 
 192 1390.91 614.86 1407.38 
 193 1429.34 572.88 1407.38 
 194 1356.86 475.06 1429.34 
 195 1624.48 519.80 1429.34 
 196 1512.38 527.03 1624.48 
 197 1387.44 601.71 1624.48 
 198 1354.55 644.81 1624.48 
 199 1455.95 788.05 1624.48 
 200 1610.26 839.53 1624.48 
 201 1695.27 871.34 1624.48 
 202 1511.94 1096.31 1695.27 
 203 1816.99 1075.85 1695.27 
 204 1549.23 1118.57 1816.99 
 205 1732.59 1238.25 1816.99 
 206 1851.07 1055.58 1816.99 
 207 1707.40 1164.39 1851.07 
 208 1735.84 1073.44 1851.07 
 209 1898.19 1365.00 1851.07 
 210 1831.85 1336.35 1898.19 
 211 1744.77 1439.39 1898.19 
 212 1813.17 1604.87 1898.19 
 213 2129.14 1536.74 1898.19 
 214 1754.38 1207.91 2129.14 
 215 1817.33 1221.50 2129.14 
 216 1886.41 1259.61 2129.14 
 217 1772.94 1427.85 2129.14 
 218 2152.96 1319.24 2129.14 
 219 1944.44 1604.56 2152.96 
 220 1945.24 1439.86 2152.96 
 221 2088.36 1685.18 2152.96 
 222 2193.23 1467.95 2152.96 
 223 1981.40 1438.25 2193.23 
 224 1951.36 1743.94 2193.23 
 225 1925.00 1639.59 2193.23 
 226 1917.46 1414.86 2193.23 
 227 1889.25 1790.62 2193.23 
 228 1954.49 1613.83 2193.23 
 229 2250.89 1760.21 2193.23 
 230 2029.37 1902.08 2250.89 
 231 2093.98 1640.98 2250.89 
 232 2124.11 1432.04 2250.89 
 233 2283.45 1468.12 2250.89 
 234 2093.81 1603.55 2283.45 
 235 2379.71 1748.46 2283.45 
 236 2247.37 1668.86 2379.71 
 237 2211.11 1527.55 2379.71 
 238 2284.13 1905.92 2379.71 
 239 2491.47 2140.79 2379.71 
 240 2332.71 2121.30 2491.47 
 241 2110.84 2005.85 2491.47 
 242 2371.65 2283.29 2491.47 
 243 2333.47 1691.59 2491.47 
 244 2162.19 1598.88 2491.47 
 245 2306.58 1683.64 2491.47 
 246 2408.92 1712.86 2491.47 
 247 2497.68 1339.08 2491.47 
 248 2601.22 1310.52 2497.68 
 249 2553.74 1321.67 2601.22 
 250 2320.20 1516.66 2601.22 
 251 2454.54 1703.91 2601.22 
 252 2363.14 1634.03 2601.22 
 253 2415.48 1650.35 2601.22 
 254 2387.97 1854.77 2601.22 
 255 2577.94 1870.90 2601.22 
 256 2434.88 1586.26 2601.22 
 257 2415.19 1648.00 2601.22 
 258 2616.03 1693.57 2601.22 
 259 2520.35 1608.19 2616.03 
 260 2350.19 1352.72 2616.03 
 261 2573.01 1745.58 2616.03 
 262 2675.12 1773.39 2616.03 
 263 2620.47 1537.50 2675.12 
 264 2721.08 1838.23 2675.12 
 265 2660.64 1812.72 2721.08 
 266 2491.00 2180.05 2721.08 
 267 2594.71 1845.63 2721.08 
 268 2665.26 1803.33 2721.08 
 269 2696.60 2247.89 2721.08 
 270 2647.66 2459.20 2721.08 
 271 2728.29 2456.28 2721.08 
 272 2664.07 2360.29 2728.29 
 273 2530.20 1986.31 2728.29 
 274 2617.09 1772.46 2728.29 
 275 2621.25 2035.97 2728.29 
 276 2751.76 2300.32 2728.29 
 277 2672.78 1774.14 2751.76 
 278 2602.90 2023.94 2751.76 
 279 2705.27 2360.31 2751.76 
 280 2543.53 2228.11 2751.76 
 281 2699.15 2018.37 2751.76 
 282 2697.81 2280.96 2751.76 
 283 2837.34 2090.49 2751.76 
 284 2796.71 1645.98 2837.34 
 285 2749.85 1588.44 2837.34 
 286 2915.77 1498.56 2837.34 
 287 2920.21 2436.76 2915.77 
 288 2692.43 2578.68 2920.21 
 289 2865.80 2445.04 2920.21 
 290 2767.05 2159.00 2920.21 
 291 2818.55 2015.99 2920.21 
 292 2949.97 2271.18 2920.21 
 293 2796.71 1949.08 2949.97 
 294 2825.19 2147.50 2949.97 
 295 2964.71 2429.41 2949.97 
 296 2913.47 2480.48 2964.71 
 297 2819.03 2122.67 2964.71 
 298 2694.62 2158.97 2964.71 
 299 2955.78 2008.10 2964.71 
