Iter | Sampling Pol | Evaluation Pol | Best (Sampled) 
   0 -6.21 -5.18 -100000000.00 
   1 -5.91 -5.40 -6.21 
   2 -5.87 -4.96 -5.91 
   3 -5.82 -4.81 -5.87 
   4 -5.47 -4.46 -5.82 
   5 -4.87 -4.42 -5.47 
   6 -4.79 -4.32 -4.87 
   7 -4.95 -4.36 -4.79 
   8 -5.04 -4.38 -4.79 
   9 -4.40 -4.23 -4.79 
  10 -4.61 -4.17 -4.40 
  11 -4.30 -4.48 -4.40 
  12 -4.29 -4.29 -4.30 
  13 -3.93 -4.10 -4.29 
  14 -4.36 -4.31 -3.93 
  15 -4.17 -4.06 -3.93 
  16 -3.98 -4.03 -3.93 
  17 -3.77 -4.14 -3.93 
  18 -4.09 -4.02 -3.77 
  19 -3.89 -4.10 -3.77 
  20 -3.46 -4.06 -3.77 
  21 -3.53 -3.84 -3.46 
  22 -3.82 -3.09 -3.46 
  23 -2.92 -2.18 -3.46 
  24 -3.52 -3.35 -2.92 
  25 -2.96 -3.38 -2.92 
  26 -2.30 -3.24 -2.92 
  27 -2.51 -3.18 -2.30 
  28 -3.46 -2.48 -2.30 
  29 -3.31 -2.01 -2.30 
  30 -2.81 -2.74 -2.30 
  31 -2.50 -3.16 -2.30 
  32 -2.16 -2.91 -2.30 
  33 -3.20 -2.84 -2.16 
  34 -2.74 -1.98 -2.16 
  35 -1.82 -1.78 -2.16 
  36 -1.59 -2.78 -1.82 
  37 -2.51 -2.74 -1.59 
  38 -2.74 -2.82 -1.59 
  39 -2.08 -2.79 -1.59 
  40 -1.84 -2.96 -1.59 
  41 -1.14 -2.93 -1.59 
  42 -1.49 -2.17 -1.14 
  43 -1.22 -2.77 -1.14 
  44 -0.86 -2.82 -1.14 
  45 -1.47 -2.96 -0.86 
  46 -1.32 -2.02 -0.86 
  47 -0.37 -2.89 -0.86 
  48 -0.35 -1.74 -0.37 
  49 -0.65 -1.30 -0.35 
  50 -1.39 -2.89 -0.35 
  51 -0.72 -2.60 -0.35 
  52  0.41 -1.70 -0.35 
  53  1.13 -2.84  0.41 
  54  0.86 -2.73  1.13 
  55  1.30 -2.88  1.13 
  56 -0.25 -0.53  1.30 
  57  2.39  0.83  1.30 
  58  3.72 -2.10  2.39 
  59  1.34 -1.83  3.72 
  60  2.55 -1.14  3.72 
  61  1.01 -0.20  3.72 
  62 -0.38  1.41  3.72 
  63  1.34 -2.29  3.72 
  64  2.24 -0.46  3.72 
  65  3.99 -1.61  3.72 
  66  2.64  0.88  3.99 
  67  4.85 -0.94  3.99 
  68  3.66 -0.20  4.85 
  69  3.12 -1.29  4.85 
  70  4.70 -0.94  4.85 
  71  2.93 -1.01  4.85 
  72  2.88 -1.01  4.85 
  73  4.70 -2.49  4.85 
  74  3.31  1.42  4.85 
  75  5.89 -1.62  4.85 
  76  5.12 -2.33  5.89 
  77  4.87 -2.08  5.89 
  78  3.53  0.37  5.89 
  79  6.10 -1.95  5.89 
  80  5.19  0.01  6.10 
  81  5.68  1.60  6.10 
  82  5.76  1.87  6.10 
  83  9.60  5.90  6.10 
  84  6.59  3.21  9.60 
  85  5.88  0.03  9.60 
  86  8.71 -0.88  9.60 
  87  6.63  1.68  9.60 
  88  9.18 -1.00  9.60 
  89  7.68 -0.60  9.60 
  90  8.42  3.27  9.60 
  91 10.20  3.82  9.60 
  92  6.73 -0.38 10.20 
  93  9.61  9.26 10.20 
  94  8.88  2.91 10.20 
  95 10.28  0.89 10.20 
  96 11.88 -0.47 10.28 
  97 10.17  1.11 11.88 
  98 11.98  1.81 11.88 
  99  9.51  3.74 11.98 
 100 11.15  4.08 11.98 
 101 12.21  2.13 11.98 
 102 11.25 -0.43 12.21 
 103 13.13  0.42 12.21 
 104 14.84  4.74 13.13 
 105 17.02  5.38 14.84 
 106 20.52  2.82 17.02 
 107 13.07  1.71 20.52 
 108 13.48  7.61 20.52 
 109 13.94  5.26 20.52 
 110 17.54  5.08 20.52 
 111 14.29  4.38 20.52 
 112 22.43  1.45 20.52 
 113 16.37  6.29 22.43 
 114 14.12 11.16 22.43 
 115 17.03  6.44 22.43 
 116 21.54  8.33 22.43 
 117 19.57  7.87 22.43 
 118 17.44 16.23 22.43 
 119 19.34  2.05 22.43 
 120 13.00  4.22 22.43 
 121 20.75  2.08 22.43 
 122 26.06 13.85 22.43 
 123 17.24 15.88 26.06 
 124 19.13 12.57 26.06 
 125 24.32 12.35 26.06 
 126 19.46 29.35 26.06 
 127 23.75  9.46 26.06 
 128 31.49 28.86 26.06 
 129 20.81 10.62 31.49 
 130 28.44 11.85 31.49 
 131 24.01  8.34 31.49 
 132 27.78  7.67 31.49 
 133 18.55  9.82 31.49 
 134 23.16 18.01 31.49 
 135 25.76  8.32 31.49 
 136 23.19  9.27 31.49 
 137 29.54 12.64 31.49 
 138 31.86 28.36 31.49 
 139 25.50 36.32 31.86 
 140 24.73 61.94 31.86 
 141 23.05 11.26 31.86 
 142 25.03 12.71 31.86 
 143 27.05 16.14 31.86 
 144 28.45 24.94 31.86 
 145 33.04 18.58 31.86 
 146 30.86  4.64 33.04 
 147 23.81  9.46 33.04 
 148 28.19  7.29 33.04 
 149 26.16  6.58 33.04 
 150 28.70  9.01 33.04 
 151 35.35  7.28 33.04 
 152 22.32 25.34 35.35 
 153 39.86  7.87 35.35 
 154 43.67  9.13 39.86 
 155 33.13  5.61 43.67 
 156 30.13  9.81 43.67 
 157 40.47  8.60 43.67 
 158 36.16  3.14 43.67 
 159 42.40 28.01 43.67 
 160 31.66 16.95 43.67 
 161 40.35 18.30 43.67 
 162 24.15 12.56 43.67 
 163 30.35 10.89 43.67 
 164 44.06  6.37 43.67 
 165 44.31  5.89 44.06 
 166 36.01  9.64 44.31 
 167 41.05 11.38 44.31 
 168 40.68 18.22 44.31 
 169 46.67 26.03 44.31 
 170 49.60 10.40 46.67 
 171 39.86  7.84 49.60 
 172 40.66 24.51 49.60 
 173 47.59 19.20 49.60 
 174 33.18 11.29 49.60 
 175 38.30 16.91 49.60 
 176 41.96 25.23 49.60 
 177 45.45 26.43 49.60 
 178 39.95 12.63 49.60 
 179 43.51 12.92 49.60 
 180 55.90  9.77 49.60 
 181 47.97 16.53 55.90 
 182 39.34 19.45 55.90 
 183 40.24 37.89 55.90 
 184 72.31 39.97 55.90 
 185 44.95 32.80 72.31 
 186 59.80 41.41 72.31 
 187 62.29 76.41 72.31 
 188 54.44 18.89 72.31 
 189 67.71 19.24 72.31 
 190 65.92 44.44 72.31 
 191 54.97 41.28 72.31 
 192 57.39 56.03 72.31 
 193 67.38 29.40 72.31 
 194 70.91 33.92 72.31 
 195 69.87 51.41 72.31 
 196 64.45 74.40 72.31 
 197 64.63 89.04 72.31 
 198 62.83 60.66 72.31 
 199 60.65 36.59 72.31 
 200 86.29 82.68 72.31 
 201 68.97 37.08 86.29 
 202 67.42 24.99 86.29 
 203 72.40 20.73 86.29 
 204 58.20 89.71 86.29 
 205 76.58 132.51 86.29 
 206 75.58 34.78 86.29 
 207 83.49 38.88 86.29 
 208 67.00 86.16 86.29 
 209 66.07 54.60 86.29 
 210 76.68 57.80 86.29 
 211 88.03 65.08 86.29 
 212 86.97 63.91 88.03 
 213 83.68 28.54 88.03 
 214 41.85 81.59 88.03 
 215 65.71 39.80 88.03 
 216 77.71 40.94 88.03 
 217 97.75 71.29 88.03 
 218 103.49 121.85 97.75 
 219 77.78 32.51 103.49 
 220 97.00 42.48 103.49 
 221 102.71 73.55 103.49 
 222 99.89 35.11 103.49 
 223 115.78 31.08 103.49 
 224 88.96 69.48 115.78 
 225 126.79 30.18 115.78 
 226 102.21 25.66 126.79 
 227 83.81 73.89 126.79 
 228 95.06 98.21 126.79 
 229 73.21 113.25 126.79 
 230 79.79 49.11 126.79 
 231 70.40 67.29 126.79 
 232 91.67 61.69 126.79 
 233 106.86 72.10 126.79 
 234 98.28 206.90 126.79 
 235 107.91 195.64 126.79 
 236 106.74 71.60 126.79 
 237 108.41 112.98 126.79 
 238 82.50 157.59 126.79 
 239 116.52 176.58 126.79 
 240 92.13 249.49 126.79 
 241 117.10 77.08 126.79 
 242 91.38 147.66 126.79 
 243 87.48 119.17 126.79 
 244 125.35 83.84 126.79 
 245 101.22 55.64 126.79 
 246 87.11 46.88 126.79 
 247 117.81 98.53 126.79 
 248 123.40 86.60 126.79 
 249 102.15 108.05 126.79 
 250 129.77 162.92 126.79 
 251 110.77 201.95 129.77 
 252 126.97 113.58 129.77 
 253 157.05 95.03 129.77 
 254 153.86 139.59 157.05 
 255 131.78 149.82 157.05 
 256 132.01 173.65 157.05 
 257 134.29 122.45 157.05 
 258 204.45 188.05 157.05 
 259 176.60 104.80 204.45 
 260 155.42 92.41 204.45 
 261 161.53 124.09 204.45 
 262 234.17 146.34 204.45 
 263 143.62 72.38 234.17 
 264 220.78 94.20 234.17 
 265 181.20 100.70 234.17 
 266 141.16 75.03 234.17 
 267 172.65 106.15 234.17 
 268 179.84 82.87 234.17 
 269 149.83 74.56 234.17 
 270 204.65 81.11 234.17 
 271 166.43 69.62 234.17 
 272 265.46 98.16 234.17 
 273 233.74 111.96 265.46 
 274 185.70 103.01 265.46 
 275 187.74 178.29 265.46 
 276 172.55 143.31 265.46 
 277 151.28 132.42 265.46 
 278 179.36 183.38 265.46 
 279 236.52 180.51 265.46 
 280 172.65 211.85 265.46 
 281 180.06 88.66 265.46 
 282 241.72 129.72 265.46 
 283 250.65 143.87 265.46 
 284 246.97 209.58 265.46 
 285 191.18 130.94 265.46 
 286 268.79 60.85 265.46 
 287 228.66 225.14 268.79 
 288 236.44 170.70 268.79 
 289 295.60 126.01 268.79 
 290 235.98 105.01 295.60 
 291 232.33 100.57 295.60 
 292 284.69 38.76 295.60 
 293 300.96 114.55 295.60 
 294 294.68 136.48 300.96 
 295 219.41 74.19 300.96 
 296 244.44 116.16 300.96 
 297 290.68 111.06 300.96 
 298 248.41 219.59 300.96 
 299 243.73 264.23 300.96 
 276 231.49 122.87 -100000000.00 
 277 225.66 157.61 231.49 
 278 259.06 133.97 231.49 
 279 236.03 277.74 259.06 
 280 227.75 136.29 259.06 
 281 226.75 150.50 259.06 
 282 266.50 261.05 259.06 
 283 204.64 241.99 266.50 
 284 206.34 195.54 266.50 
 285 218.77 265.80 266.50 
 286 246.38 282.56 266.50 
 287 202.33 216.52 266.50 
 288 202.45 226.91 266.50 
 289 238.43 207.08 266.50 
 290 235.26 228.56 266.50 
 291 247.27 236.34 266.50 
 292 232.98 194.12 266.50 
 293 285.15 179.37 266.50 
 294 310.58 235.63 285.15 
 295 250.86 331.67 310.58 
 296 261.79 220.06 310.58 
 297 274.27 249.72 310.58 
 298 323.77 101.58 310.58 
 299 335.65 141.63 323.77 
 300 351.78 297.19 335.65 
 301 383.65 312.01 351.78 
 302 256.65 338.13 383.65 
 303 347.38 186.10 383.65 
 304 245.91 110.61 383.65 
 305 259.35 171.36 383.65 
 306 308.85 209.49 383.65 
 307 266.29 200.64 383.65 
 308 313.69 174.54 383.65 
 309 270.89 238.11 383.65 
 310 370.49 82.86 383.65 
 311 303.33 246.08 383.65 
 312 370.47 220.25 383.65 
 313 263.27 308.89 383.65 
 314 292.19 249.12 383.65 
 315 355.62 287.14 383.65 
 316 376.50 323.09 383.65 
 317 381.67 234.15 383.65 
 318 336.99 207.37 383.65 
 319 341.09 208.80 383.65 
 320 431.30 222.83 383.65 
 321 393.42 369.32 431.30 
 322 421.89 270.13 431.30 
 323 355.43 237.32 431.30 
 324 481.86 215.90 431.30 
 325 440.57 206.85 481.86 
 326 510.79 190.50 481.86 
 327 406.54 192.14 510.79 
 328 407.82 301.51 510.79 
 329 421.72 280.60 510.79 
 330 524.11 221.82 510.79 
 331 561.09 246.71 524.11 
 332 520.63 355.53 561.09 
 333 440.88 344.39 561.09 
 334 544.98 241.10 561.09 
 335 488.87 375.71 561.09 
 336 579.33 373.27 561.09 
 337 547.06 388.12 579.33 
 338 539.59 486.18 579.33 
 339 552.78 262.52 579.33 
 340 556.57 244.37 579.33 
 341 459.51 231.46 579.33 
 342 651.67 336.89 579.33 
 343 480.72 323.04 651.67 
 344 597.81 226.07 651.67 
 345 590.41 446.05 651.67 
 346 617.05 333.98 651.67 
 347 613.18 375.80 651.67 
 348 618.71 484.48 651.67 
 349 566.22 310.59 651.67 
 350 656.35 538.46 651.67 
 351 567.43 462.81 656.35 
 352 622.14 557.46 656.35 
 353 570.99 585.69 656.35 
 354 756.06 350.23 656.35 
 355 579.60 350.65 756.06 
 356 655.93 410.35 756.06 
 357 607.01 385.59 756.06 
 358 673.26 352.26 756.06 
 359 726.70 434.83 756.06 
 360 765.95 274.82 756.06 
 361 597.91 436.59 765.95 
 362 746.06 335.76 765.95 
 363 822.95 324.48 765.95 
 364 718.35 428.59 822.95 
 365 805.16 533.86 822.95 
 366 761.90 280.59 822.95 
 367 771.82 417.81 822.95 
 368 834.91 425.47 822.95 
 369 899.57 534.60 834.91 
 370 851.61 504.48 899.57 
 371 883.78 507.49 899.57 
 372 786.06 637.15 899.57 
 373 901.60 611.41 899.57 
 374 855.48 564.65 901.60 
 375 899.87 833.52 901.60 
 376 882.00 818.67 901.60 
 377 892.14 668.98 901.60 
 378 883.03 642.11 901.60 
 379 880.00 682.59 901.60 
 380 814.06 656.34 901.60 
 381 891.80 688.42 901.60 
 382 862.92 861.19 901.60 
 383 703.88 729.36 901.60 
 384 807.10 775.37 901.60 
 385 902.69 608.99 901.60 
 386 920.44 605.95 902.69 
 387 991.07 718.37 920.44 
 388 1053.92 730.93 991.07 
 389 820.65 754.54 1053.92 
 390 872.42 741.11 1053.92 
 391 896.04 649.02 1053.92 
 392 827.35 958.30 1053.92 
 393 1080.31 964.96 1053.92 
 394 854.06 799.23 1080.31 
 395 1052.74 722.00 1080.31 
 396 1088.98 748.80 1080.31 
 397 961.56 810.31 1088.98 
 398 1063.47 681.82 1088.98 
 399 1097.02 701.09 1088.98 
 400 1069.30 682.79 1097.02 
 401 1179.78 884.67 1097.02 
 402 1021.53 652.85 1179.78 
 403 1054.07 855.87 1179.78 
 404 1098.41 1035.11 1179.78 
 405 1072.08 940.15 1179.78 
 406 1156.72 851.52 1179.78 
 407 927.62 529.56 1179.78 
 408 1126.94 872.76 1179.78 
 409 1108.49 711.41 1179.78 
 410 1181.29 930.28 1179.78 
 411 1147.45 855.90 1181.29 
 412 1065.78 923.74 1181.29 
 413 1206.24 1066.41 1181.29 
 414 1181.70 865.25 1206.24 
 415 1197.01 690.67 1206.24 
 416 1205.82 811.02 1206.24 
 417 1209.78 922.24 1206.24 
 418 1138.28 1045.60 1209.78 
 419 1248.13 1012.76 1209.78 
 420 1233.20 995.59 1248.13 
 421 1260.87 961.49 1248.13 
 422 1367.56 935.64 1260.87 
 423 1239.39 828.78 1367.56 
 424 1369.74 846.16 1367.56 
 425 1333.53 1092.09 1369.74 
 426 1272.02 1107.61 1369.74 
 427 1354.14 1060.83 1369.74 
 428 1394.78 1081.25 1369.74 
 429 1162.36 828.41 1394.78 
 430 1443.43 935.28 1394.78 
 431 1404.74 817.62 1443.43 
 432 1399.14 977.32 1443.43 
 433 1366.68 999.94 1443.43 
 434 1295.18 750.45 1443.43 
 435 1588.78 990.14 1443.43 
 436 1247.05 925.00 1588.78 
 437 1312.02 1085.06 1588.78 
 438 1338.73 1109.86 1588.78 
 439 1457.63 1138.79 1588.78 
 440 1551.32 1139.99 1588.78 
 441 1411.22 1112.47 1588.78 
 442 1442.81 1096.32 1588.78 
 443 1559.53 920.83 1588.78 
 444 1559.82 1045.28 1588.78 
 445 1334.98 962.20 1588.78 
 446 1536.23 1205.33 1588.78 
 447 1365.51 1137.81 1588.78 
 448 1657.29 1276.23 1588.78 
 449 1516.77 1076.66 1657.29 
 450 1585.75 790.61 1657.29 
 451 1368.99 1038.78 1657.29 
 452 1514.03 1048.94 1657.29 
 453 1438.79 1048.17 1657.29 
 454 1554.95 1108.84 1657.29 
 455 1475.41 1045.82 1657.29 
 456 1427.11 1324.34 1657.29 
 457 1609.60 1187.72 1657.29 
 458 1550.39 1150.27 1657.29 
 459 1593.22 1154.49 1657.29 
 460 1577.17 1167.90 1657.29 
 461 1578.57 1293.89 1657.29 
 462 1639.70 1440.88 1657.29 
 463 1641.22 1352.01 1657.29 
 464 1510.82 1618.37 1657.29 
 465 1739.05 1606.04 1657.29 
 466 1712.22 1688.61 1739.05 
 467 1600.36 1476.65 1739.05 
 468 1590.97 1530.90 1739.05 
 469 1630.84 1379.80 1739.05 
 470 1682.31 1401.67 1739.05 
 471 1773.73 1382.53 1739.05 
 472 1800.48 1341.49 1773.73 
 473 1602.28 1270.86 1800.48 
 474 1815.66 1504.25 1800.48 
 475 1635.07 1171.36 1815.66 
 476 1772.10 1576.22 1815.66 
 477 1819.45 1430.93 1815.66 
 478 1640.91 1567.81 1819.45 
 479 1817.70 1426.55 1819.45 
 480 1726.65 1751.95 1819.45 
 481 1930.10 1516.41 1819.45 
 482 1861.14 1458.16 1930.10 
 483 1763.52 1572.44 1930.10 
 484 1841.43 1578.15 1930.10 
 485 1803.90 1567.87 1930.10 
 486 1834.48 1529.34 1930.10 
 487 1963.32 1726.09 1930.10 
 488 1787.52 1755.21 1963.32 
 489 2017.69 1500.22 1963.32 
 490 1802.07 1680.55 2017.69 
 491 2008.60 1664.47 2017.69 
 492 1852.14 1648.23 2017.69 
 493 2054.91 1435.32 2017.69 
 494 2093.44 1534.26 2054.91 
 495 1963.49 1611.85 2093.44 
 496 1935.80 1690.31 2093.44 
 497 2011.82 1731.70 2093.44 
 498 2111.97 1496.92 2093.44 
 499 1908.62 1622.83 2111.97 
