Iter | Sampling Pol | Evaluation Pol | Best (Sampled) 
   0 -6.49 -5.70 -100000000.00 
   1 -5.76 -5.06 -6.49 
   2 -5.31 -4.67 -5.76 
   3 -5.12 -4.03 -5.31 
   4 -4.71 -1.42 -5.12 
   5 -4.38 -3.98 -4.71 
   6 -3.82 -1.63 -4.38 
   7 -3.82 -1.39 -3.82 
   8 -3.90 -3.21 -3.82 
   9 -3.93 -3.83 -3.82 
  10 -3.74  4.54 -3.82 
  11 -3.74  0.38 -3.74 
  12 -3.76 -3.26 -3.74 
  13 -3.45 -3.21 -3.74 
  14 -3.71 -4.21 -3.45 
  15 -3.46 -3.91 -3.45 
  16 -3.25 -4.46 -3.45 
  17 -2.89 -3.81 -3.25 
  18 -3.23 -2.92 -2.89 
  19 -2.68 -3.33 -2.89 
  20 -2.23 -3.42 -2.68 
  21 -2.67 -3.14 -2.23 
  22  1.32  3.44 -2.23 
  23 -2.69  0.44  1.32 
  24 -2.65 -2.54  1.32 
  25 -3.31 -2.16  1.32 
  26 -2.55 -1.64  1.32 
  27 -2.24  1.93  1.32 
  28 -2.87 -2.32  1.32 
  29 -2.54 -0.29  1.32 
  30 -2.80 -0.56  1.32 
  31 -2.67  8.46  1.32 
  32 -1.85 -3.20  1.32 
  33 -1.67 -3.89  1.32 
  34 -2.10 -3.51  1.32 
  35 -2.29 -3.32  1.32 
  36 -1.27 -3.74  1.32 
  37 -1.22 -3.07  1.32 
  38 -2.42 -3.47  1.32 
  39 -1.50 -3.03  1.32 
  40 -2.07 -0.64  1.32 
  41 -1.23 -2.67  1.32 
  42 -1.22 -3.20  1.32 
  43 -1.48 -1.00  1.32 
  44  0.60 -2.96  1.32 
  45 -1.31 -2.56  1.32 
  46 -1.39 -3.28  1.32 
  47 -0.37 -4.00  1.32 
  48 -1.04 -0.76  1.32 
  49 -0.51 -3.56  1.32 
  50 -0.58 -0.76  1.32 
  51 -1.48  4.56  1.32 
  52 -1.43 -1.76  1.32 
  53 -0.26 -1.93  1.32 
  54  0.46 -2.50  1.32 
  55 -0.16  0.26  1.32 
  56  0.78 -1.69  1.32 
  57  0.52 -3.24  1.32 
  58  1.07 -0.98  1.32 
  59  0.35 -1.78  1.32 
  60  0.76  2.67  1.32 
  61  0.74 -1.24  1.32 
  62  0.69 -1.77  1.32 
  63  2.26  0.85  1.32 
  64  2.02 10.78  2.26 
  65  1.23  1.73  2.26 
  66  1.91  2.40  2.26 
  67  2.88  4.33  2.26 
  68  2.30  8.22  2.88 
  69  1.98  2.65  2.88 
  70  3.52  3.84  2.88 
  71  2.63  1.62  3.52 
  72  2.11 -0.64  3.52 
  73  4.65  1.08  3.52 
  74  4.75  6.49  4.65 
  75  3.21  4.52  4.75 
  76  3.73  7.85  4.75 
  77  6.23  7.72  4.75 
  78  5.09  1.60  6.23 
  79  4.60  2.70  6.23 
  80  9.13  3.75  6.23 
  81  6.94  3.87  9.13 
  82  7.78  2.88  9.13 
  83  6.57  9.30  9.13 
  84  6.88 14.32  9.13 
  85  6.18  4.06  9.13 
  86  4.60  8.52  9.13 
  87  6.65 33.35  9.13 
  88  9.45 36.24  9.13 
  89  6.20 15.89  9.45 
  90  9.66 17.36  9.45 
  91  9.15  9.43  9.66 
  92  5.56 20.86  9.66 
  93  8.54 18.60  9.66 
  94  7.38 20.82  9.66 
  95 10.81  8.07  9.66 
  96 14.08 20.58 10.81 
  97 11.38 17.55 14.08 
  98 13.45 33.58 14.08 
  99 10.97 66.43 14.08 
 100  7.80 13.51 14.08 
 101 13.14 14.35 14.08 
 102  9.97 10.90 14.08 
 103 13.65 20.79 14.08 
 104 12.17 14.88 14.08 
 105 12.62 14.11 14.08 
 106 19.48  2.74 14.08 
 107 11.23 18.05 19.48 
 108 16.62 18.99 19.48 
 109 21.58 22.94 19.48 
 110 17.76 15.75 21.58 
 111 17.22 14.86 21.58 
 112 17.00 18.67 21.58 
 113 21.21 24.45 21.58 
 114 21.63 12.30 21.58 
 115 17.47 21.61 21.63 
 116 21.78 16.08 21.63 
 117 19.87 20.30 21.78 
 118 19.52 15.33 21.78 
 119 13.25 13.99 21.78 
 120 25.65 16.27 21.78 
 121 17.31 19.49 25.65 
 122 25.36 14.84 25.65 
 123 24.55  8.22 25.65 
 124 26.15 18.11 25.65 
 125 29.08 33.06 26.15 
 126 17.91 16.35 29.08 
 127 36.87 16.78 29.08 
 128 27.01 17.46 36.87 
 129 24.27 66.87 36.87 
 130 21.73 29.22 36.87 
 131 24.12 17.23 36.87 
 132 27.64 19.73 36.87 
 133 23.31 14.49 36.87 
 134 27.89 49.33 36.87 
 135 29.07 34.77 36.87 
 136 26.41 15.52 36.87 
 137 61.43 14.12 36.87 
 138 30.28  8.06 61.43 
 139 24.99 80.37 61.43 
 140 29.26 16.33 61.43 
 141 51.50 18.52 61.43 
 142 28.71  9.46 61.43 
 143 24.57 17.23 61.43 
 144 31.10 49.04 61.43 
 145 29.56 25.78 61.43 
 146 34.36 82.08 61.43 
 147 41.52 31.47 61.43 
 148 36.44 16.69 61.43 
 149 51.09 11.36 61.43 
 150 32.86 11.70 61.43 
 151 34.11 10.31 61.43 
 152 53.30  7.53 61.43 
 153 52.08 13.29 61.43 
 154 42.40  9.28 61.43 
 155 57.27 25.69 61.43 
 156 39.71 17.21 61.43 
 157 57.74 18.55 61.43 
 158 40.08 18.35 61.43 
 159 61.52 18.91 61.43 
 160 65.45 16.36 61.52 
 161 51.44 14.54 65.45 
 162 45.76 35.52 65.45 
 163 37.55 19.95 65.45 
 164 58.80 19.80 65.45 
 165 75.98 14.39 65.45 
 166 60.62 21.57 75.98 
 167 56.43 33.87 75.98 
 168 86.17 32.39 75.98 
 169 60.97 22.12 86.17 
 170 66.32 19.11 86.17 
 171 58.13 28.34 86.17 
 172 67.31 27.06 86.17 
 173 71.39 16.65 86.17 
 174 71.75 19.53 86.17 
 175 81.21 19.93 86.17 
 176 64.94 21.69 86.17 
 177 86.67  6.80 86.17 
 178 81.87 21.63 86.67 
 179 71.01 18.96 86.67 
 180 84.69 30.07 86.67 
 181 103.03 37.26 86.67 
 182 93.47 70.09 103.03 
 183 88.48 67.92 103.03 
 184 97.27 28.69 103.03 
 185 81.22 112.57 103.03 
 186 91.79 25.70 103.03 
 187 98.12 128.91 103.03 
 188 91.72 51.15 103.03 
 189 122.27 52.10 103.03 
 190 92.49 49.94 122.27 
 191 101.72 38.35 122.27 
 192 86.10 43.07 122.27 
 193 110.94 47.41 122.27 
 194 97.45 38.60 122.27 
 195 129.64 48.74 122.27 
 196 106.93 64.44 129.64 
 197 109.98 51.68 129.64 
 198 120.46 58.11 129.64 
 199 110.08 63.21 129.64 
 200 105.83 104.06 129.64 
 201 114.80 198.46 129.64 
 202 119.33 193.02 129.64 
 203 138.87 214.90 129.64 
 204 110.33 123.71 138.87 
 205 102.62 200.25 138.87 
 206 189.29 114.50 138.87 
 207 105.68 122.56 189.29 
 208 138.61 151.52 189.29 
 209 128.31 149.32 189.29 
 210 132.36 165.78 189.29 
 211 133.04 106.61 189.29 
 212 110.84 169.02 189.29 
 213 143.38 133.76 189.29 
 214 125.41 129.81 189.29 
 215 127.74 193.35 189.29 
 216 109.47 105.64 189.29 
 217 143.32 147.57 189.29 
 218 175.61 96.42 189.29 
 219 132.05 110.54 189.29 
 220 153.03 104.28 189.29 
 221 143.81 65.26 189.29 
 222 176.21 51.11 189.29 
 223 182.32 117.03 189.29 
 224 118.14 137.82 189.29 
 225 141.73 139.62 189.29 
 226 125.73 161.10 189.29 
 227 144.96 73.77 189.29 
 228 196.03 86.13 189.29 
 229 175.26 86.08 196.03 
 230 145.97 119.77 196.03 
 231 188.49 232.98 196.03 
 232 142.28 171.46 196.03 
 233 152.54 197.39 196.03 
 234 128.70 145.32 196.03 
 235 177.06 282.54 196.03 
 236 194.70 158.11 196.03 
 237 190.07 164.04 196.03 
 238 172.37 169.84 196.03 
 239 201.44 212.91 196.03 
 240 178.42 135.89 201.44 
 241 188.10 174.74 201.44 
 242 255.91 154.23 201.44 
 243 181.59 128.32 255.91 
 244 194.73 173.52 255.91 
 245 228.12 215.02 255.91 
 246 199.93 280.79 255.91 
 247 248.11 225.86 255.91 
 248 238.65 178.46 255.91 
 249 230.59 172.26 255.91 
 250 212.75 192.07 255.91 
 251 209.26 173.79 255.91 
 252 213.29 220.52 255.91 
 253 225.58 151.65 255.91 
 254 249.60 122.05 255.91 
 255 286.15 184.67 255.91 
 256 184.52 208.49 286.15 
 257 189.17 218.71 286.15 
 258 259.73 242.58 286.15 
 259 262.21 158.28 286.15 
 260 239.36 161.12 286.15 
 261 226.35 230.60 286.15 
 262 261.42 186.73 286.15 
 263 233.50 147.42 286.15 
 264 233.96 269.75 286.15 
 265 245.73 150.33 286.15 
 266 292.30 165.35 286.15 
 267 242.39 201.11 292.30 
 268 265.07 166.11 292.30 
 269 241.03 221.52 292.30 
 270 270.86 194.30 292.30 
 271 251.87 200.94 292.30 
 272 270.43 190.55 292.30 
 273 265.45 141.40 292.30 
 274 301.88 210.66 292.30 
 275 284.14 204.89 301.88 
 276 289.50 183.18 301.88 
 277 232.40 127.87 301.88 
 278 225.87 302.36 301.88 
 279 263.55 163.05 301.88 
 280 219.62 184.53 301.88 
 281 294.67 153.93 301.88 
 282 351.28 277.65 301.88 
 283 321.58 331.27 351.28 
 284 275.00 349.53 351.28 
 285 302.83 382.97 351.28 
 286 326.45 347.39 351.28 
 287 350.83 395.00 351.28 
 288 317.31 412.36 351.28 
 289 324.05 307.61 351.28 
 290 288.14 401.83 351.28 
 291 364.74 283.85 351.28 
 292 353.32 224.76 364.74 
 293 296.33 389.51 364.74 
 294 341.74 242.53 364.74 
 295 378.13 254.51 364.74 
 296 333.26 493.03 378.13 
 297 391.99 420.53 378.13 
 298 453.29 336.14 391.99 
 299 368.38 374.29 453.29 
 276 330.12 267.76 -100000000.00 
 277 247.24 154.17 330.12 
 278 239.38 139.96 330.12 
 279 270.48 280.92 330.12 
 280 280.73 345.20 330.12 
 281 295.05 256.10 330.12 
 282 291.31 307.60 330.12 
 283 272.04 263.26 330.12 
 284 289.97 246.84 330.12 
 285 249.94 197.52 330.12 
 286 294.15 191.29 330.12 
 287 254.71 266.20 330.12 
 288 314.91 264.11 330.12 
 289 357.31 308.11 330.12 
 290 347.39 409.46 357.31 
 291 287.07 307.77 357.31 
 292 244.79 302.04 357.31 
 293 339.66 410.68 357.31 
 294 315.38 344.96 357.31 
 295 298.66 353.47 357.31 
 296 293.91 397.91 357.31 
 297 322.85 368.78 357.31 
 298 309.70 332.09 357.31 
 299 353.36 391.22 357.31 
 300 316.77 330.51 357.31 
 301 363.90 279.25 357.31 
 302 314.16 300.64 363.90 
 303 369.61 326.37 363.90 
 304 322.68 347.34 369.61 
 305 357.89 422.72 369.61 
 306 386.96 422.77 369.61 
 307 373.37 333.67 386.96 
 308 358.64 411.52 386.96 
 309 361.78 466.28 386.96 
 310 400.24 331.92 386.96 
 311 434.59 183.15 400.24 
 312 472.33 272.36 434.59 
 313 430.90 265.35 472.33 
 314 446.58 320.32 472.33 
 315 489.89 276.32 472.33 
 316 545.12 257.86 489.89 
 317 584.64 201.11 545.12 
 318 466.27 312.88 584.64 
 319 524.66 445.79 584.64 
 320 519.17 384.67 584.64 
 321 388.56 514.49 584.64 
 322 527.89 504.00 584.64 
 323 457.89 274.33 584.64 
 324 570.61 387.55 584.64 
 325 539.97 286.14 584.64 
 326 435.75 339.48 584.64 
 327 570.52 585.39 584.64 
 328 596.78 477.97 584.64 
 329 500.20 355.97 596.78 
 330 561.67 437.95 596.78 
 331 595.13 541.81 596.78 
 332 609.87 488.43 596.78 
 333 498.16 404.54 609.87 
 334 552.47 620.94 609.87 
 335 562.11 418.96 609.87 
 336 690.85 345.58 609.87 
 337 683.83 332.56 690.85 
 338 599.35 432.55 690.85 
 339 674.01 288.34 690.85 
 340 635.47 554.24 690.85 
 341 645.47 470.41 690.85 
 342 669.09 429.69 690.85 
 343 559.67 409.66 690.85 
 344 819.33 548.83 690.85 
 345 656.24 486.60 819.33 
 346 771.87 468.45 819.33 
 347 695.33 422.35 819.33 
 348 690.17 470.17 819.33 
 349 777.87 556.84 819.33 
 350 810.16 504.98 819.33 
 351 751.55 501.54 819.33 
 352 808.70 692.78 819.33 
 353 742.13 753.68 819.33 
 354 828.48 639.48 819.33 
 355 680.77 748.26 828.48 
 356 864.10 652.16 828.48 
 357 813.78 605.61 864.10 
 358 905.56 731.02 864.10 
 359 831.20 807.24 905.56 
 360 881.99 760.71 905.56 
 361 777.47 735.48 905.56 
 362 803.63 778.13 905.56 
 363 835.01 916.87 905.56 
 364 963.42 1057.40 905.56 
 365 1050.14 1026.48 963.42 
 366 1045.32 959.05 1050.14 
 367 1006.08 630.16 1050.14 
 368 977.27 724.12 1050.14 
 369 864.45 584.01 1050.14 
 370 983.12 866.84 1050.14 
 371 999.00 861.47 1050.14 
 372 869.07 847.11 1050.14 
 373 1070.25 822.03 1050.14 
 374 1074.57 964.66 1070.25 
 375 1024.36 857.31 1074.57 
 376 1146.54 731.41 1074.57 
 377 1038.00 675.63 1146.54 
 378 1035.14 709.66 1146.54 
 379 1117.26 791.95 1146.54 
 380 1189.68 821.96 1146.54 
 381 1008.74 1019.65 1189.68 
 382 1192.44 1058.07 1189.68 
 383 1019.95 1246.19 1192.44 
 384 1101.29 1123.10 1192.44 
 385 1141.60 1232.44 1192.44 
 386 1222.99 1140.02 1192.44 
 387 1087.84 1096.78 1222.99 
 388 1243.12 1110.32 1222.99 
 389 1160.00 1057.66 1243.12 
 390 1100.07 1104.47 1243.12 
 391 1217.67 1329.97 1243.12 
 392 1044.93 1278.53 1243.12 
 393 1344.26 1360.48 1243.12 
 394 1225.67 1281.43 1344.26 
 395 1278.40 1245.99 1344.26 
 396 1290.06 1364.90 1344.26 
 397 1387.63 1176.53 1344.26 
 398 1330.31 1034.86 1387.63 
 399 1275.12 1246.54 1387.63 
 400 1301.04 1284.11 1387.63 
 401 1429.72 1283.57 1387.63 
 402 1351.47 1278.46 1429.72 
 403 1416.28 1253.05 1429.72 
 404 1368.09 1021.72 1429.72 
 405 1381.60 1235.82 1429.72 
 406 1378.71 1293.05 1429.72 
 407 1269.43 1237.94 1429.72 
 408 1447.52 1149.55 1429.72 
 409 1415.13 1249.04 1447.52 
 410 1473.25 1400.13 1447.52 
 411 1607.87 1282.96 1473.25 
 412 1377.32 1371.41 1607.87 
 413 1477.69 1355.36 1607.87 
 414 1546.79 1166.94 1607.87 
 415 1388.17 1124.86 1607.87 
 416 1425.63 1423.67 1607.87 
 417 1557.66 1329.95 1607.87 
 418 1491.21 1222.87 1607.87 
 419 1451.99 1404.07 1607.87 
 420 1619.51 1344.61 1607.87 
 421 1570.82 1398.78 1619.51 
 422 1703.64 1292.02 1619.51 
 423 1508.11 1081.22 1703.64 
 424 1713.31 1394.37 1703.64 
 425 1580.89 1566.83 1713.31 
 426 1533.31 1398.03 1713.31 
 427 1643.68 1649.99 1713.31 
 428 1648.86 1652.76 1713.31 
 429 1585.79 1452.85 1713.31 
 430 1750.15 1512.77 1713.31 
 431 1692.22 1931.22 1750.15 
 432 1577.67 1600.92 1750.15 
 433 1444.25 1771.68 1750.15 
 434 1677.90 1579.58 1750.15 
 435 1783.24 1508.18 1750.15 
 436 1657.38 1756.19 1783.24 
 437 1632.56 1888.51 1783.24 
 438 1777.93 1630.00 1783.24 
 439 1817.78 1939.49 1783.24 
 440 1786.54 2094.35 1817.78 
 441 1915.92 1757.11 1817.78 
 442 1843.77 1739.69 1915.92 
 443 1689.02 1850.44 1915.92 
 444 1891.67 1835.31 1915.92 
 445 1662.32 1775.80 1915.92 
 446 1882.51 1875.85 1915.92 
 447 1774.69 1956.16 1915.92 
 448 1934.05 1973.44 1915.92 
 449 1941.67 1767.98 1934.05 
 450 1933.77 1786.63 1941.67 
 451 1754.65 1918.80 1941.67 
 452 1893.72 2021.39 1941.67 
 453 1783.01 2036.53 1941.67 
 454 2001.27 2022.85 1941.67 
 455 1823.49 2098.01 2001.27 
 456 1951.28 1995.11 2001.27 
 457 1970.34 1781.44 2001.27 
 458 1796.77 1875.57 2001.27 
 459 1949.36 1633.67 2001.27 
 460 1948.65 1671.43 2001.27 
 461 2050.61 1977.12 2001.27 
 462 2088.88 2025.05 2050.61 
 463 2171.26 1969.70 2088.88 
 464 2104.83 2132.22 2171.26 
 465 2064.12 2004.84 2171.26 
 466 2101.81 1942.11 2171.26 
 467 1936.27 1857.60 2171.26 
 468 2031.73 2170.04 2171.26 
 469 2067.78 1940.63 2171.26 
 470 2034.73 1958.84 2171.26 
 471 2229.07 2319.96 2171.26 
 472 2131.80 2012.80 2229.07 
 473 2082.42 2002.31 2229.07 
 474 2144.05 1792.27 2229.07 
 475 2037.38 2040.40 2229.07 
 476 2182.75 1826.86 2229.07 
 477 2152.07 1897.73 2229.07 
 478 2004.99 1968.75 2229.07 
 479 2234.68 2006.33 2229.07 
 480 2173.63 1996.06 2234.68 
 481 2158.74 1834.11 2234.68 
 482 2279.83 2017.82 2234.68 
 483 2230.48 2114.00 2279.83 
 484 2164.55 2190.73 2279.83 
 485 2101.69 1987.92 2279.83 
 486 2100.53 2222.67 2279.83 
 487 2365.73 2122.97 2279.83 
 488 2163.95 2040.36 2365.73 
 489 2276.70 1821.54 2365.73 
 490 2245.58 2127.79 2365.73 
 491 2171.31 2301.21 2365.73 
 492 2254.39 2271.83 2365.73 
 493 2128.90 1990.27 2365.73 
 494 2306.14 2048.01 2365.73 
 495 2320.15 2213.57 2365.73 
 496 2308.37 2441.18 2365.73 
 497 2226.86 2504.42 2365.73 
 498 2204.82 2446.66 2365.73 
 499 2129.04 2444.58 2365.73 
