Iter | Sampling Pol | Evaluation Pol | Best (Sampled) 
   0 -6.66 -6.71 -100000000.00 
   1 -6.06 -6.06 -6.66 
   2 -5.95 -4.94 -6.06 
   3 -5.42 -4.61 -5.95 
   4 -4.91 -3.75 -5.42 
   5 -4.54 -3.53 -4.91 
   6 -4.27 -3.45 -4.54 
   7 -4.03 -3.62 -4.27 
   8 -3.33 -3.13 -4.03 
   9 -3.79 -3.14 -3.33 
  10 -3.57  1.56 -3.33 
  11 -3.75 -0.35 -3.33 
  12 -3.02 -2.47 -3.33 
  13 -3.52 -1.94 -3.02 
  14 -3.20 -2.17 -3.02 
  15 -3.20  0.02 -3.02 
  16 -3.45 -3.42 -3.02 
  17 -3.37 -3.91 -3.02 
  18 -3.26 -3.76 -3.02 
  19 -2.80 -4.00 -3.02 
  20 -2.07 -3.80 -2.80 
  21 -2.58 -3.75 -2.07 
  22 -2.07 -3.51 -2.07 
  23 -2.52 -3.70 -2.07 
  24 -2.14 -3.69 -2.07 
  25 -2.33 -3.71 -2.07 
  26 -1.63 -3.81 -2.07 
  27 -1.63 -3.88 -1.63 
  28 -1.63 -3.69 -1.63 
  29 -1.62 -3.88 -1.63 
  30 -1.33 -3.97 -1.62 
  31 -2.00 -3.77 -1.33 
  32 -1.26 -3.96 -1.33 
  33 -2.37 -3.87 -1.26 
  34 -0.75 -4.01 -1.26 
  35 -1.03 -3.71 -0.75 
  36 -0.61 -3.84 -0.75 
  37 -0.34 -3.71 -0.61 
  38 -0.22 -3.47 -0.34 
  39  0.76 -3.54 -0.22 
  40  0.38 -3.52  0.76 
  41  1.63 -3.46  0.76 
  42  1.36 -2.86  1.63 
  43  1.13 -3.04  1.63 
  44  2.93 -2.17  1.63 
  45  2.25 -2.07  2.93 
  46  1.44 -3.05  2.93 
  47  1.43 -2.34  2.93 
  48  2.61 -3.29  2.93 
  49  4.59 -2.78  2.93 
  50  4.15 -2.06  4.59 
  51  6.01 -1.86  4.59 
  52  5.83 -2.04  6.01 
  53  6.00 -2.24  6.01 
  54 10.73 -1.18  6.01 
  55  4.44  5.13 10.73 
  56  3.74  2.22 10.73 
  57  7.98  3.72 10.73 
  58  9.71  9.21 10.73 
  59  5.58  3.25 10.73 
  60  6.28 10.04 10.73 
  61  8.22  9.80 10.73 
  62  6.64 18.79 10.73 
  63  8.88  6.46 10.73 
  64 10.49 25.59 10.73 
  65  7.70 16.95 10.73 
  66 11.74  2.48 10.73 
  67 12.62  5.29 11.74 
  68 17.69 14.90 12.62 
  69 11.70  0.57 17.69 
  70 14.05  1.43 17.69 
  71 12.77  0.04 17.69 
  72 13.17  0.80 17.69 
  73 10.80  2.23 17.69 
  74 14.75  4.26 17.69 
  75 13.27  4.33 17.69 
  76 11.58 27.84 17.69 
  77 20.29 25.76 17.69 
  78 22.70 16.46 20.29 
  79 15.89  9.04 22.70 
  80 16.59 20.03 22.70 
  81 20.18  9.61 22.70 
  82 17.40 10.45 22.70 
  83 15.15 23.00 22.70 
  84 16.80 31.14 22.70 
  85 14.15 14.94 22.70 
  86 18.73  4.33 22.70 
  87 16.28 -1.43 22.70 
  88 22.72 12.87 22.70 
  89 18.93 13.04 22.72 
  90 21.89 15.31 22.72 
  91 15.83 13.84 22.72 
  92 16.43 26.86 22.72 
  93 22.94 13.87 22.72 
  94 30.82 12.96 22.94 
  95 18.63 20.99 30.82 
  96 20.72 46.05 30.82 
  97 23.95 20.79 30.82 
  98 24.10 27.34 30.82 
  99 30.55 34.30 30.82 
 100 32.81 19.77 30.82 
 101 30.72 29.37 32.81 
 102 29.44 42.84 32.81 
 103 31.90 23.96 32.81 
 104 32.59 43.77 32.81 
 105 30.95 29.98 32.81 
 106 42.77 26.02 32.81 
 107 42.64 30.00 42.77 
 108 37.32 44.16 42.77 
 109 37.49 32.59 42.77 
 110 34.15 25.10 42.77 
 111 40.81 45.51 42.77 
 112 54.89 30.60 42.77 
 113 28.52 84.57 54.89 
 114 28.41 54.40 54.89 
 115 51.77 40.59 54.89 
 116 46.83 122.32 54.89 
 117 32.92 43.69 54.89 
 118 32.82 26.24 54.89 
 119 33.74 23.22 54.89 
 120 31.68 36.47 54.89 
 121 63.08 32.74 54.89 
 122 33.68 67.07 63.08 
 123 34.46 51.81 63.08 
 124 51.56 16.87 63.08 
 125 44.27 116.48 63.08 
 126 42.36 61.27 63.08 
 127 61.50 54.64 63.08 
 128 45.74 76.25 63.08 
 129 47.62 65.19 63.08 
 130 70.22 20.47 63.08 
 131 63.88 70.54 70.22 
 132 47.12 70.94 70.22 
 133 61.42 33.16 70.22 
 134 52.31 130.78 70.22 
 135 47.26 118.33 70.22 
 136 39.04 91.25 70.22 
 137 65.31 125.48 70.22 
 138 47.41 70.87 70.22 
 139 54.64 33.12 70.22 
 140 36.82 33.68 70.22 
 141 58.72 46.83 70.22 
 142 46.25 41.26 70.22 
 143 59.23 54.34 70.22 
 144 42.83 169.89 70.22 
 145 43.45 196.98 70.22 
 146 68.91 148.40 70.22 
 147 76.01 78.59 70.22 
 148 44.25 147.94 76.01 
 149 51.99 68.38 76.01 
 150 64.10 59.13 76.01 
 151 70.75 37.99 76.01 
 152 83.48 98.06 76.01 
 153 58.60 54.56 83.48 
 154 81.67 61.09 83.48 
 155 76.84 143.39 83.48 
 156 66.08 115.50 83.48 
 157 93.85 102.52 83.48 
 158 86.19 84.58 93.85 
 159 63.72 102.28 93.85 
 160 87.13 70.28 93.85 
 161 80.23 113.35 93.85 
 162 98.70 142.81 93.85 
 163 88.58 148.35 98.70 
 164 94.34 87.00 98.70 
 165 68.47 126.64 98.70 
 166 68.92 100.07 98.70 
 167 72.94 87.14 98.70 
 168 98.86 136.11 98.70 
 169 79.98 91.90 98.86 
 170 101.01 102.42 98.86 
 171 77.96 164.06 101.01 
 172 120.53 176.77 101.01 
 173 91.24 152.21 120.53 
 174 85.34 148.74 120.53 
 175 106.67 180.96 120.53 
 176 79.17 71.23 120.53 
 177 120.49 80.19 120.53 
 178 79.04 49.64 120.53 
 179 99.75 76.01 120.53 
 180 101.60 117.85 120.53 
 181 89.19 130.05 120.53 
 182 94.25 147.38 120.53 
 183 116.56 119.35 120.53 
 184 116.43 113.52 120.53 
 185 83.44 138.98 120.53 
 186 120.89 124.92 120.53 
 187 102.04 307.66 120.89 
 188 115.19 136.96 120.89 
 189 92.20 104.31 120.89 
 190 105.65 109.70 120.89 
 191 120.36 125.99 120.89 
 192 110.24 111.79 120.89 
 193 92.58 232.19 120.89 
 194 112.59 193.93 120.89 
 195 144.38 214.29 120.89 
 196 100.97 124.68 144.38 
 197 122.10 233.41 144.38 
 198 122.30 142.85 144.38 
 199 86.83 155.92 144.38 
 200 98.75 210.19 144.38 
 201 101.87 174.18 144.38 
 202 99.01 209.10 144.38 
 203 167.10 225.28 144.38 
 204 118.65 238.95 167.10 
 205 132.82 214.30 167.10 
 206 159.04 247.47 167.10 
 207 180.87 203.87 167.10 
 208 117.62 111.53 180.87 
 209 139.10 199.80 180.87 
 210 145.17 216.11 180.87 
 211 180.81 132.28 180.87 
 212 164.99 156.69 180.87 
 213 152.95 149.61 180.87 
 214 125.02 147.76 180.87 
 215 122.27 139.70 180.87 
 216 167.61 218.09 180.87 
 217 149.16 170.15 180.87 
 218 213.45 249.07 180.87 
 219 187.02 204.45 213.45 
 220 194.38 210.76 213.45 
 221 149.89 254.76 213.45 
 222 182.86 217.11 213.45 
 223 231.03 182.69 213.45 
 224 193.60 374.06 231.03 
 225 165.27 242.47 231.03 
 226 167.83 254.39 231.03 
 227 205.84 213.37 231.03 
 228 139.92 348.80 231.03 
 229 288.17 284.93 231.03 
 230 228.20 382.17 288.17 
 231 237.94 317.87 288.17 
 232 230.34 225.83 288.17 
 233 264.12 209.40 288.17 
 234 192.30 207.53 288.17 
 235 283.14 284.61 288.17 
 236 184.45 160.15 288.17 
 237 366.49 333.78 288.17 
 238 211.40 219.71 366.49 
 239 313.40 250.49 366.49 
 240 244.37 179.45 366.49 
 241 216.12 195.03 366.49 
 242 266.46 193.99 366.49 
 243 297.45 212.58 366.49 
 244 275.83 224.04 366.49 
 245 285.04 279.67 366.49 
 246 264.09 230.88 366.49 
 247 342.60 213.92 366.49 
 248 312.82 248.29 366.49 
 249 297.84 228.18 366.49 
 250 310.84 295.27 366.49 
 251 292.62 351.10 366.49 
 252 359.90 476.33 366.49 
 253 428.69 443.74 366.49 
 254 341.90 548.43 428.69 
 255 335.00 569.10 428.69 
 256 359.67 572.29 428.69 
 257 422.89 755.19 428.69 
 258 489.46 651.86 428.69 
 259 506.28 745.57 489.46 
 260 498.01 613.87 506.28 
 261 455.41 719.47 506.28 
 262 417.14 677.95 506.28 
 263 458.02 606.20 506.28 
 264 478.94 715.05 506.28 
 265 394.43 699.74 506.28 
 266 369.70 773.21 506.28 
 267 511.42 689.49 506.28 
 268 480.58 903.70 511.42 
 269 505.54 673.96 511.42 
 270 495.61 759.47 511.42 
 271 524.79 790.84 511.42 
 272 535.35 511.15 524.79 
 273 639.06 608.84 535.35 
 274 598.04 690.68 639.06 
 275 511.04 958.81 639.06 
 276 545.86 772.77 639.06 
 277 457.44 871.41 639.06 
 278 657.06 1016.04 639.06 
 279 728.29 1058.68 657.06 
 280 549.22 1174.88 728.29 
 281 567.69 948.45 728.29 
 282 571.60 1012.98 728.29 
 283 707.35 1118.33 728.29 
 284 694.98 1100.53 728.29 
 285 720.28 998.39 728.29 
 286 742.31 908.87 728.29 
 287 772.69 1012.26 742.31 
 288 742.12 1004.96 772.69 
 289 689.26 1113.68 772.69 
 290 676.51 935.59 772.69 
 291 846.54 890.26 772.69 
 292 737.88 814.87 846.54 
 293 853.02 996.59 846.54 
 294 822.69 912.49 853.02 
 295 747.96 885.57 853.02 
 296 814.22 940.28 853.02 
 297 817.48 952.34 853.02 
 298 680.67 1129.14 853.02 
 299 776.95 1164.69 853.02 
 276 606.61 1135.52 -100000000.00 
 277 565.32 695.59 606.61 
 278 503.65 759.11 606.61 
 279 561.28 482.48 606.61 
 280 589.64 531.86 606.61 
 281 532.67 689.79 606.61 
 282 575.65 687.66 606.61 
 283 628.37 705.32 606.61 
 284 564.98 601.19 628.37 
 285 557.97 650.87 628.37 
 276 606.61 1135.52 -100000000.00 
 277 565.32 695.59 606.61 
 278 503.65 759.11 606.61 
 279 561.28 482.48 606.61 
 280 589.64 531.86 606.61 
 281 532.67 689.79 606.61 
 282 575.65 687.66 606.61 
 283 628.37 705.32 606.61 
 284 564.98 601.19 628.37 
 285 557.97 650.87 628.37 
 286 616.51 710.81 628.37 
 287 692.63 798.43 628.37 
 288 595.48 846.66 692.63 
 289 698.00 813.50 692.63 
 290 711.25 744.65 698.00 
 291 674.48 747.71 711.25 
 292 620.73 600.75 711.25 
 293 666.13 765.17 711.25 
 294 720.45 926.66 711.25 
 295 571.99 821.04 720.45 
 296 707.66 852.99 720.45 
 297 687.62 772.59 720.45 
 298 635.39 835.96 720.45 
 299 766.94 701.78 720.45 
 300 776.72 990.86 766.94 
 301 658.96 1017.46 776.72 
 302 689.52 1078.36 776.72 
 303 778.45 1112.90 776.72 
 304 679.37 1120.11 778.45 
 305 851.93 1069.71 778.45 
 306 863.08 956.74 851.93 
 307 852.08 1145.45 863.08 
 308 798.06 1255.37 863.08 
 309 740.95 1096.58 863.08 
 310 866.08 1185.07 863.08 
 311 913.99 931.99 866.08 
 312 999.24 1128.87 913.99 
 313 983.88 1218.12 999.24 
 314 935.68 1238.39 999.24 
 315 878.00 1148.04 999.24 
 316 926.63 1143.23 999.24 
 317 1050.06 1332.36 999.24 
 318 1051.40 1401.32 1050.06 
 319 1042.23 1236.68 1051.40 
 320 957.28 1282.41 1051.40 
 321 891.50 1419.89 1051.40 
 322 1168.77 1358.19 1051.40 
 323 1008.58 1109.45 1168.77 
 324 1176.52 1155.05 1168.77 
 325 1178.64 986.41 1176.52 
 326 1071.14 1121.46 1178.64 
 327 1056.52 1180.17 1178.64 
 328 1370.36 1088.99 1178.64 
 329 1220.96 1346.07 1370.36 
 330 1260.61 1162.26 1370.36 
 331 1194.72 987.86 1370.36 
 332 1066.27 1105.19 1370.36 
 333 1147.14 1193.48 1370.36 
 334 1390.41 1248.62 1370.36 
 335 1191.94 1139.93 1390.41 
 336 1337.97 1120.48 1390.41 
 337 1080.28 1143.17 1390.41 
 338 1215.01 1227.70 1390.41 
 339 1308.33 1191.43 1390.41 
 340 1230.54 1292.97 1390.41 
 341 1279.03 1025.87 1390.41 
 342 1438.70 1057.11 1390.41 
 343 1447.99 1403.38 1438.70 
 344 1490.62 1456.31 1447.99 
 345 1228.58 1635.48 1490.62 
 346 1294.70 1302.63 1490.62 
 347 1405.99 1517.15 1490.62 
 348 1342.06 1759.75 1490.62 
 349 1362.73 1598.06 1490.62 
 350 1319.00 1564.58 1490.62 
 351 1409.34 1642.93 1490.62 
 352 1355.60 1471.93 1490.62 
 353 1489.33 1450.33 1490.62 
 354 1512.04 1459.82 1490.62 
 355 1411.91 1381.04 1512.04 
 356 1581.73 1589.74 1512.04 
 357 1480.68 1573.96 1581.73 
 358 1644.09 1796.88 1581.73 
 359 1406.95 1509.53 1644.09 
 360 1633.61 1570.90 1644.09 
 361 1466.46 1750.90 1644.09 
 362 1748.33 1743.35 1644.09 
 363 1372.60 2035.45 1748.33 
 364 1695.57 2150.17 1748.33 
 365 1518.01 2143.36 1748.33 
 366 1739.00 2095.12 1748.33 
 367 1644.54 2184.82 1748.33 
 368 1819.52 2198.37 1748.33 
 369 1854.36 2388.01 1819.52 
 370 1613.44 2165.10 1854.36 
 371 1900.46 2126.12 1854.36 
 372 1639.54 2165.15 1900.46 
 373 1812.29 2238.03 1900.46 
 374 1703.39 2041.73 1900.46 
 375 1734.38 2083.37 1900.46 
 376 1746.70 2203.69 1900.46 
 377 1797.15 2247.54 1900.46 
 378 1703.15 2310.71 1900.46 
 379 1930.58 2251.35 1900.46 
 380 1950.30 2234.20 1930.58 
 381 1752.53 2079.15 1950.30 
 382 2046.53 2092.88 1950.30 
 383 1913.54 2003.26 2046.53 
 384 2000.48 1949.09 2046.53 
 385 2045.62 1848.03 2046.53 
 386 1964.64 1897.22 2046.53 
 387 1998.27 2354.92 2046.53 
 388 2049.73 2356.95 2046.53 
 389 2039.87 2372.10 2049.73 
 390 2070.00 2362.26 2049.73 
 391 2144.20 2316.37 2070.00 
 392 2082.83 2384.90 2144.20 
 393 2015.16 2524.37 2144.20 
 394 2017.16 2452.24 2144.20 
 395 2075.68 2396.72 2144.20 
 396 2056.84 2369.09 2144.20 
 397 2156.15 2414.06 2144.20 
 398 2058.59 2315.95 2156.15 
 399 2267.50 2398.26 2156.15 
 400 2057.93 2361.32 2267.50 
 401 2143.68 2319.84 2267.50 
 402 2163.82 2404.07 2267.50 
 403 2158.46 2413.72 2267.50 
 404 2224.23 2333.83 2267.50 
 405 2098.49 2573.42 2267.50 
 406 2297.25 2677.90 2267.50 
 407 2257.86 2730.67 2297.25 
 408 2346.82 2461.27 2297.25 
 409 2130.88 2507.34 2346.82 
 410 2088.72 2561.06 2346.82 
 411 2250.82 2623.00 2346.82 
 412 2154.70 2445.96 2346.82 
 413 2386.54 2707.51 2346.82 
 414 2202.41 2737.85 2386.54 
 415 2291.11 2548.94 2386.54 
 416 2229.48 2547.77 2386.54 
 417 2260.33 2666.82 2386.54 
 418 2314.21 2548.62 2386.54 
 419 2210.50 2462.69 2386.54 
 420 2196.14 2532.96 2386.54 
 421 2346.09 2534.07 2386.54 
 422 2359.31 2679.62 2386.54 
 423 2433.87 2623.28 2386.54 
 424 2453.08 2515.09 2433.87 
 425 2283.17 2347.62 2453.08 
 426 2234.36 2352.87 2453.08 
 427 2293.92 2550.18 2453.08 
 428 2249.51 2431.82 2453.08 
 429 2230.94 2406.19 2453.08 
 430 2353.81 2638.13 2453.08 
 431 2403.71 2614.84 2453.08 
 432 2318.46 2457.27 2453.08 
 433 2265.08 2537.81 2453.08 
 434 2375.75 2794.31 2453.08 
 435 2391.15 2928.43 2453.08 
 436 2376.34 2986.88 2453.08 
 437 2253.89 2619.17 2453.08 
 438 2402.30 2624.40 2453.08 
 439 2438.69 2538.00 2453.08 
 440 2321.02 2493.55 2453.08 
 441 2387.97 2599.33 2453.08 
 442 2478.79 2537.77 2453.08 
 443 2028.03 2342.91 2478.79 
 444 2438.80 2794.13 2478.79 
 445 2095.62 2833.42 2478.79 
 446 2520.01 2643.63 2478.79 
 447 2221.67 2760.46 2520.01 
 448 2427.08 2956.80 2520.01 
 449 2365.39 2891.77 2520.01 
 450 2550.02 2729.32 2520.01 
 451 2354.56 2785.60 2550.02 
 452 2531.56 2742.89 2550.02 
 453 2444.01 2725.92 2550.02 
 454 2479.75 2650.07 2550.02 
 455 2455.24 2891.49 2550.02 
 456 2341.82 2789.01 2550.02 
 457 2644.49 2807.82 2550.02 
 458 2448.78 2989.23 2644.49 
 459 2534.54 2628.74 2644.49 
 460 2615.78 2588.27 2644.49 
 461 2502.03 2587.11 2644.49 
 462 2549.91 2595.61 2644.49 
 463 2583.31 2774.53 2644.49 
 464 2598.42 2737.23 2644.49 
 465 2490.59 2587.11 2644.49 
 466 2587.87 2647.95 2644.49 
 467 2525.41 2669.72 2644.49 
 468 2453.72 2695.57 2644.49 
 469 2477.63 2648.32 2644.49 
 470 2489.20 2937.57 2644.49 
 471 2632.47 3066.98 2644.49 
 472 2556.03 2842.58 2644.49 
 473 2435.31 2914.94 2644.49 
 474 2701.10 2882.69 2644.49 
 475 2563.50 2863.49 2701.10 
 476 2543.86 2715.41 2701.10 
 477 2467.83 2617.93 2701.10 
 478 2425.97 2818.83 2701.10 
 479 2570.49 2898.18 2701.10 
 480 2596.80 3001.51 2701.10 
 481 2513.19 2820.33 2701.10 
 482 2583.72 3079.65 2701.10 
 483 2774.90 3052.16 2701.10 
 484 2392.30 2882.93 2774.90 
 485 2726.65 3019.46 2774.90 
 486 2622.02 2586.51 2774.90 
 487 2731.24 2746.17 2774.90 
 488 2680.48 2735.09 2774.90 
 489 2673.77 2850.15 2774.90 
 490 2555.27 2691.60 2774.90 
 491 2604.47 2851.63 2774.90 
 492 2567.20 2985.44 2774.90 
 493 2760.38 2814.15 2774.90 
 494 2796.42 3022.67 2774.90 
 495 2831.53 2652.44 2796.42 
 496 2736.69 3003.23 2831.53 
 497 2907.43 2921.53 2831.53 
 498 2744.14 2962.60 2907.43 
 499 2744.97 2925.09 2907.43 
