Iter | Sampling Pol | Evaluation Pol | Best (Sampled) 
   0 -4.80 -5.36 -100000000.00 
   1 -5.27 -5.58 -4.80 
   2 -3.93 -5.57 -4.80 
   3 -4.00 -1.72 -3.93 
   4 -4.21 -0.32 -3.93 
   5 -3.50 -2.30 -3.93 
   6 -3.15 -2.42 -3.50 
   7 -2.10 -1.69 -3.15 
   8 -1.33  1.44 -2.10 
   9  1.15  1.75 -1.33 
  10 -1.74 -1.05  1.15 
  11 -1.29 -3.18  1.15 
  12  1.88 -0.21  1.15 
  13  0.25 -0.28  1.88 
  14  0.49  1.81  1.88 
  15  2.81 -1.77  1.88 
  16  5.23 13.44  2.81 
  17  6.87  0.09  5.23 
  18 10.77 -1.27  6.87 
  19  5.71  6.21 10.77 
  20 13.84  9.43 10.77 
  21  8.85  5.77 13.84 
  22 17.04 -0.76 13.84 
  23 12.03 -3.74 17.04 
  24 14.40  7.56 17.04 
  25 10.75  0.15 17.04 
  26 16.91  2.26 17.04 
  27 13.53  0.17 17.04 
  28 15.15  6.12 17.04 
  29 21.15  8.37 17.04 
  30 26.47  8.74 21.15 
  31 17.14 -1.08 26.47 
  32 34.27 -2.78 26.47 
  33 21.10  0.43 34.27 
  34 37.40 12.66 34.27 
  35 46.10  0.83 37.40 
  36 35.95 13.41 46.10 
  37 56.91 23.09 46.10 
  38 48.69  3.76 56.91 
  39 78.22 33.91 56.91 
  40 58.46 29.29 78.22 
  41 73.76 43.45 78.22 
  42 97.20 18.61 78.22 
  43 97.65 14.88 97.20 
  44 95.35 33.38 97.65 
  45 85.56 26.60 97.65 
  46 94.68 26.06 97.65 
  47 93.68 32.31 97.65 
  48 107.90 54.35 97.65 
  49 121.65 91.44 107.90 
  50 121.25 116.33 121.65 
  51 107.75 186.73 121.65 
  52 86.60 120.29 121.65 
  53 129.57 174.29 121.65 
  54 160.53 93.32 129.57 
  55 166.83 68.18 160.53 
  56 204.14 49.02 166.83 
  57 164.10 101.92 204.14 
  58 215.04 92.94 204.14 
  59 173.92 92.65 215.04 
  60 241.77 60.79 215.04 
  61 200.08 120.46 241.77 
  62 202.64 46.21 241.77 
  63 205.37 82.64 241.77 
  64 266.14 55.43 241.77 
  65 277.84 144.91 266.14 
  66 309.43 142.75 277.84 
  67 257.39 120.71 309.43 
  68 321.34 127.04 309.43 
  69 260.35 137.95 321.34 
  70 369.29 105.69 321.34 
  71 310.28 67.98 369.29 
  72 335.62 98.58 369.29 
  73 370.22 81.40 369.29 
  74 372.84 62.26 370.22 
  75 436.54 100.84 372.84 
  76 357.94 144.12 436.54 
  77 420.00 135.56 436.54 
  78 488.35 122.27 436.54 
  79 505.10 225.65 488.35 
  80 542.13 143.28 505.10 
  81 485.57 145.92 542.13 
  82 438.52 118.84 542.13 
  83 436.73 287.05 542.13 
  84 530.29 264.17 542.13 
  85 472.36 291.68 542.13 
  86 478.24 417.06 542.13 
  87 585.30 488.24 542.13 
  88 507.58 329.24 585.30 
  89 552.42 340.84 585.30 
  90 585.41 240.92 585.30 
  91 612.00 276.47 585.41 
  92 610.98 268.13 612.00 
  93 701.18 395.77 612.00 
  94 672.33 551.67 701.18 
  95 749.67 484.49 701.18 
  96 641.51 598.42 749.67 
  97 687.62 476.02 749.67 
  98 770.12 676.27 749.67 
  99 687.43 613.66 770.12 
 100 745.88 511.17 770.12 
 101 790.27 495.20 770.12 
 102 791.67 527.27 790.27 
 103 813.40 714.08 791.67 
 104 870.61 699.18 813.40 
 105 908.68 631.19 870.61 
 106 876.84 601.28 908.68 
 107 773.67 681.31 908.68 
 108 924.46 806.68 908.68 
 109 981.32 966.22 924.46 
 110 1018.92 678.80 981.32 
 111 1030.51 606.36 1018.92 
 112 973.95 779.55 1030.51 
 113 997.73 748.00 1030.51 
 114 971.66 633.25 1030.51 
 115 985.31 796.20 1030.51 
 116 984.78 825.79 1030.51 
 117 1143.81 797.13 1030.51 
 118 1146.47 783.55 1143.81 
 119 1148.74 767.99 1146.47 
 120 1102.54 825.28 1148.74 
 121 1198.47 774.32 1148.74 
 122 1106.28 830.36 1198.47 
 123 1265.77 656.66 1198.47 
 124 1078.73 966.88 1265.77 
 125 1354.00 1098.16 1265.77 
 126 1212.52 1285.33 1354.00 
 127 1250.39 1104.40 1354.00 
 128 1246.47 702.81 1354.00 
 129 1262.81 518.55 1354.00 
 130 1341.58 623.09 1354.00 
 131 1389.60 1136.26 1354.00 
 132 1369.12 926.85 1389.60 
 133 1314.48 666.93 1389.60 
 134 1364.63 752.16 1389.60 
 135 1381.61 874.99 1389.60 
 136 1340.92 896.53 1389.60 
 137 1480.23 1012.55 1389.60 
 138 1305.48 761.95 1480.23 
 139 1413.99 990.74 1480.23 
 140 1250.11 934.30 1480.23 
 141 1484.73 1325.14 1480.23 
 142 1452.13 1157.60 1484.73 
 143 1295.88 1056.01 1484.73 
 144 1413.29 1019.14 1484.73 
 145 1494.58 1172.26 1484.73 
 146 1635.48 1105.08 1494.58 
 147 1592.75 1322.99 1635.48 
 148 1567.74 1365.25 1635.48 
 149 1668.73 1557.75 1635.48 
 150 1684.94 1452.64 1668.73 
 151 1476.72 1513.39 1684.94 
 152 1505.77 1606.95 1684.94 
 153 1704.44 1532.59 1684.94 
 154 1714.77 1469.55 1704.44 
 155 1725.42 1427.62 1714.77 
 156 1556.41 1413.31 1725.42 
 157 1642.81 1470.51 1725.42 
 158 1738.65 1490.94 1725.42 
 159 1640.14 1295.21 1738.65 
 160 1849.52 1511.03 1738.65 
 161 1452.50 1229.36 1849.52 
 162 1628.68 1130.41 1849.52 
 163 1665.61 1471.29 1849.52 
 164 1798.12 1665.72 1849.52 
 165 1674.27 1614.70 1849.52 
 166 1874.50 1372.13 1849.52 
 167 1837.50 1795.00 1874.50 
 168 1987.82 1642.93 1874.50 
 169 1724.21 1618.14 1987.82 
 170 1804.02 1504.04 1987.82 
 171 1878.44 1576.79 1987.82 
 172 2014.16 1489.65 1987.82 
 173 2016.07 1402.47 2014.16 
 174 2054.07 1581.17 2016.07 
 175 2010.27 1333.64 2054.07 
 176 1945.34 1630.66 2054.07 
 177 2017.35 1496.94 2054.07 
 178 2172.14 1727.33 2054.07 
 179 2001.58 1747.48 2172.14 
 180 1943.55 1764.98 2172.14 
 181 2234.97 1724.01 2172.14 
 182 1990.94 1898.32 2234.97 
 183 2217.68 1615.14 2234.97 
 184 2115.40 1438.07 2234.97 
 185 2101.58 1687.41 2234.97 
 186 2248.99 1603.57 2234.97 
 187 2299.44 1556.37 2248.99 
 188 2209.56 1309.76 2299.44 
 189 2236.37 1566.70 2299.44 
 190 2220.43 1846.16 2299.44 
 191 2220.80 1660.79 2299.44 
 192 2155.84 1526.09 2299.44 
 193 2190.15 1909.08 2299.44 
 194 2209.31 2002.29 2299.44 
 195 2343.53 1835.54 2299.44 
 196 2469.21 1686.20 2343.53 
 197 2277.32 1783.27 2469.21 
 198 2287.65 2054.67 2469.21 
 199 2313.11 2009.20 2469.21 
 200 2368.88 1642.09 2469.21 
 201 2336.28 1567.92 2469.21 
 202 2229.17 1957.68 2469.21 
 203 2455.62 2230.95 2469.21 
 204 2346.02 2173.13 2469.21 
 205 2404.95 1866.24 2469.21 
 206 2453.60 1859.79 2469.21 
 207 2500.91 2076.82 2469.21 
 208 2396.97 2098.25 2500.91 
 209 2325.88 2474.12 2500.91 
 210 2535.55 2206.60 2500.91 
 211 2476.46 1902.61 2535.55 
 212 2468.80 1899.39 2535.55 
 213 2570.36 2098.27 2535.55 
 214 2238.82 2241.63 2570.36 
 215 2445.63 1802.61 2570.36 
 216 2581.46 1940.13 2570.36 
 217 2422.78 2000.63 2581.46 
 218 2632.02 1999.65 2581.46 
 219 2616.78 1870.50 2632.02 
 220 2605.74 1968.64 2632.02 
 221 2508.48 2240.07 2632.02 
 222 2728.47 2285.77 2632.02 
 223 2494.52 1958.17 2728.47 
 224 2577.02 2180.13 2728.47 
 225 2538.20 2020.66 2728.47 
 226 2571.89 2345.80 2728.47 
 227 2607.76 2254.84 2728.47 
 228 2555.23 2257.76 2728.47 
 229 2587.27 2250.04 2728.47 
 230 2707.50 2189.92 2728.47 
 231 2636.30 2233.54 2728.47 
 232 2665.83 1932.96 2728.47 
 233 2764.50 2292.83 2728.47 
 234 2734.67 1993.00 2764.50 
 235 2736.78 2486.67 2764.50 
 236 2645.71 2068.69 2764.50 
 237 2742.77 2039.36 2764.50 
 238 2650.18 2103.62 2764.50 
 239 2642.68 2073.64 2764.50 
 240 2717.31 2421.13 2764.50 
 241 2566.85 2301.49 2764.50 
 242 2862.68 2425.94 2764.50 
 243 2898.23 2322.97 2862.68 
 244 2727.71 2407.45 2898.23 
 245 2789.76 2160.57 2898.23 
 246 2688.63 2106.45 2898.23 
 247 2977.76 2091.71 2898.23 
 248 2877.43 2123.67 2977.76 
 249 2854.19 2120.44 2977.76 
 250 2828.58 2242.29 2977.76 
 251 2888.37 2278.01 2977.76 
 252 2845.83 2370.29 2977.76 
 253 2946.38 2608.33 2977.76 
 254 2900.54 2438.10 2977.76 
 255 2974.15 2678.66 2977.76 
 256 2902.08 2254.72 2977.76 
 257 2826.79 2199.60 2977.76 
 258 3014.17 2358.97 2977.76 
 259 2899.57 2164.57 3014.17 
 260 2876.64 1980.48 3014.17 
 261 2720.79 2001.69 3014.17 
 262 2862.36 2159.49 3014.17 
 263 2868.05 1831.12 3014.17 
 264 2828.92 2194.79 3014.17 
 265 2884.68 2601.45 3014.17 
 266 2806.87 3201.51 3014.17 
 267 3005.07 2710.40 3014.17 
 268 3076.17 2428.98 3014.17 
 269 2947.87 2292.13 3076.17 
 270 3016.63 2264.10 3076.17 
 271 3007.40 2113.09 3076.17 
 272 2971.36 2332.03 3076.17 
 273 3176.87 2166.79 3076.17 
 274 3025.54 2714.11 3176.87 
 275 3072.87 2645.91 3176.87 
 276 3120.58 2671.02 3176.87 
 277 2971.24 2585.04 3176.87 
 278 3065.20 2552.57 3176.87 
 279 3004.61 2651.22 3176.87 
 280 2906.29 2774.39 3176.87 
 281 3017.21 2858.71 3176.87 
 282 3103.71 2569.66 3176.87 
 283 2881.07 2774.29 3176.87 
 284 3015.11 2986.39 3176.87 
 285 3014.74 2955.98 3176.87 
 286 3077.80 2826.14 3176.87 
 287 3186.34 3000.62 3176.87 
 288 3133.69 2945.32 3186.34 
 289 3139.19 3031.41 3186.34 
 290 3240.94 3277.90 3186.34 
 291 3197.19 3275.32 3240.94 
 292 3073.85 3205.27 3240.94 
 293 3216.16 3187.33 3240.94 
 294 3258.23 3216.55 3240.94 
 295 3168.37 2995.83 3258.23 
 296 3163.26 3089.12 3258.23 
 297 3205.49 3176.88 3258.23 
 298 3084.53 3176.33 3258.23 
 299 3141.76 3124.98 3258.23 
