Iter | Sampling Pol | Evaluation Pol | Best (Sampled) 
   0 -7.41 -6.68 -100000000.00 
   1 -7.00 -6.52 -7.41 
   2 -6.57 -6.00 -7.00 
   3 -6.53 -5.77 -6.57 
   4 -6.23 -5.11 -6.53 
   5 -5.79 -4.71 -6.23 
   6 -5.38 -4.39 -5.79 
   7 -5.18 -4.03 -5.38 
   8 -4.87 -4.27 -5.18 
   9 -4.30 -4.34 -4.87 
  10 -4.55 -4.03 -4.30 
  11 -4.12 -4.03 -4.30 
  12 -3.71 -3.65 -4.12 
  13 -3.24 -3.43 -3.71 
  14 -3.75 -3.53 -3.24 
  15 -3.23 -3.24 -3.24 
  16 -3.25 -3.33 -3.23 
  17 -2.38 -3.39 -3.23 
  18 -2.86 -3.37 -2.38 
  19 -2.78 -3.20 -2.38 
  20 -2.31 -3.41 -2.38 
  21 -2.06 -3.78 -2.31 
  22 -2.02 -3.97 -2.06 
  23  0.37 -3.91 -2.02 
  24 -2.16 -3.32  0.37 
  25 -1.27 -3.48  0.37 
  26 -2.22 -2.07  0.37 
  27 -0.16 -2.77  0.37 
  28 -1.67 -3.64  0.37 
  29  0.34 -3.53  0.37 
  30 -0.67 -1.88  0.37 
  31 -1.69 -0.23  0.37 
  32 -1.33 -3.20  0.37 
  33  0.31 -0.73  0.37 
  34  2.78 -3.56  0.37 
  35  0.68 -2.64  2.78 
  36  1.17 -4.51  2.78 
  37 -2.05 -1.78  2.78 
  38  0.30 -3.80  2.78 
  39 -0.27  2.26  2.78 
  40 -0.87 -2.86  2.78 
  41 -0.74  0.63  2.78 
  42  0.06 -1.33  2.78 
  43  2.22 -2.94  2.78 
  44  1.45 -0.78  2.78 
  45  1.87  3.40  2.78 
  46  2.04 -0.01  2.78 
  47  0.42  3.08  2.78 
  48  3.45  0.63  2.78 
  49  1.78  3.44  3.45 
  50  3.46 -0.82  3.45 
  51  4.22  6.07  3.46 
  52  2.13  4.88  4.22 
  53  0.43  3.37  4.22 
  54  2.90  7.17  4.22 
  55  6.84  5.13  4.22 
  56  1.37 -0.36  6.84 
  57  5.56  1.06  6.84 
  58  3.91 -2.10  6.84 
  59  1.40  1.62  6.84 
  60  6.95 -0.11  6.84 
  61  9.45  1.93  6.95 
  62 10.55 -1.26  9.45 
  63  5.30  1.76 10.55 
  64  2.34  3.80 10.55 
  65  4.40  3.72 10.55 
  66  7.15  6.40 10.55 
  67 11.78  6.72 10.55 
  68  6.34 10.48 11.78 
  69 13.46 17.50 11.78 
  70  5.66  7.03 13.46 
  71  3.96 12.96 13.46 
  72  3.93 12.36 13.46 
  73  4.84 33.31 13.46 
  74  8.99 15.16 13.46 
  75  9.63 15.53 13.46 
  76 11.90 19.32 13.46 
  77  5.49 48.65 13.46 
  78  9.76 21.23 13.46 
  79  7.87  7.81 13.46 
  80  8.30  6.42 13.46 
  81 13.29 -0.72 13.46 
  82  8.17  5.01 13.46 
  83 11.15  3.68 13.46 
  84 11.74  4.68 13.46 
  85  6.38 110.02 13.46 
  86 11.15 29.30 13.46 
  87 16.47 42.20 13.46 
  88 15.77 134.65 16.47 
  89  9.86 166.36 16.47 
  90 14.66 94.48 16.47 
  91 18.08 75.66 16.47 
  92 14.10 39.69 18.08 
  93 11.79 48.83 18.08 
  94  8.45 61.56 18.08 
  95 25.28 72.18 18.08 
  96 11.73 35.88 25.28 
  97 12.87 54.00 25.28 
  98 15.43 27.63 25.28 
  99 13.50 55.89 25.28 
 100 18.07 45.93 25.28 
 101 13.23 83.10 25.28 
 102 18.69 20.56 25.28 
 103 12.49 58.56 25.28 
 104 21.31 69.33 25.28 
 105 18.14 44.94 25.28 
 106  9.88 65.06 25.28 
 107 18.52 71.24 25.28 
 108  9.44 59.88 25.28 
 109 21.97 53.27 25.28 
 110 19.84 88.69 25.28 
 111 15.99 83.55 25.28 
 112 18.80 103.53 25.28 
 113 19.76 91.87 25.28 
 114 18.57 176.94 25.28 
 115 19.56 85.56 25.28 
 116 24.93 77.73 25.28 
 117 13.94 80.68 25.28 
 118 24.50 42.65 25.28 
 119 13.25 51.02 25.28 
 120 16.06 80.84 25.28 
 121 22.03 72.07 25.28 
 122 28.84 64.26 25.28 
 123 15.13 70.88 28.84 
 124 16.83 39.29 28.84 
 125 21.31 51.69 28.84 
 126 26.22 55.32 28.84 
 127 18.94 69.26 28.84 
 128 21.41 53.77 28.84 
 129 30.03 44.80 28.84 
 130 16.51 19.42 30.03 
 131 15.12 42.53 30.03 
 132 10.88 38.80 30.03 
 133 18.07 42.86 30.03 
 134 10.21 29.98 30.03 
 135 19.24 29.33 30.03 
 136 21.49 19.01 30.03 
 137 15.02 26.65 30.03 
 138 15.52 26.77 30.03 
 139 23.36 45.77 30.03 
 140 29.06 27.76 30.03 
 141 17.68 22.53 30.03 
 142 25.17 38.90 30.03 
 143 34.70 37.46 30.03 
 144 25.54 50.63 34.70 
 145 21.65 47.61 34.70 
 146 33.45 52.40 34.70 
 147 22.85 52.65 34.70 
 148 44.60 55.38 34.70 
 149 29.70 41.75 44.60 
 150 29.19 51.56 44.60 
 151 36.71 165.06 44.60 
 152 29.59 72.35 44.60 
 153 22.28 114.59 44.60 
 154 33.44 82.20 44.60 
 155 22.65 94.27 44.60 
 156 24.48 76.60 44.60 
 157 25.94 104.21 44.60 
 158 26.80 86.88 44.60 
 159 35.34 108.75 44.60 
 160 31.09 125.59 44.60 
 161 35.54 129.81 44.60 
 162 34.60 157.75 44.60 
 163 35.11 127.19 44.60 
 164 28.80 154.66 44.60 
 165 36.84 143.87 44.60 
 166 20.68 130.57 44.60 
 167 33.24 134.56 44.60 
 168 34.91 199.49 44.60 
 169 45.12 105.76 44.60 
 170 48.41 119.32 45.12 
 171 26.93 89.93 48.41 
 172 45.27 85.11 48.41 
 173 39.81 95.26 48.41 
 174 47.47 100.25 48.41 
 175 38.36 93.80 48.41 
 176 35.55 100.85 48.41 
 177 26.24 113.95 48.41 
 178 44.27 83.13 48.41 
 179 36.77 106.54 48.41 
 180 30.89 116.04 48.41 
 181 42.67 73.27 48.41 
 182 45.07 57.28 48.41 
 183 41.53 87.87 48.41 
 184 39.49 99.63 48.41 
 185 48.76 109.40 48.41 
 186 43.34 90.80 48.76 
 187 43.62 97.25 48.76 
 188 40.96 77.08 48.76 
 189 58.46 68.60 48.76 
 190 55.16 76.05 58.46 
 191 45.85 107.49 58.46 
 192 39.44 84.37 58.46 
 193 54.87 100.96 58.46 
 194 42.34 100.00 58.46 
 195 61.04 104.92 58.46 
 196 43.18 90.58 61.04 
 197 37.83 100.60 61.04 
 198 58.17 127.65 61.04 
 199 59.40 104.19 61.04 
 200 64.69 119.99 61.04 
 201 68.54 86.81 64.69 
 202 56.03 65.25 68.54 
 203 73.97 99.19 68.54 
 204 69.06 135.99 73.97 
 205 72.54 192.14 73.97 
 206 77.38 120.60 73.97 
 207 59.03 69.31 77.38 
 208 56.29 69.96 77.38 
 209 69.09 81.17 77.38 
 210 67.72 168.97 77.38 
 211 69.03 194.40 77.38 
 212 82.01 147.19 77.38 
 213 69.47 92.41 82.01 
 214 65.34 86.44 82.01 
 215 72.56 92.10 82.01 
 216 78.93 55.20 82.01 
 217 84.48 94.64 82.01 
 218 87.76 82.02 84.48 
 219 86.47 150.70 87.76 
 220 86.04 162.23 87.76 
 221 80.74 134.30 87.76 
 222 98.44 105.14 87.76 
 223 58.72 145.51 98.44 
 224 70.50 145.55 98.44 
 225 96.62 139.85 98.44 
 226 72.05 156.47 98.44 
 227 107.94 124.21 98.44 
 228 85.55 280.89 107.94 
 229 118.53 205.76 107.94 
 230 81.32 149.45 118.53 
 231 70.87 209.48 118.53 
 232 75.36 206.01 118.53 
 233 77.53 144.91 118.53 
 234 76.33 226.80 118.53 
 235 95.43 190.24 118.53 
 236 71.66 176.19 118.53 
 237 109.10 221.03 118.53 
 238 113.56 187.15 118.53 
 239 129.25 162.51 118.53 
 240 112.74 165.31 129.25 
 241 90.78 173.32 129.25 
 242 132.73 191.80 129.25 
 243 107.89 135.55 132.73 
 244 109.24 160.54 132.73 
 245 108.52 314.46 132.73 
 246 148.34 136.55 132.73 
 247 141.83 121.30 148.34 
 248 138.34 239.15 148.34 
 249 118.22 267.00 148.34 
 250 133.67 213.08 148.34 
 251 123.16 216.44 148.34 
 252 126.19 246.26 148.34 
 253 152.44 253.93 148.34 
 254 155.52 322.65 152.44 
 255 185.47 316.93 155.52 
 256 160.72 328.89 185.47 
 257 140.96 287.03 185.47 
 258 164.27 251.26 185.47 
 259 165.41 307.80 185.47 
 260 166.43 314.28 185.47 
 261 187.43 227.67 185.47 
 262 166.32 313.88 187.43 
 263 156.93 213.36 187.43 
 264 175.32 169.65 187.43 
 265 195.21 131.75 187.43 
 266 147.33 152.42 195.21 
 267 208.09 260.36 195.21 
 268 196.72 163.38 208.09 
 269 212.20 93.17 208.09 
 270 192.06 125.59 212.20 
 271 189.54 111.28 212.20 
 272 202.23 391.27 212.20 
 273 175.81 219.19 212.20 
 274 210.70 195.99 212.20 
 275 172.78 279.39 212.20 
 276 247.84 160.82 212.20 
 277 200.82 117.51 247.84 
 278 228.93 236.68 247.84 
 279 230.26 143.31 247.84 
 280 215.16 160.91 247.84 
 281 220.25 218.16 247.84 
 282 233.79 255.87 247.84 
 283 199.91 191.49 247.84 
 284 194.34 164.12 247.84 
 285 222.43 256.89 247.84 
 286 273.32 256.31 247.84 
 287 263.33 189.50 273.32 
 288 253.18 108.69 273.32 
 289 298.16 234.49 273.32 
 290 265.25 168.00 298.16 
 291 245.91 255.31 298.16 
 292 280.71 319.49 298.16 
 293 286.62 331.48 298.16 
 294 309.72 246.74 298.16 
 295 208.34 237.28 309.72 
 296 298.13 342.35 309.72 
 297 288.84 348.03 309.72 
 298 280.53 208.30 309.72 
 299 325.99 276.72 309.72 
 276 230.75 311.60 -100000000.00 
 277 209.77 138.71 230.75 
 278 234.85 218.22 230.75 
 279 228.78 307.10 234.85 
 280 199.65 304.16 234.85 
 281 205.75 215.92 234.85 
 282 231.79 191.78 234.85 
 283 218.67 213.87 234.85 
 284 211.15 245.07 234.85 
 285 192.68 232.56 234.85 
 286 175.73 207.95 234.85 
 287 212.89 377.72 234.85 
 288 253.99 181.86 234.85 
 289 195.48 219.51 253.99 
 290 247.65 227.70 253.99 
 291 229.75 213.20 253.99 
 292 226.33 229.89 253.99 
 293 252.16 219.61 253.99 
 294 291.83 172.07 253.99 
 295 223.94 310.04 291.83 
 296 232.43 321.93 291.83 
 297 264.43 157.08 291.83 
 298 268.94 150.51 291.83 
 299 218.19 222.83 291.83 
 300 239.87 342.33 291.83 
 301 245.41 234.48 291.83 
 302 285.70 142.93 291.83 
 303 246.41 133.18 291.83 
 304 236.49 186.01 291.83 
 305 331.83 353.72 291.83 
 306 289.98 233.16 331.83 
 307 288.70 240.03 331.83 
 308 331.16 273.26 331.83 
 309 340.30 267.01 331.83 
 310 278.16 250.61 340.30 
 311 331.83 258.04 340.30 
 312 337.24 373.09 340.30 
 313 280.08 329.47 340.30 
 314 327.70 201.28 340.30 
 315 387.95 116.54 340.30 
 316 339.75 245.94 387.95 
 317 349.65 174.69 387.95 
 318 348.09 211.12 387.95 
 319 370.15 254.51 387.95 
 320 371.34 197.29 387.95 
 321 333.97 339.54 387.95 
 322 377.41 228.73 387.95 
 323 332.91 295.47 387.95 
 324 356.24 122.12 387.95 
 325 368.00 194.25 387.95 
 326 374.97 193.80 387.95 
 327 459.36 132.78 387.95 
 328 443.73 148.18 459.36 
 329 375.72 371.43 459.36 
 330 458.36 406.42 459.36 
 331 458.87 238.29 459.36 
 332 392.47 394.87 459.36 
 333 473.44 363.20 459.36 
 334 493.60 393.88 473.44 
 335 520.67 329.88 493.60 
 336 546.14 536.17 520.67 
 337 483.64 407.92 546.14 
 338 454.74 359.01 546.14 
 339 497.51 456.88 546.14 
 340 453.94 485.08 546.14 
 341 570.93 425.58 546.14 
 342 532.45 429.75 570.93 
 343 495.72 405.60 570.93 
 344 534.66 421.54 570.93 
 345 447.47 415.46 570.93 
 346 545.15 407.25 570.93 
 347 531.06 239.44 570.93 
 348 550.27 329.78 570.93 
 349 629.71 347.88 570.93 
 350 599.96 301.46 629.71 
 351 631.86 425.68 629.71 
 352 595.58 348.48 631.86 
 353 634.80 284.82 631.86 
 354 642.27 433.89 634.80 
 355 620.82 376.13 642.27 
 356 583.95 281.30 642.27 
 357 645.53 516.72 642.27 
 358 686.53 524.19 645.53 
 359 658.52 337.04 686.53 
 360 686.18 471.59 686.53 
 361 718.35 426.48 686.53 
 362 601.40 482.57 718.35 
 363 762.42 669.43 718.35 
 364 720.88 522.22 762.42 
 365 722.22 325.87 762.42 
 366 730.29 265.47 762.42 
 367 692.19 450.42 762.42 
 368 754.30 387.32 762.42 
 369 725.93 404.85 762.42 
 370 748.95 416.03 762.42 
 371 864.15 454.99 762.42 
 372 729.23 353.62 864.15 
 373 754.25 248.54 864.15 
 374 794.25 487.93 864.15 
 375 747.26 501.37 864.15 
 376 869.25 458.30 864.15 
 377 773.13 381.69 869.25 
 378 785.02 395.25 869.25 
 379 836.98 446.55 869.25 
 380 901.83 544.25 869.25 
 381 901.54 489.49 901.83 
 382 956.90 695.37 901.83 
 383 842.71 676.37 956.90 
 384 880.37 465.78 956.90 
 385 1014.78 471.68 956.90 
 386 978.05 519.58 1014.78 
 387 1001.97 434.92 1014.78 
 388 1038.42 356.95 1014.78 
 389 1026.77 686.18 1038.42 
 390 1076.68 511.68 1038.42 
 391 1061.89 690.02 1076.68 
 392 958.37 678.24 1076.68 
 393 1038.07 552.44 1076.68 
 394 1009.66 494.09 1076.68 
 395 1055.46 686.19 1076.68 
 396 1059.38 669.95 1076.68 
 397 1135.08 881.64 1076.68 
 398 1079.11 1051.78 1135.08 
 399 1052.39 600.47 1135.08 
 400 1002.77 782.14 1135.08 
 401 1201.83 897.45 1135.08 
 402 1226.78 1052.15 1201.83 
 403 1286.39 989.84 1226.78 
 404 1228.94 1066.28 1286.39 
 405 1207.67 1002.08 1286.39 
 406 1194.59 1205.21 1286.39 
 407 1206.86 1394.08 1286.39 
 408 1160.75 902.37 1286.39 
 409 1236.47 935.84 1286.39 
 410 1145.90 839.37 1286.39 
 411 1294.92 853.66 1286.39 
 412 1234.25 1214.55 1294.92 
 413 1244.78 742.45 1294.92 
 414 1327.68 816.22 1294.92 
 415 1217.87 541.66 1327.68 
 416 1187.50 936.70 1327.68 
 417 1224.77 608.98 1327.68 
 418 1297.73 1023.07 1327.68 
 419 1408.26 840.11 1327.68 
 420 1270.48 928.35 1408.26 
 421 1157.05 1084.84 1408.26 
 422 1375.20 772.11 1408.26 
 423 1428.13 1267.25 1408.26 
 424 1286.35 1553.08 1428.13 
 425 1259.70 1327.41 1428.13 
 426 1359.17 1325.42 1428.13 
 427 1342.74 1405.96 1428.13 
 428 1382.85 1436.26 1428.13 
 429 1241.20 964.08 1428.13 
 430 1499.51 1059.87 1428.13 
 431 1385.39 1324.85 1499.51 
 432 1447.17 1176.30 1499.51 
 433 1532.96 973.94 1499.51 
 434 1424.43 1135.61 1532.96 
 435 1539.76 1315.22 1532.96 
 436 1358.89 1791.42 1539.76 
 437 1447.99 1269.73 1539.76 
 438 1488.34 1379.26 1539.76 
 439 1571.55 1658.99 1539.76 
 440 1265.85 1524.99 1571.55 
 441 1627.56 1205.75 1571.55 
 442 1620.40 1720.08 1627.56 
 443 1650.52 1829.59 1627.56 
 444 1585.30 1768.42 1650.52 
 445 1509.43 1669.28 1650.52 
 446 1475.67 1517.09 1650.52 
 447 1443.60 1655.94 1650.52 
 448 1648.15 1484.23 1650.52 
 449 1593.48 1595.98 1650.52 
 450 1748.94 1365.02 1650.52 
 451 1712.85 1402.95 1748.94 
 452 1638.00 1324.83 1748.94 
 453 1624.75 1085.82 1748.94 
 454 1694.38 1476.05 1748.94 
 455 1560.99 1415.87 1748.94 
 456 1691.20 1143.31 1748.94 
 457 1657.85 1290.97 1748.94 
 458 1744.77 1264.51 1748.94 
 459 1693.54 1414.58 1748.94 
 460 1727.65 1217.71 1748.94 
 461 1828.88 1297.17 1748.94 
 462 1854.93 1202.71 1828.88 
 463 1822.44 1188.03 1854.93 
 464 1794.40 1519.61 1854.93 
 465 1817.08 1156.10 1854.93 
 466 1720.98 1310.06 1854.93 
 467 1791.55 1606.39 1854.93 
 468 1609.72 1530.95 1854.93 
 469 1755.50 1616.68 1854.93 
 470 1754.77 1670.38 1854.93 
 471 1896.54 1672.78 1854.93 
 472 1745.87 1378.47 1896.54 
 473 1566.96 1844.40 1896.54 
 474 1765.51 1932.46 1896.54 
 475 1687.38 1864.26 1896.54 
 476 1932.68 1781.53 1896.54 
 477 1873.23 1518.26 1932.68 
 478 1900.52 1707.68 1932.68 
 479 1811.76 1576.40 1932.68 
 480 1927.83 1474.00 1932.68 
 481 1727.89 1796.47 1932.68 
 482 1958.23 1404.68 1932.68 
 483 1997.16 1593.50 1958.23 
 484 1933.59 1944.74 1997.16 
 485 1936.30 1769.87 1997.16 
 486 1836.99 2035.94 1997.16 
 487 1873.66 1563.16 1997.16 
 488 2028.96 1502.23 1997.16 
 489 1918.41 1603.08 2028.96 
 490 1925.82 1965.28 2028.96 
 491 1836.76 1594.90 2028.96 
 492 1972.02 1436.85 2028.96 
 493 2130.58 1417.20 2028.96 
 494 2164.62 1462.89 2130.58 
 495 1890.94 1371.22 2164.62 
 496 1938.61 1549.39 2164.62 
 497 2109.73 1467.65 2164.62 
 498 1987.44 1485.47 2164.62 
 499 2009.59 1537.88 2164.62 
 500 1970.90 1919.34 2164.62 
 501 1881.81 1677.93 2164.62 
 502 1893.34 2069.25 2164.62 
 503 2095.96 2020.55 2164.62 
 504 2114.50 1843.20 2164.62 
 505 2138.46 2038.50 2164.62 
 506 1998.58 1714.47 2164.62 
 507 2038.08 1885.89 2164.62 
 508 1910.61 1671.66 2164.62 
 509 1984.31 1608.44 2164.62 
 510 2032.42 1639.64 2164.62 
 511 2045.58 1778.33 2164.62 
 512 1946.01 1653.45 2164.62 
 513 2045.25 1696.95 2164.62 
 514 2068.67 1714.45 2164.62 
 515 2035.81 1820.76 2164.62 
 516 1995.71 1804.34 2164.62 
 517 1994.47 1563.80 2164.62 
 518 2049.18 1681.56 2164.62 
 519 2154.44 1942.56 2164.62 
 520 1979.81 1958.67 2164.62 
 521 1982.71 2075.13 2164.62 
 522 1955.85 1840.19 2164.62 
 523 2097.13 1974.52 2164.62 
 524 2045.73 1952.38 2164.62 
 525 2045.65 1835.79 2164.62 
 526 2113.62 1989.03 2164.62 
 527 2052.46 2126.08 2164.62 
 528 2058.85 2030.59 2164.62 
 529 2246.26 2031.72 2164.62 
 530 2288.95 1854.48 2246.26 
 531 2157.42 2100.27 2288.95 
 532 2140.73 1797.09 2288.95 
 533 2173.96 1789.98 2288.95 
 534 2174.29 2014.67 2288.95 
 535 2125.23 1901.69 2288.95 
 536 2159.46 1918.34 2288.95 
 537 2111.40 1871.52 2288.95 
 538 2265.33 1606.02 2288.95 
 539 2236.93 1678.12 2288.95 
 540 2326.10 1466.49 2288.95 
 541 2163.05 1712.25 2326.10 
 542 2295.30 1535.43 2326.10 
 543 2129.74 1492.46 2326.10 
 544 2350.27 1605.46 2326.10 
 545 2270.11 1713.68 2350.27 
 546 2262.49 1664.39 2350.27 
 547 2260.30 1793.23 2350.27 
 548 2245.16 1906.44 2350.27 
 549 2292.82 2068.83 2350.27 
 550 2246.21 2000.48 2350.27 
 551 2029.22 1921.85 2350.27 
 552 2231.97 1939.39 2350.27 
 553 2279.22 2015.59 2350.27 
 554 2267.05 2020.74 2350.27 
 555 2283.14 1897.16 2350.27 
 556 2294.31 1963.26 2350.27 
 557 2202.54 1990.26 2350.27 
 558 2259.88 2050.59 2350.27 
 559 2358.50 1943.26 2350.27 
 560 2321.11 1975.02 2358.50 
 561 2383.06 1983.92 2358.50 
 562 2283.43 2053.27 2383.06 
 563 2237.97 2185.78 2383.06 
 564 2266.26 2197.89 2383.06 
 565 2336.74 2093.32 2383.06 
 566 2179.28 2341.73 2383.06 
 567 2375.43 2215.36 2383.06 
 568 2272.86 2181.50 2383.06 
 569 2399.18 2390.04 2383.06 
 570 2138.76 2396.92 2399.18 
 571 2286.33 2183.42 2399.18 
 572 2291.30 1872.66 2399.18 
 573 2469.75 1986.48 2399.18 
 574 2497.90 1838.99 2469.75 
 575 2381.01 1470.72 2497.90 
 576 2339.26 1679.45 2497.90 
 577 2469.14 1787.23 2497.90 
 578 2429.17 1845.89 2497.90 
 579 2484.84 1976.37 2497.90 
 580 2336.09 2056.28 2497.90 
 581 2483.91 2128.51 2497.90 
 582 2515.72 2035.90 2497.90 
 583 2529.72 2181.23 2515.72 
 584 2470.02 2011.77 2529.72 
 585 2163.57 2480.31 2529.72 
 586 2366.69 2372.52 2529.72 
 587 2451.54 2278.53 2529.72 
 588 2335.15 2164.92 2529.72 
 589 2467.82 2373.09 2529.72 
 590 2298.58 2226.44 2529.72 
 591 2402.00 2530.58 2529.72 
 592 2339.68 2285.07 2529.72 
 593 2283.74 2296.45 2529.72 
 594 2312.85 2313.19 2529.72 
 595 2340.87 2119.63 2529.72 
 596 2462.42 2014.89 2529.72 
 597 2366.75 2274.89 2529.72 
 598 2316.40 2369.01 2529.72 
 599 2458.08 2414.96 2529.72 
 600 2481.79 2329.27 2529.72 
 601 2525.47 2439.77 2529.72 
 602 2421.23 2584.06 2529.72 
 603 2249.29 2517.73 2529.72 
 604 2403.44 2245.92 2529.72 
 605 2406.80 2253.83 2529.72 
 606 2314.51 2235.52 2529.72 
 607 2384.24 2112.45 2529.72 
 608 2464.41 2147.78 2529.72 
 609 2511.38 2380.16 2529.72 
 610 2455.04 2446.24 2529.72 
 611 2575.34 2481.21 2529.72 
 612 2584.45 2489.12 2575.34 
 613 2345.16 2353.95 2584.45 
 614 2411.79 2545.04 2584.45 
 615 2427.42 2463.09 2584.45 
 616 2560.56 2505.30 2584.45 
 617 2585.34 2105.08 2584.45 
 618 2514.89 2197.00 2585.34 
 619 2384.93 2290.59 2585.34 
 620 2337.87 1984.26 2585.34 
 621 2473.60 2521.37 2585.34 
 622 2437.44 2630.21 2585.34 
 623 2423.33 2394.01 2585.34 
 624 2187.12 2484.50 2585.34 
 625 2570.51 2254.03 2585.34 
 626 2353.91 2324.11 2585.34 
 627 2473.11 2495.10 2585.34 
 628 2489.61 2416.52 2585.34 
 629 2503.73 2469.83 2585.34 
 630 2602.29 2817.93 2585.34 
 631 2618.74 2710.16 2602.29 
 632 2571.97 2624.30 2618.74 
 633 2488.94 2640.55 2618.74 
 634 2404.41 2604.54 2618.74 
 635 2393.69 2314.72 2618.74 
 636 2551.01 2633.22 2618.74 
 637 2647.14 2436.11 2618.74 
 638 2510.68 2715.41 2647.14 
 639 2530.68 2654.35 2647.14 
 640 2436.22 2621.06 2647.14 
 641 2721.20 2505.26 2647.14 
 642 2661.72 2622.28 2721.20 
 643 2606.35 2716.92 2721.20 
 644 2701.11 2433.92 2721.20 
 645 2573.89 2642.10 2721.20 
 646 2596.40 2610.27 2721.20 
 647 2640.85 2577.61 2721.20 
 648 2725.88 2624.50 2721.20 
 649 2709.08 2757.55 2725.88 
 650 2732.84 2778.94 2725.88 
 651 2570.82 2745.53 2732.84 
 652 2616.70 2572.94 2732.84 
 653 2528.66 2616.40 2732.84 
 654 2630.33 2738.30 2732.84 
 655 2774.36 2530.94 2732.84 
 656 2643.77 2589.73 2774.36 
 657 2632.00 2801.18 2774.36 
 658 2635.78 2832.19 2774.36 
 659 2611.89 2590.74 2774.36 
 660 2598.97 2354.06 2774.36 
 661 2731.07 2621.85 2774.36 
 662 2656.35 2570.50 2774.36 
 663 2743.29 2658.57 2774.36 
 664 2730.10 2642.88 2774.36 
 665 2631.04 2346.96 2774.36 
 666 2658.02 2040.71 2774.36 
 667 2612.58 2048.47 2774.36 
 668 2564.87 1794.86 2774.36 
 669 2427.55 2042.60 2774.36 
 670 2524.29 1752.00 2774.36 
 671 2540.40 2483.74 2774.36 
 672 2505.53 2398.11 2774.36 
 673 2706.72 2316.56 2774.36 
 674 2473.25 2501.40 2774.36 
 675 2745.66 2600.51 2774.36 
 676 2573.34 2320.06 2774.36 
 677 2688.92 2284.65 2774.36 
 678 2635.14 2268.88 2774.36 
 679 2711.91 2319.30 2774.36 
 680 2508.80 2344.83 2774.36 
 681 2524.62 2322.17 2774.36 
 682 2645.16 2220.31 2774.36 
 683 2645.73 2253.17 2774.36 
 684 2553.68 2311.13 2774.36 
 685 2711.22 2429.94 2774.36 
 686 2612.44 2284.80 2774.36 
 687 2761.39 1708.54 2774.36 
 688 2653.22 2213.75 2774.36 
 689 2558.85 2230.40 2774.36 
 690 2900.95 2503.20 2774.36 
 691 2722.65 2214.90 2900.95 
 692 2623.34 2631.46 2900.95 
 693 2687.46 2364.26 2900.95 
 694 2802.80 2534.91 2900.95 
 695 2842.24 2453.94 2900.95 
 696 2827.83 2340.28 2900.95 
 697 2845.89 2216.50 2900.95 
 698 2753.72 2242.91 2900.95 
 699 2817.92 2277.45 2900.95 
 700 2654.82 2588.92 2900.95 
 701 2768.14 2539.46 2900.95 
 702 2641.03 2584.58 2900.95 
 703 2876.47 2603.71 2900.95 
 704 2856.63 2682.88 2900.95 
 705 2620.58 2720.74 2900.95 
 706 2753.16 2698.85 2900.95 
 707 2721.05 2707.70 2900.95 
 708 2898.87 2667.10 2900.95 
 709 2744.72 2501.02 2900.95 
 710 2783.13 2902.63 2900.95 
 711 2714.32 2523.56 2900.95 
 712 2944.30 2611.28 2900.95 
 713 2826.01 2409.78 2944.30 
 714 2861.54 2507.52 2944.30 
 715 2782.19 2922.47 2944.30 
 716 2900.08 2785.97 2944.30 
 717 2854.98 2510.82 2944.30 
 718 2791.02 2331.92 2944.30 
 719 2777.43 2655.96 2944.30 
 720 2941.02 2859.58 2944.30 
 721 2901.42 2635.52 2944.30 
 722 2829.81 2655.62 2944.30 
 723 2789.65 2842.89 2944.30 
 724 2851.52 2700.23 2944.30 
 725 2914.87 2715.85 2944.30 
 726 2852.99 2598.30 2944.30 
 727 2806.38 2557.35 2944.30 
 728 2864.40 2759.90 2944.30 
 729 2771.20 2393.02 2944.30 
 730 2904.17 2506.39 2944.30 
 731 2941.42 2393.38 2944.30 
 732 2849.03 2255.22 2944.30 
 733 2800.58 2544.90 2944.30 
 734 2806.20 2806.53 2944.30 
 735 2843.67 2520.14 2944.30 
 736 2701.71 2882.83 2944.30 
 737 2651.82 2755.63 2944.30 
 738 2649.13 2852.20 2944.30 
 739 2858.46 2804.57 2944.30 
 740 2773.95 2867.21 2944.30 
 741 2801.07 2686.65 2944.30 
 742 2666.08 2876.69 2944.30 
 743 2857.45 2864.71 2944.30 
 744 2784.03 2639.51 2944.30 
 745 2638.05 2766.89 2944.30 
 746 2759.77 2928.10 2944.30 
 747 2881.50 2532.67 2944.30 
 748 2789.42 2264.30 2944.30 
 749 2825.43 2568.39 2944.30 
 750 2789.39 2440.65 2944.30 
 751 2747.81 2784.89 2944.30 
 752 2948.22 2552.11 2944.30 
 753 2901.48 2643.46 2948.22 
 754 2759.95 2774.49 2948.22 
 755 2895.83 2784.19 2948.22 
 756 2994.74 2830.84 2948.22 
 757 2763.08 2598.68 2994.74 
 758 2944.96 2713.86 2994.74 
 759 2981.39 2436.52 2994.74 
 760 2779.07 2540.01 2994.74 
 761 2974.90 2744.17 2994.74 
 762 2874.06 2702.19 2994.74 
 763 3011.16 2648.92 2994.74 
 764 2858.15 2866.36 3011.16 
 765 2851.35 2664.15 3011.16 
 766 2936.50 2692.70 3011.16 
 767 2946.46 2449.09 3011.16 
 768 2999.91 2932.56 3011.16 
 769 2898.44 3038.79 3011.16 
 770 2896.23 2885.65 3011.16 
 771 3146.00 2850.29 3011.16 
 772 2935.43 2583.13 3146.00 
 773 2946.58 3043.10 3146.00 
 774 2903.11 2867.10 3146.00 
 775 2993.87 2887.21 3146.00 
 776 2928.39 2680.11 3146.00 
 777 2795.08 2905.88 3146.00 
 778 2997.32 2699.77 3146.00 
 779 3023.79 2824.03 3146.00 
 780 3007.63 2891.57 3146.00 
 781 2995.48 2951.91 3146.00 
 782 2995.46 3028.73 3146.00 
 783 2951.42 3021.28 3146.00 
 784 2937.83 3013.32 3146.00 
 785 2857.30 3079.18 3146.00 
 786 2833.85 2924.28 3146.00 
 787 2941.03 3040.31 3146.00 
 788 2861.83 3084.18 3146.00 
 789 2922.13 2886.70 3146.00 
 790 2974.46 3085.18 3146.00 
 791 3000.56 2970.62 3146.00 
 792 3102.52 3207.14 3146.00 
 793 3010.03 3063.44 3146.00 
 794 2940.27 3035.48 3146.00 
 795 3059.17 2974.76 3146.00 
 796 2977.27 2957.12 3146.00 
 797 2814.75 2917.00 3146.00 
 798 3161.98 2814.71 3146.00 
 799 3111.53 2856.76 3161.98 
