Iter | Sampling Pol | Evaluation Pol | Best (Sampled) 
   0 -5.15 -4.66 -100000000.00 
   1 -5.05 -3.92 -5.15 
   2 -5.02 -4.31 -5.05 
   3 -4.69 -4.81 -5.02 
   4 -4.86 -2.21 -4.69 
   5 -4.20 -5.35 -4.69 
   6 -4.18 -3.38 -4.20 
   7 -3.85  0.33 -4.18 
   8 -4.00 -4.43 -3.85 
   9 -3.71 -4.60 -3.85 
  10 -3.28 -2.77 -3.71 
  11 -3.15 -1.71 -3.28 
  12 -3.42  0.21 -3.15 
  13 -3.02 -1.65 -3.15 
  14 -2.28 -0.12 -3.02 
  15 -3.31  0.57 -2.28 
  16 -3.21 -0.68 -2.28 
  17 -3.09 -2.60 -2.28 
  18 -2.56 -0.03 -2.28 
  19 -2.22  0.84 -2.28 
  20 -3.05 -0.96 -2.22 
  21 -1.76 -3.63 -2.22 
  22 -0.32 -1.40 -1.76 
  23 -1.51 -3.40 -0.32 
  24 -1.82 -0.54 -0.32 
  25 -2.01 -1.38 -0.32 
  26 -1.45 -1.53 -0.32 
  27 -1.80  0.04 -0.32 
  28 -1.48 -1.84 -0.32 
  29 -0.82  5.16 -0.32 
  30  0.04  1.38 -0.32 
  31 -0.41  0.26  0.04 
  32  0.86  2.01  0.04 
  33 -0.51  1.28  0.86 
  34  1.65  5.07  0.86 
  35  1.61 18.30  1.65 
  36  0.63 12.56  1.65 
  37  3.39  1.10  1.65 
  38  1.94 10.71  3.39 
  39  1.44 -0.72  3.39 
  40  1.68  4.48  3.39 
  41  3.74 14.32  3.39 
  42  1.57  6.91  3.74 
  43  4.20  5.07  3.74 
  44  2.76 16.45  4.20 
  45  3.13 32.40  4.20 
  46  4.45  1.61  4.20 
  47  3.67  2.97  4.45 
  48  4.93  4.29  4.45 
  49  6.70  1.42  4.93 
  50  8.73  1.64  6.70 
  51  6.52  7.20  8.73 
  52  4.68  1.66  8.73 
  53  8.71  2.96  8.73 
  54  7.76  1.83  8.73 
  55  6.24 -0.59  8.73 
  56 16.50 -1.06  8.73 
  57 13.85 -0.20 16.50 
  58  6.84 17.44 16.50 
  59  6.82  8.13 16.50 
  60  9.40 10.93 16.50 
  61 11.87 11.65 16.50 
  62 10.44 12.77 16.50 
  63 11.65 18.72 16.50 
  64 16.16 17.28 16.50 
  65 20.21  7.05 16.50 
  66 22.88 15.27 20.21 
  67  8.00  4.73 22.88 
  68 14.40 -0.06 22.88 
  69 10.14  2.25 22.88 
  70  6.04 10.62 22.88 
  71  9.76  9.65 22.88 
  72  9.88 11.84 22.88 
  73  9.04 20.19 22.88 
  74 10.48  3.70 22.88 
  75 13.32 29.27 22.88 
  76  9.49 12.34 22.88 
  77  8.64  2.95 22.88 
  78 12.32  8.80 22.88 
  79 19.04  4.00 22.88 
  80 21.57  7.81 22.88 
  81 13.20 20.90 22.88 
  82 19.26  4.72 22.88 
  83 23.68  9.26 22.88 
  84 23.20  6.08 23.68 
  85 17.21 12.56 23.68 
  86 21.35  9.75 23.68 
  87 21.20 10.97 23.68 
  88 18.78 18.04 23.68 
  89 19.33 21.05 23.68 
  90 19.67 14.36 23.68 
  91 16.76 44.34 23.68 
  92 19.28 17.84 23.68 
  93 30.13 11.56 23.68 
  94 19.68 16.20 30.13 
  95 28.61 17.31 30.13 
  96 36.83 28.16 30.13 
  97 22.88 15.10 36.83 
  98 20.24 30.71 36.83 
  99 31.00 28.91 36.83 
 100 20.66 45.56 36.83 
 101 19.62 24.52 36.83 
 102 25.16 16.87 36.83 
 103 44.77 18.99 36.83 
 104 45.16 15.46 44.77 
 105 34.46 40.67 45.16 
 106 25.79 20.39 45.16 
 107 42.70  7.11 45.16 
 108 39.38 59.42 45.16 
 109 45.70 28.60 45.16 
 110 29.05 45.39 45.70 
 111 56.53 37.17 45.70 
 112 44.27 16.78 56.53 
 113 28.48 25.09 56.53 
 114 42.41 41.73 56.53 
 115 50.06 24.43 56.53 
 116 37.54 36.78 56.53 
 117 45.12 42.64 56.53 
 118 48.04 58.39 56.53 
 119 61.50 36.88 56.53 
 120 64.53 19.93 61.50 
 121 58.38 39.57 64.53 
 122 60.16 28.82 64.53 
 123 72.37 32.59 64.53 
 124 61.57  5.37 72.37 
 125 43.59 14.00 72.37 
 126 55.98 16.56 72.37 
 127 57.26  7.88 72.37 
 128 59.54 22.45 72.37 
 129 87.63 30.20 72.37 
 130 75.73 14.59 87.63 
 131 58.11  7.00 87.63 
 132 85.94 55.59 87.63 
 133 71.45 12.62 87.63 
 134 85.80 81.11 87.63 
 135 85.79 64.71 87.63 
 136 71.20 50.28 87.63 
 137 83.82 25.68 87.63 
 138 48.23 23.98 87.63 
 139 91.15 30.56 87.63 
 140 80.89 31.19 91.15 
 141 90.27 36.02 91.15 
 142 104.02 54.94 91.15 
 143 88.69 26.67 104.02 
 144 116.07 98.06 104.02 
 145 65.26 56.11 116.07 
 146 94.05 90.88 116.07 
 147 125.89 20.85 116.07 
 148 105.37 48.51 125.89 
 149 90.58 81.89 125.89 
 150 100.73 37.52 125.89 
 151 117.36 65.23 125.89 
 152 148.22 62.55 125.89 
 153 121.12 158.94 148.22 
 154 123.20 163.05 148.22 
 155 85.57 51.99 148.22 
 156 82.76 73.46 148.22 
 157 115.99 73.77 148.22 
 158 86.57 37.70 148.22 
 159 133.32 83.60 148.22 
 160 114.34 80.32 148.22 
 161 151.21 85.74 148.22 
 162 159.46 68.79 151.21 
 163 130.02 61.47 159.46 
 164 170.80 77.57 159.46 
 165 180.76 57.51 170.80 
 166 147.81 68.15 180.76 
 167 176.22 74.96 180.76 
 168 146.73 64.47 180.76 
 169 152.36 122.99 180.76 
 170 208.68 70.66 180.76 
 171 135.35 83.52 208.68 
 172 151.74 51.13 208.68 
 173 164.54 44.39 208.68 
 174 179.96 98.55 208.68 
 175 126.09 99.89 208.68 
 176 175.31 63.71 208.68 
 177 166.48 94.40 208.68 
 178 223.10 62.60 208.68 
 179 228.16 78.58 223.10 
 180 191.64 133.63 228.16 
 181 223.89 77.64 228.16 
 182 186.42 74.20 228.16 
 183 195.03 73.90 228.16 
 184 239.06 113.18 228.16 
 185 254.70 103.18 239.06 
 186 237.79 140.21 254.70 
 187 241.63 115.47 254.70 
 188 256.66 115.42 254.70 
 189 260.95 94.12 256.66 
 190 217.43 59.15 260.95 
 191 233.66 124.90 260.95 
 192 200.99 83.76 260.95 
 193 227.68 103.68 260.95 
 194 249.89 116.08 260.95 
 195 369.99 127.76 260.95 
 196 290.47 97.34 369.99 
 197 258.74 63.47 369.99 
 198 297.16 119.26 369.99 
 199 326.06 187.56 369.99 
 200 378.00 177.36 369.99 
 201 331.09 182.30 378.00 
 202 343.96 208.33 378.00 
 203 443.91 250.96 378.00 
 204 340.04 160.78 443.91 
 205 308.42 367.18 443.91 
 206 380.79 258.67 443.91 
 207 430.16 181.63 443.91 
 208 348.24 220.38 443.91 
 209 358.18 260.02 443.91 
 210 408.51 267.16 443.91 
 211 446.20 280.89 443.91 
 212 417.65 264.60 446.20 
 213 423.23 404.42 446.20 
 214 410.05 392.22 446.20 
 215 480.16 382.50 446.20 
 216 381.87 417.85 480.16 
 217 432.00 293.87 480.16 
 218 480.59 215.45 480.16 
 219 419.37 212.01 480.59 
 220 424.30 287.19 480.59 
 221 528.34 393.06 480.59 
 222 540.07 463.00 528.34 
 223 483.87 212.46 540.07 
 224 457.03 211.17 540.07 
 225 459.46 225.54 540.07 
 226 537.71 273.62 540.07 
 227 552.12 452.80 540.07 
 228 628.29 328.20 552.12 
 229 552.66 261.65 628.29 
 230 542.21 320.02 628.29 
 231 600.53 472.92 628.29 
 232 626.30 394.14 628.29 
 233 679.40 394.49 628.29 
 234 582.65 338.73 679.40 
 235 634.24 261.01 679.40 
 236 589.28 196.31 679.40 
 237 665.57 340.83 679.40 
 238 773.26 359.59 679.40 
 239 735.43 211.51 773.26 
 240 737.73 331.95 773.26 
 241 657.14 141.24 773.26 
 242 686.67 169.34 773.26 
 243 729.95 210.70 773.26 
 244 793.18 376.30 773.26 
 245 679.18 293.11 793.18 
 246 850.41 248.76 793.18 
 247 921.86 376.87 850.41 
 248 889.52 264.41 921.86 
 249 897.41 306.89 921.86 
 250 740.84 413.20 921.86 
 251 736.21 456.84 921.86 
 252 824.44 470.17 921.86 
 253 938.77 470.53 921.86 
 254 858.13 398.56 938.77 
 255 1016.70 445.96 938.77 
 256 858.43 397.26 1016.70 
 257 926.26 331.60 1016.70 
 258 986.19 616.62 1016.70 
 259 1019.69 552.61 1016.70 
 260 1015.96 438.65 1019.69 
 261 1035.53 548.20 1019.69 
 262 1004.84 623.64 1035.53 
 263 988.34 753.86 1035.53 
 264 1082.24 621.09 1035.53 
 265 1158.84 611.36 1082.24 
 266 988.08 844.99 1158.84 
 267 1212.57 756.33 1158.84 
 268 1216.36 733.41 1212.57 
 269 1201.58 702.59 1216.36 
 270 1064.06 623.28 1216.36 
 271 1152.10 770.74 1216.36 
 272 1185.94 786.07 1216.36 
 273 1346.39 650.96 1216.36 
 274 1191.55 676.28 1346.39 
 275 1327.39 841.65 1346.39 
 276 1227.53 676.57 1346.39 
 277 1251.06 641.29 1346.39 
 278 1215.69 691.88 1346.39 
 279 1239.12 610.76 1346.39 
 280 1224.31 659.54 1346.39 
 281 1159.56 454.88 1346.39 
 282 1288.15 576.91 1346.39 
 283 1336.93 421.15 1346.39 
 284 1221.49 848.05 1346.39 
 285 1224.58 671.36 1346.39 
 286 1358.58 641.65 1346.39 
 287 1520.77 930.03 1358.58 
 288 1409.08 856.30 1520.77 
 289 1399.45 661.91 1520.77 
 290 1297.38 830.61 1520.77 
 291 1339.43 641.81 1520.77 
 292 1356.90 819.51 1520.77 
 293 1363.69 740.73 1520.77 
 294 1634.77 891.29 1520.77 
 295 1412.90 884.62 1634.77 
 296 1401.78 820.01 1634.77 
 297 1590.32 899.36 1634.77 
 298 1362.00 794.04 1634.77 
 299 1466.32 792.31 1634.77 
