Iter | Sampling Pol | Evaluation Pol | Best (Sampled) 
   0 -7.01 -5.02 -100000000.00 
   1 -6.44 -5.45 -7.01 
   2 -6.34 -4.84 -6.44 
   3 -5.86 -4.54 -6.34 
   4 -5.74 -4.68 -5.86 
   5 -5.34 -4.42 -5.74 
   6 -4.61 -4.31 -5.34 
   7 -5.17 -4.18 -4.61 
   8 -4.51 -3.98 -4.61 
   9 -4.49 -3.77 -4.51 
  10 -4.33 -4.30 -4.49 
  11 -3.97 -3.68 -4.33 
  12 -2.83 -4.07 -3.97 
  13 -3.95 -4.26 -2.83 
  14 -4.15 -4.99 -2.83 
  15 -4.09 -4.52 -2.83 
  16 -4.04 -4.90 -2.83 
  17 -3.96 -4.26 -2.83 
  18 -2.83 -4.34 -2.83 
  19 -3.05 -3.95 -2.83 
  20 -1.19 -3.35 -2.83 
  21 -2.88 -3.57 -1.19 
  22 -3.25 -4.07 -1.19 
  23 -3.52 -3.54 -1.19 
  24 -3.65 -3.99 -1.19 
  25 -3.42 -4.15 -1.19 
  26 -3.36 -4.15 -1.19 
  27 -3.48 -3.83 -1.19 
  28 -3.54 -4.03 -1.19 
  29 -2.07 -4.04 -1.19 
  30 -2.70 -3.59 -1.19 
  31 -2.12 -3.96 -1.19 
  32 -2.46 -4.04 -1.19 
  33 -2.83 -3.12 -1.19 
  34 -2.57 -3.26 -1.19 
  35 -2.32 -3.37 -1.19 
  36 -3.00 -3.47 -1.19 
  37 -0.88 -3.31 -1.19 
  38 -2.31 -3.28 -0.88 
  39 -2.03 -3.21 -0.88 
  40 -1.58 -3.06 -0.88 
  41 -1.03 -2.95 -0.88 
  42 -1.28 -3.24 -0.88 
  43  0.14 -3.11 -0.88 
  44 -0.82 -2.73  0.14 
  45 -0.78 -3.72  0.14 
  46 -1.22 -3.60  0.14 
  47 -1.49 -3.64  0.14 
  48 -0.67 -3.49  0.14 
  49 -0.93 -3.71  0.14 
  50 -0.46 -3.64  0.14 
  51 -0.54 -2.46  0.14 
  52  1.71 -2.49  0.14 
  53 -0.16 -3.08  1.71 
  54 -0.17 -2.79  1.71 
  55  0.35 -3.05  1.71 
  56 -0.21 -2.15  1.71 
  57  0.30 -2.20  1.71 
  58  0.58 -2.16  1.71 
  59 -0.64 -2.08  1.71 
  60 -0.46 -0.52  1.71 
  61  0.89 -1.20  1.71 
  62  1.13  0.30  1.71 
  63  2.62 -0.25  1.71 
  64  0.62  0.69  2.62 
  65  0.35 -0.19  2.62 
  66  0.39  3.81  2.62 
  67  1.74 -1.46  2.62 
  68  2.68 -2.43  2.62 
  69  0.33  2.12  2.68 
  70  2.34  2.31  2.68 
  71  0.99  0.94  2.68 
  72  2.70 -2.21  2.68 
  73  2.68 -1.19  2.70 
  74  1.51 -1.29  2.70 
  75  0.65 -2.44  2.70 
  76  2.82 -0.64  2.70 
  77  1.37 -0.98  2.82 
  78  3.49 -1.75  2.82 
  79 -0.22 -2.27  3.49 
  80  1.76  1.42  3.49 
  81  3.71 -1.28  3.49 
  82  2.74 -2.22  3.71 
  83  3.83 -1.72  3.71 
  84  3.23 -0.55  3.83 
  85  1.67  0.38  3.83 
  86  3.35  0.09  3.83 
  87  3.78 -0.61  3.83 
  88  3.03 -0.53  3.83 
  89  2.23 -1.32  3.83 
  90  5.19 -1.79  3.83 
  91  4.65 -0.14  5.19 
  92  3.98  0.29  5.19 
  93  5.15  0.57  5.19 
  94  3.92  2.87  5.19 
  95  7.11 -0.08  5.19 
  96  6.15  0.79  7.11 
  97  6.57  0.15  7.11 
  98  6.49 -0.86  7.11 
  99  6.27 -1.22  7.11 
 100  6.51 -0.86  7.11 
 101  5.25  3.72  7.11 
 102  7.24 -0.61  7.11 
 103 10.10  5.72  7.24 
 104  7.94  4.95 10.10 
 105  6.39  7.39 10.10 
 106  5.09  6.90 10.10 
 107  8.56  6.53 10.10 
 108 11.01 12.12 10.10 
 109  7.21 15.99 11.01 
 110 13.01 16.87 11.01 
 111 15.16  6.87 13.01 
 112  8.29 12.23 15.16 
 113 10.18 37.57 15.16 
 114  8.93  6.96 15.16 
 115  8.26  9.98 15.16 
 116 17.66 10.19 15.16 
 117 11.04  5.85 17.66 
 118 14.54 21.74 17.66 
 119 14.77  9.03 17.66 
 120 15.60 44.31 17.66 
 121 23.47 20.45 17.66 
 122 21.34 25.62 23.47 
 123 16.98 29.99 23.47 
 124 15.93 27.54 23.47 
 125 19.92 28.74 23.47 
 126 26.62 29.42 23.47 
 127 16.76 131.58 26.62 
 128 27.60 31.81 26.62 
 129 31.49 14.91 27.60 
 130 30.16 13.51 31.49 
 131 17.68 17.46 31.49 
 132 23.75 12.93 31.49 
 133 33.07 21.16 31.49 
 134 27.24 27.92 33.07 
 135 29.82 84.61 33.07 
 136 40.33 60.15 33.07 
 137 42.99 27.21 40.33 
 138 24.83 68.18 42.99 
 139 32.56 47.52 42.99 
 140 33.87 69.52 42.99 
 141 21.35 36.02 42.99 
 142 32.11 54.58 42.99 
 143 40.56 21.18 42.99 
 144 35.85 26.49 42.99 
 145 33.50 29.15 42.99 
 146 40.62 42.26 42.99 
 147 41.53 40.32 42.99 
 148 24.94 16.83 42.99 
 149 45.31 25.48 42.99 
 150 37.21 31.60 45.31 
 151 44.58 30.08 45.31 
 152 40.81 35.48 45.31 
 153 46.35 30.84 45.31 
 154 40.95 43.05 46.35 
 155 33.16 40.43 46.35 
 156 38.52 41.44 46.35 
 157 35.80 40.13 46.35 
 158 48.43 32.95 46.35 
 159 70.42 61.47 48.43 
 160 66.69 39.71 70.42 
 161 52.35 59.60 70.42 
 162 37.51 49.56 70.42 
 163 44.76 32.11 70.42 
 164 53.11 41.08 70.42 
 165 29.87 44.65 70.42 
 166 48.56 39.68 70.42 
 167 40.94 29.85 70.42 
 168 64.55 43.18 70.42 
 169 76.70 39.84 70.42 
 170 50.88 51.62 76.70 
 171 50.03 68.00 76.70 
 172 63.34 60.34 76.70 
 173 57.80 76.35 76.70 
 174 71.56 57.68 76.70 
 175 42.17 42.93 76.70 
 176 72.64 65.56 76.70 
 177 62.16 63.26 76.70 
 178 38.34 77.22 76.70 
 179 53.59 77.83 76.70 
 180 57.50 59.14 76.70 
 181 60.14 49.85 76.70 
 182 36.90 90.11 76.70 
 183 50.67 41.53 76.70 
 184 47.54 33.69 76.70 
 185 27.30 36.25 76.70 
 186 38.49 39.78 76.70 
 187 43.53 34.43 76.70 
 188 43.81 36.14 76.70 
 189 67.67 78.25 76.70 
 190 56.23 25.35 76.70 
 191 55.64 27.20 76.70 
 192 50.27 24.04 76.70 
 193 49.12 25.26 76.70 
 194 63.32 62.66 76.70 
 195 54.47 28.78 76.70 
 196 69.14 56.54 76.70 
 197 68.05 37.07 76.70 
 198 47.70 46.68 76.70 
 199 30.64 38.76 76.70 
 200 47.44 35.81 76.70 
 201 73.30 37.91 76.70 
 202 84.61 38.23 76.70 
 203 63.27 45.65 84.61 
 204 73.32 62.62 84.61 
 205 48.75 59.37 84.61 
 206 90.53 48.75 84.61 
 207 84.18 62.57 90.53 
 208 78.74 36.62 90.53 
 209 88.93 38.88 90.53 
 210 49.71 45.31 90.53 
 211 123.39 59.96 90.53 
 212 74.60 53.62 123.39 
 213 90.35 51.27 123.39 
 214 45.46 95.19 123.39 
 215 61.51 55.29 123.39 
 216 88.36 47.70 123.39 
 217 101.00 60.94 123.39 
 218 76.41 59.51 123.39 
 219 102.17 82.24 123.39 
 220 86.66 85.49 123.39 
 221 86.05 143.80 123.39 
 222 84.54 119.55 123.39 
 223 92.80 51.18 123.39 
 224 65.08 52.51 123.39 
 225 79.69 76.46 123.39 
 226 87.77 59.96 123.39 
 227 108.86 86.17 123.39 
 228 95.79 75.74 123.39 
 229 108.63 42.24 123.39 
 230 133.59 44.73 123.39 
 231 90.07 73.83 133.59 
 232 79.04 61.71 133.59 
 233 107.71 74.54 133.59 
 234 87.47 156.18 133.59 
 235 114.04 96.17 133.59 
 236 108.96 71.76 133.59 
 237 133.42 45.11 133.59 
 238 79.33 76.95 133.59 
 239 90.65 43.63 133.59 
 240 126.05 56.26 133.59 
 241 71.55 48.14 133.59 
 242 101.03 117.75 133.59 
 243 102.78 61.34 133.59 
 244 122.09 51.15 133.59 
 245 135.19 43.19 133.59 
 246 133.67 60.80 135.19 
 247 143.77 40.05 135.19 
 248 131.60 151.03 143.77 
 249 104.93 37.12 143.77 
 250 111.94 36.69 143.77 
 251 121.37 49.51 143.77 
 252 109.29 43.92 143.77 
 253 158.57 65.07 143.77 
 254 88.33 93.97 158.57 
 255 136.82 51.06 158.57 
 256 106.67 26.10 158.57 
 257 128.18 29.32 158.57 
 258 159.07 70.81 158.57 
 259 145.99 15.02 159.07 
 260 166.70 27.63 159.07 
 261 141.00 30.66 166.70 
 262 149.87 41.63 166.70 
 263 148.84 25.21 166.70 
 264 193.71 36.30 166.70 
 265 182.48 29.44 193.71 
 266 137.48 24.66 193.71 
 267 177.88 28.46 193.71 
 268 141.19 57.00 193.71 
 269 205.76 26.86 193.71 
 270 194.91 78.50 205.76 
 271 198.85 64.72 205.76 
 272 186.70 40.85 205.76 
 273 169.83 75.38 205.76 
 274 160.09 50.44 205.76 
 275 204.41 58.36 205.76 
 276 148.30 133.34 205.76 
 277 159.95 106.83 205.76 
 278 168.71 63.40 205.76 
 279 180.91 152.30 205.76 
 280 227.48 112.12 205.76 
 281 208.63 159.58 227.48 
 282 194.70 75.82 227.48 
 283 275.01 44.11 227.48 
 284 237.32 100.09 275.01 
 285 187.62 113.37 275.01 
 286 225.74 172.55 275.01 
 287 289.93 177.25 275.01 
 288 232.79 69.54 289.93 
 289 225.07 109.92 289.93 
 290 246.23 87.65 289.93 
 291 276.58 122.64 289.93 
 292 241.12 104.05 289.93 
 293 239.22 71.72 289.93 
 294 322.64 67.30 289.93 
 295 278.49 91.01 322.64 
 296 229.45 176.59 322.64 
 297 293.35 232.32 322.64 
 298 284.60 135.73 322.64 
 299 237.09 108.05 322.64 
 276 199.96 55.39 -100000000.00 
 277 189.95 57.07 199.96 
 278 161.18 57.33 199.96 
 279 178.39 60.82 199.96 
 280 150.02 66.37 199.96 
 281 197.45 34.28 199.96 
 282 125.56 59.03 199.96 
 283 159.64 63.62 199.96 
 284 179.52 24.29 199.96 
 285 150.14 49.78 199.96 
 286 168.81 25.63 199.96 
 287 170.88 23.89 199.96 
 288 139.71 40.69 199.96 
 289 216.00 34.27 199.96 
 290 189.71 55.95 216.00 
 291 158.11 37.10 216.00 
 292 182.29 21.30 216.00 
 293 193.15 90.97 216.00 
 294 180.43 48.49 216.00 
 295 146.68 35.12 216.00 
 296 205.31 43.07 216.00 
 297 169.63 50.89 216.00 
 298 214.93 79.44 216.00 
 299 201.27 171.03 216.00 
 300 184.77 101.78 216.00 
 301 198.76 37.61 216.00 
 302 152.32 43.79 216.00 
 303 210.46 42.82 216.00 
 304 170.11 96.98 216.00 
 305 228.93 56.44 216.00 
 306 215.33 167.03 228.93 
 307 239.05 163.74 228.93 
 308 220.96 115.48 239.05 
 309 199.38 211.13 239.05 
 310 235.38 135.85 239.05 
 311 288.07 158.49 239.05 
 312 255.01 196.46 288.07 
 313 262.12 197.38 288.07 
 314 211.70 260.35 288.07 
 315 237.02 201.79 288.07 
 316 196.47 199.25 288.07 
 317 236.66 196.79 288.07 
 318 237.35 157.36 288.07 
 319 303.22 216.46 288.07 
 320 306.65 203.54 303.22 
 321 244.98 348.27 306.65 
 322 265.39 252.64 306.65 
 323 262.70 152.37 306.65 
 324 361.16 98.27 306.65 
 325 288.41 106.57 361.16 
 326 384.14 218.06 361.16 
 327 305.06 204.97 384.14 
 328 311.27 158.74 384.14 
 329 374.24 140.87 384.14 
 330 357.65 52.30 384.14 
 331 343.82 174.32 384.14 
 332 400.15 141.30 384.14 
 333 356.96 203.70 400.15 
 334 343.29 209.24 400.15 
 335 327.69 310.07 400.15 
 336 334.17 290.76 400.15 
 337 349.85 232.33 400.15 
 338 350.28 404.73 400.15 
 339 373.31 221.47 400.15 
 340 428.42 355.29 400.15 
 341 424.51 411.94 428.42 
 342 447.09 410.61 428.42 
 343 376.19 188.87 447.09 
 344 448.61 224.93 447.09 
 345 412.12 215.19 448.61 
 346 407.67 226.54 448.61 
 347 381.22 168.66 448.61 
 348 429.20 246.52 448.61 
 349 399.07 276.78 448.61 
 350 416.70 219.46 448.61 
 351 419.96 184.34 448.61 
 352 425.71 140.69 448.61 
 353 348.94 225.73 448.61 
 354 506.61 195.26 448.61 
 355 441.08 247.53 506.61 
 356 405.85 320.22 506.61 
 357 455.91 286.44 506.61 
 358 404.54 156.17 506.61 
 359 423.59 173.86 506.61 
 360 521.22 133.47 506.61 
 361 497.25 155.96 521.22 
 362 469.21 325.58 521.22 
 363 532.98 272.62 521.22 
 364 496.78 195.49 532.98 
 365 503.06 250.38 532.98 
 366 549.19 261.76 532.98 
 367 450.96 336.95 549.19 
 368 481.76 338.82 549.19 
 369 437.45 300.85 549.19 
 370 489.62 324.38 549.19 
 371 688.95 300.41 549.19 
 372 507.82 341.16 688.95 
 373 647.21 591.30 688.95 
 374 550.04 463.32 688.95 
 375 543.07 534.25 688.95 
 376 555.88 509.92 688.95 
 377 552.23 474.93 688.95 
 378 612.89 515.17 688.95 
 379 573.88 521.19 688.95 
 380 588.19 222.92 688.95 
 381 616.71 261.41 688.95 
 382 575.97 358.76 688.95 
 383 574.91 413.55 688.95 
 384 684.37 500.73 688.95 
 385 661.42 527.76 688.95 
 386 518.86 541.05 688.95 
 387 649.99 494.11 688.95 
 388 664.64 339.50 688.95 
 389 758.10 549.81 688.95 
 390 724.41 441.50 758.10 
 391 744.73 481.32 758.10 
 392 706.45 445.25 758.10 
 393 650.87 456.66 758.10 
 394 743.73 651.11 758.10 
 395 670.03 715.41 758.10 
 396 753.33 593.12 758.10 
 397 886.15 496.39 758.10 
 398 766.68 571.49 886.15 
 399 757.47 595.86 886.15 
 400 763.97 683.26 886.15 
 401 892.72 512.28 886.15 
 402 845.47 687.41 892.72 
 403 741.17 878.49 892.72 
 404 856.03 873.36 892.72 
 405 944.33 999.67 892.72 
 406 946.43 961.87 944.33 
 407 744.38 914.44 946.43 
 408 815.70 1141.44 946.43 
 409 856.65 1029.20 946.43 
 410 866.32 843.36 946.43 
 411 901.58 826.13 946.43 
 412 885.23 655.13 946.43 
 413 936.12 794.18 946.43 
 414 970.02 833.92 946.43 
 415 1059.15 821.98 970.02 
 416 905.85 752.90 1059.15 
 417 906.24 988.94 1059.15 
 418 845.80 1062.40 1059.15 
 419 905.53 1018.32 1059.15 
 420 940.06 650.03 1059.15 
 421 1117.18 533.08 1059.15 
 422 995.23 748.56 1117.18 
 423 1093.87 540.08 1117.18 
 424 1100.67 621.97 1117.18 
 425 921.81 613.34 1117.18 
 426 971.12 646.17 1117.18 
 427 985.47 608.91 1117.18 
 428 997.29 696.59 1117.18 
 429 1016.56 389.11 1117.18 
 430 1074.75 542.44 1117.18 
 431 1126.08 786.58 1117.18 
 432 933.17 731.89 1126.08 
 433 1151.22 873.28 1126.08 
 434 1066.70 608.54 1151.22 
 435 1157.41 658.43 1151.22 
 436 1168.25 893.91 1157.41 
 437 1157.99 791.37 1168.25 
 438 1202.99 973.65 1168.25 
 439 1173.14 989.73 1202.99 
 440 1009.80 1070.93 1202.99 
 441 1236.42 981.93 1202.99 
 442 1303.97 950.54 1236.42 
 443 1213.39 791.93 1303.97 
 444 1346.52 708.20 1303.97 
 445 1158.75 817.59 1346.52 
 446 1152.03 938.44 1346.52 
 447 1232.08 1131.56 1346.52 
 448 1363.33 1212.52 1346.52 
 449 1273.66 1153.90 1363.33 
 450 1270.87 1362.42 1363.33 
 451 1199.95 1194.27 1363.33 
 452 1257.39 1012.20 1363.33 
 453 1219.32 1537.54 1363.33 
 454 1177.36 1374.08 1363.33 
 455 1124.09 1627.99 1363.33 
 456 1173.33 1579.09 1363.33 
 457 1250.16 1310.79 1363.33 
 458 1217.45 1277.58 1363.33 
 459 1185.61 1166.30 1363.33 
 460 1296.58 1342.88 1363.33 
 461 1133.62 1201.46 1363.33 
 462 1423.49 1220.24 1363.33 
 463 1422.44 1282.43 1423.49 
 464 1441.57 1255.10 1423.49 
 465 1390.81 1143.82 1441.57 
 466 1383.88 1159.25 1441.57 
 467 1253.47 977.68 1441.57 
 468 1284.62 1078.70 1441.57 
 469 1289.37 1173.95 1441.57 
 470 1244.52 1338.87 1441.57 
 471 1286.40 1205.63 1441.57 
 472 1313.83 1305.86 1441.57 
 473 1160.44 1215.22 1441.57 
 474 1218.82 1190.11 1441.57 
 475 1148.40 1174.16 1441.57 
 476 1187.63 1147.04 1441.57 
 477 1428.07 1202.32 1441.57 
 478 1213.43 903.47 1441.57 
 479 1335.46 1204.70 1441.57 
 480 1279.46 1151.97 1441.57 
 481 1337.44 1197.62 1441.57 
 482 1508.90 1229.71 1441.57 
 483 1445.43 1335.04 1508.90 
 484 1310.67 1399.17 1508.90 
 485 1261.67 1628.90 1508.90 
 486 1447.93 1412.75 1508.90 
 487 1338.74 1440.09 1508.90 
 488 1405.97 1504.59 1508.90 
 489 1560.79 1256.15 1508.90 
 490 1235.59 1194.89 1560.79 
 491 1369.17 1211.53 1560.79 
 492 1472.06 1187.40 1560.79 
 493 1537.93 1293.93 1560.79 
 494 1515.06 1538.14 1560.79 
 495 1630.62 1432.94 1560.79 
 496 1559.99 1581.28 1630.62 
 497 1427.79 1413.79 1630.62 
 498 1596.11 1588.42 1630.62 
 499 1498.13 1545.81 1630.62 
 476 1473.50 1073.20 -100000000.00 
 477 1289.16 1124.50 1473.50 
 478 1201.38 1087.07 1473.50 
 479 1202.87 1066.92 1473.50 
 480 1278.99 1125.47 1473.50 
 481 1261.47 1134.43 1473.50 
 482 1279.98 912.64 1473.50 
 483 1075.86 1060.30 1473.50 
 484 1159.63 942.56 1473.50 
 485 1164.54 1008.06 1473.50 
 486 1124.10 927.87 1473.50 
 487 1149.56 919.64 1473.50 
 488 1101.83 889.09 1473.50 
 489 1201.28 869.13 1473.50 
 490 1334.44 1050.10 1473.50 
 491 1046.96 912.98 1473.50 
 492 1144.85 799.00 1473.50 
 493 1207.27 839.52 1473.50 
 494 1262.62 996.51 1473.50 
 495 1223.74 1092.59 1473.50 
 496 1291.92 1116.67 1473.50 
 497 1232.27 1046.09 1473.50 
 498 1351.70 828.80 1473.50 
 499 1258.98 806.07 1473.50 
