Iter | Sampling Pol | Evaluation Pol | Best (Sampled) 
   0 -7.55 -8.99 -100000000.00 
   1 -7.12 -7.26 -7.55 
   2 -6.62 -6.15 -7.12 
   3 -6.73 -0.95 -6.62 
   4 -6.24 -5.20 -6.62 
   5 -5.69 -5.18 -6.24 
   6 -4.88 -4.82 -5.69 
   7 -5.06 -4.45 -4.88 
   8 -5.30 -3.36 -4.88 
   9 -4.56 -3.26 -4.88 
  10 -4.34 -3.27 -4.56 
  11 -4.20 -3.51 -4.34 
  12 -4.24 -3.92 -4.20 
  13 -4.47 -2.86 -4.20 
  14 -3.58 -3.11 -4.20 
  15 -4.01 -3.38 -3.58 
  16 -3.76 -2.84 -3.58 
  17 -3.42 -4.31 -3.58 
  18 -3.67 -3.54 -3.42 
  19 -2.91 -3.68 -3.42 
  20 -1.39 -3.54 -2.91 
  21 -2.93 -4.02 -1.39 
  22 -3.32 -3.66 -1.39 
  23 -0.06 -4.06 -1.39 
  24 -3.28 -3.94 -0.06 
  25 -3.49 -4.11 -0.06 
  26 -1.05 -4.10 -0.06 
  27 -2.99 -1.20 -0.06 
  28 -3.83 -3.13 -0.06 
  29 -2.96 -3.21 -0.06 
  30 -2.83 -3.42 -0.06 
  31 -2.68 -3.93 -0.06 
  32 -2.45 -3.66 -0.06 
  33 -2.33  0.90 -0.06 
  34 -1.44 -3.14 -0.06 
  35 -1.51 -3.22 -0.06 
  36 -0.96 -3.03 -0.06 
  37 -1.29 -3.53 -0.06 
  38 -1.96 -3.09 -0.06 
  39  0.66 -2.98 -0.06 
  40 -0.64 -3.25  0.66 
  41  1.04 -3.28  0.66 
  42 -0.23 -3.72  1.04 
  43  0.51 -3.13  1.04 
  44 -1.10 -3.39  1.04 
  45  0.06 -3.16  1.04 
  46  1.57 -3.48  1.04 
  47 -0.20 -2.79  1.57 
  48  5.32 -4.46  1.57 
  49  1.92 -3.85  5.32 
  50 -0.31 -4.06  5.32 
  51  0.26 -4.13  5.32 
  52  1.61 -3.72  5.32 
  53 -0.38 -3.51  5.32 
  54 -0.10 -1.49  5.32 
  55  6.06 -3.13  5.32 
  56  0.23 -3.09  6.06 
  57 -0.34 -4.01  6.06 
  58  0.15 -4.13  6.06 
  59 -0.24 -3.65  6.06 
  60 -0.26 -3.99  6.06 
  61 -0.55 -3.93  6.06 
  62  0.97 -2.56  6.06 
  63  2.92 -3.57  6.06 
  64  0.75 -4.08  6.06 
  65 -0.57 -4.09  6.06 
  66  2.61 -1.48  6.06 
  67  0.89  0.20  6.06 
  68  1.23  4.96  6.06 
  69  0.81  7.46  6.06 
  70  0.37 -4.04  6.06 
  71  0.70  3.56  6.06 
  72  0.97 -3.52  6.06 
  73  1.45  2.53  6.06 
  74  0.93  3.13  6.06 
  75  2.31  8.80  6.06 
  76  2.89  5.86  6.06 
  77  2.83  5.28  6.06 
  78  4.35  4.39  6.06 
  79  4.54  3.61  6.06 
  80  1.42 -4.89  6.06 
  81  1.89  1.86  6.06 
  82  1.45  1.06  6.06 
  83  4.71 -2.63  6.06 
  84  6.59 -5.32  6.06 
  85  1.90 -0.21  6.59 
  86  5.84  3.68  6.59 
  87  5.80  6.29  6.59 
  88 11.75 18.67  6.59 
  89  3.94  3.83 11.75 
  90  4.36  4.44 11.75 
  91  4.77  1.32 11.75 
  92  5.64  0.73 11.75 
  93  5.92  0.11 11.75 
  94  3.89  0.38 11.75 
  95  3.19  3.06 11.75 
  96  7.74 12.40 11.75 
  97  7.00 -0.79 11.75 
  98  6.46 25.08 11.75 
  99 11.65 23.02 11.75 
 100  7.65 21.82 11.75 
 101  7.93 26.12 11.75 
 102  5.01 13.45 11.75 
 103  8.47 21.49 11.75 
 104  7.48 25.14 11.75 
 105  9.93 36.76 11.75 
 106 10.88 37.92 11.75 
 107  2.92 26.19 11.75 
 108 11.42 26.86 11.75 
 109  7.21 44.42 11.75 
 110  6.29 27.21 11.75 
 111 10.62 25.28 11.75 
 112  7.03 23.49 11.75 
 113  9.58 11.43 11.75 
 114  8.99 27.67 11.75 
 115 12.94  3.52 11.75 
 116 11.37  2.54 12.94 
 117 12.37  4.87 12.94 
 118 13.94 -0.34 12.94 
 119  8.12  0.77 13.94 
 120 16.68  3.93 13.94 
 121 18.22  2.24 16.68 
 122 10.11 -1.35 18.22 
 123 10.44  2.32 18.22 
 124  7.04 -0.34 18.22 
 125 11.06 12.53 18.22 
 126 12.81  8.25 18.22 
 127 14.77 10.51 18.22 
 128  8.27 17.64 18.22 
 129 12.91 22.26 18.22 
 130 17.39 15.03 18.22 
 131 12.87 22.60 18.22 
 132 12.50  5.50 18.22 
 133 11.12 15.80 18.22 
 134  8.83 14.82 18.22 
 135 15.54 38.22 18.22 
 136  8.25  5.15 18.22 
 137 12.42  1.49 18.22 
 138 11.66 13.54 18.22 
 139 13.42 31.36 18.22 
 140 15.54 34.41 18.22 
 141 14.00 75.68 18.22 
 142 16.35 96.60 18.22 
 143  9.57 34.26 18.22 
 144 14.58 16.89 18.22 
 145 14.94 29.58 18.22 
 146 12.38 66.03 18.22 
 147 22.29 44.59 18.22 
 148 20.97 25.28 22.29 
 149 22.27 21.76 22.29 
 150 18.08 126.36 22.29 
 151 13.77 85.95 22.29 
 152 16.92  2.13 22.29 
 153 15.31  5.22 22.29 
 154 11.06 13.12 22.29 
 155  9.26 21.71 22.29 
 156 19.07 15.73 22.29 
 157 14.94 10.07 22.29 
 158 18.47 38.57 22.29 
 159 22.79 34.52 22.29 
 160 20.75  6.12 22.79 
 161 18.48 29.44 22.79 
 162 13.75  3.83 22.79 
 163 19.39 73.13 22.79 
 164 29.67 -1.79 22.79 
 165 30.32 25.64 29.67 
 166 24.69 -4.64 30.32 
 167 32.31 -3.60 30.32 
 168 38.04 -1.83 32.31 
 169 30.58 -1.96 38.04 
 170 26.97 10.95 38.04 
 171 29.95 -3.71 38.04 
 172 27.05  5.45 38.04 
 173 29.19 -0.11 38.04 
 174 31.36 -4.02 38.04 
 175 26.22 20.90 38.04 
 176 25.27  1.52 38.04 
 177 34.02 -1.75 38.04 
 178 44.03  4.15 38.04 
 179 36.73 12.66 44.03 
 180 21.83 13.66 44.03 
 181 29.77 22.29 44.03 
 182 29.73 20.69 44.03 
 183 36.17 24.99 44.03 
 184 26.28 29.20 44.03 
 185 25.90 19.99 44.03 
 186 38.13 27.52 44.03 
 187 37.67 34.88 44.03 
 188 36.92  3.96 44.03 
 189 50.09  4.11 44.03 
 190 46.48 67.64 50.09 
 191 40.80 25.90 50.09 
 192 36.11 17.98 50.09 
 193 36.36 49.41 50.09 
 194 34.51 25.84 50.09 
 195 33.48 42.37 50.09 
 196 43.52 27.26 50.09 
 197 35.77 45.67 50.09 
 198 33.18 10.21 50.09 
 199 38.19 21.13 50.09 
 200 38.08  6.26 50.09 
 201 34.73 13.17 50.09 
 202 36.56 20.49 50.09 
 203 58.89  4.03 50.09 
 204 37.68  3.65 58.89 
 205 54.20 16.45 58.89 
 206 40.43 40.08 58.89 
 207 42.88  6.59 58.89 
 208 42.50 26.35 58.89 
 209 54.45  6.56 58.89 
 210 60.20 26.23 58.89 
 211 53.31 39.66 60.20 
 212 60.71 46.32 60.20 
 213 53.46 36.31 60.71 
 214 57.61  7.38 60.71 
 215 48.35 16.90 60.71 
 216 61.53 11.15 60.71 
 217 44.02 31.17 61.53 
 218 76.47  5.22 61.53 
 219 58.91 26.00 76.47 
 220 51.57 28.06 76.47 
 221 77.12  9.64 76.47 
 222 59.97 58.98 77.12 
 223 67.65 34.68 77.12 
 224 48.95 35.12 77.12 
 225 45.55 25.54 77.12 
 226 75.44 20.75 77.12 
 227 41.96 69.11 77.12 
 228 56.65 45.18 77.12 
 229 70.13  9.73 77.12 
 230 68.97 10.10 77.12 
 231 59.70 13.85 77.12 
 232 52.87 21.55 77.12 
 233 84.33 27.14 77.12 
 234 57.04 59.36 84.33 
 235 73.48 56.63 84.33 
 236 66.37 37.14 84.33 
 237 92.55 77.71 84.33 
 238 62.31 56.54 92.55 
 239 75.02 59.49 92.55 
 240 77.19 84.91 92.55 
 241 81.79 41.15 92.55 
 242 75.46 53.91 92.55 
 243 65.80 92.53 92.55 
 244 60.77 28.51 92.55 
 245 87.58 16.26 92.55 
 246 88.27 80.54 92.55 
 247 97.42 18.04 92.55 
 248 103.25 51.92 97.42 
 249 57.17 20.04 103.25 
 250 99.42 47.87 103.25 
 251 50.47 107.22 103.25 
 252 81.73 83.25 103.25 
 253 87.60 13.28 103.25 
 254 91.66 33.87 103.25 
 255 73.02 71.89 103.25 
 256 77.39 34.47 103.25 
 257 97.77 99.19 103.25 
 258 95.34 42.24 103.25 
 259 101.41 37.12 103.25 
 260 90.02 33.10 103.25 
 261 104.02 28.01 103.25 
 262 141.15 55.48 104.02 
 263 148.24 46.01 141.15 
 264 125.89 55.88 148.24 
 265 130.07 41.34 148.24 
 266 123.74 83.41 148.24 
 267 116.60 78.15 148.24 
 268 132.26 46.98 148.24 
 269 105.77 57.76 148.24 
 270 93.89 107.11 148.24 
 271 132.71 115.14 148.24 
 272 157.77 96.76 148.24 
 273 119.25 170.44 157.77 
 274 130.81 123.78 157.77 
 275 111.43 82.65 157.77 
 276 117.48 114.43 157.77 
 277 117.65 170.07 157.77 
 278 117.28 145.34 157.77 
 279 129.14 196.31 157.77 
 280 127.02 343.45 157.77 
 281 133.65 196.74 157.77 
 282 111.21 207.46 157.77 
 283 183.22 216.20 157.77 
 284 148.23 220.31 183.22 
 285 161.03 184.28 183.22 
 286 152.60 213.39 183.22 
 287 163.30 196.33 183.22 
 288 169.33 243.11 183.22 
 289 160.78 281.12 183.22 
 290 192.82 210.34 183.22 
 291 183.36 159.82 192.82 
 292 164.51 123.36 192.82 
 293 191.10 148.20 192.82 
 294 223.81 249.43 192.82 
 295 177.71 147.63 223.81 
 296 172.87 151.56 223.81 
 297 230.30 171.53 223.81 
 298 215.54 112.30 230.30 
 299 205.24 163.95 230.30 
 300 243.88 118.01 230.30 
 301 249.98 210.91 243.88 
 302 239.98 136.69 249.98 
 303 232.22 99.24 249.98 
 304 221.59 141.65 249.98 
 305 220.78 195.91 249.98 
 306 324.62 134.02 249.98 
 307 224.74 171.86 324.62 
 308 206.21 168.46 324.62 
 309 272.75 284.68 324.62 
 310 215.27 106.31 324.62 
 311 248.07 203.42 324.62 
 312 271.08 169.26 324.62 
 313 266.68 182.39 324.62 
 314 256.46 208.47 324.62 
 315 281.24 164.87 324.62 
 316 388.18 139.67 324.62 
 317 307.52 171.09 388.18 
 318 300.54 203.86 388.18 
 319 323.46 178.14 388.18 
 320 269.92 212.86 388.18 
 321 329.79 164.30 388.18 
 322 355.77 228.66 388.18 
 323 322.22 216.82 388.18 
 324 330.87 222.73 388.18 
 325 304.18 242.76 388.18 
 326 290.04 123.32 388.18 
 327 333.69 131.26 388.18 
 328 372.78 167.63 388.18 
 329 348.05 230.53 388.18 
 330 323.48 226.71 388.18 
 331 285.95 220.16 388.18 
 332 397.36 158.63 388.18 
 333 380.98 210.41 397.36 
 334 389.93 180.43 397.36 
 335 409.91 139.28 397.36 
 336 359.25 205.50 409.91 
 337 404.94 281.15 409.91 
 338 421.10 228.82 409.91 
 339 404.05 259.34 421.10 
 340 383.42 275.89 421.10 
 341 449.57 295.24 421.10 
 342 427.30 284.20 449.57 
 343 390.21 342.50 449.57 
 344 478.73 139.74 449.57 
 345 380.01 233.40 478.73 
 346 449.34 260.76 478.73 
 347 473.49 388.82 478.73 
 348 381.28 319.62 478.73 
 349 513.52 352.87 478.73 
 350 509.22 314.38 513.52 
 351 490.99 357.15 513.52 
 352 538.75 315.50 513.52 
 353 510.49 412.08 538.75 
 354 478.22 412.97 538.75 
 355 549.12 468.94 538.75 
 356 598.94 454.31 549.12 
 357 493.98 465.85 598.94 
 358 465.30 625.84 598.94 
 359 556.32 605.57 598.94 
 360 592.81 558.75 598.94 
 361 495.04 477.20 598.94 
 362 547.06 389.65 598.94 
 363 524.11 312.75 598.94 
 364 553.08 434.61 598.94 
 365 607.71 440.66 598.94 
 366 587.32 472.81 607.71 
 367 594.89 533.00 607.71 
 368 601.21 523.67 607.71 
 369 662.17 495.41 607.71 
 370 580.95 642.81 662.17 
 371 645.63 482.09 662.17 
 372 639.42 339.77 662.17 
 373 634.52 250.16 662.17 
 374 648.44 280.72 662.17 
 375 727.08 277.95 662.17 
 376 628.62 605.56 727.08 
 377 665.85 704.08 727.08 
 378 573.54 787.85 727.08 
 379 626.76 620.84 727.08 
 380 628.44 732.68 727.08 
 381 752.63 825.79 727.08 
 382 616.26 799.38 752.63 
 383 787.59 887.51 752.63 
 384 766.68 795.66 787.59 
 385 848.89 776.10 787.59 
 386 761.58 919.85 848.89 
 387 772.60 922.61 848.89 
 388 798.56 970.84 848.89 
 389 770.99 940.64 848.89 
 390 757.61 1079.28 848.89 
 391 938.03 820.37 848.89 
 392 833.73 777.67 938.03 
 393 728.56 851.00 938.03 
 394 871.80 1234.82 938.03 
 395 833.33 1115.13 938.03 
 396 786.56 1112.02 938.03 
 397 940.98 1155.50 938.03 
 398 804.00 789.44 940.98 
 399 839.89 888.92 940.98 
 400 892.09 968.92 940.98 
 401 950.03 1296.06 940.98 
 402 1017.40 1098.26 950.03 
 403 905.73 1085.91 1017.40 
 404 944.67 1093.18 1017.40 
 405 991.91 1121.64 1017.40 
 406 1032.96 1284.40 1017.40 
 407 946.66 1338.73 1032.96 
 408 895.27 1318.71 1032.96 
 409 1050.73 1087.05 1032.96 
 410 1121.80 979.63 1050.73 
 411 989.25 1381.31 1121.80 
 412 1049.45 866.98 1121.80 
 413 960.27 1027.89 1121.80 
 414 1026.02 949.15 1121.80 
 415 1060.77 893.64 1121.80 
 416 1207.56 1211.03 1121.80 
 417 1098.49 881.60 1207.56 
 418 1159.04 1097.48 1207.56 
 419 1124.69 1218.25 1207.56 
 420 1133.68 1100.90 1207.56 
 421 1132.12 1432.54 1207.56 
 422 1114.64 1412.41 1207.56 
 423 1116.43 1525.85 1207.56 
 424 1231.51 1129.47 1207.56 
 425 1133.81 953.29 1231.51 
 426 1148.43 1179.20 1231.51 
 427 1246.68 904.18 1231.51 
 428 1243.94 928.72 1246.68 
 429 1248.82 1044.18 1246.68 
 430 1094.66 1152.96 1248.82 
 431 1237.20 1304.92 1248.82 
 432 1117.68 1260.65 1248.82 
 433 1296.01 1057.46 1248.82 
 434 1161.02 1023.90 1296.01 
 435 1258.82 1288.88 1296.01 
 436 1284.75 1451.71 1296.01 
 437 1220.55 1299.03 1296.01 
 438 1342.49 1113.66 1296.01 
 439 1311.06 1279.88 1342.49 
 440 1305.65 1552.06 1342.49 
 441 1294.22 1453.70 1342.49 
 442 1191.74 1475.37 1342.49 
 443 1338.87 1408.22 1342.49 
 444 1271.68 1270.27 1342.49 
 445 1348.64 1710.13 1342.49 
 446 1377.47 1847.67 1348.64 
 447 1251.51 1756.02 1377.47 
 448 1414.54 1492.88 1377.47 
 449 1380.05 1078.54 1414.54 
 450 1304.46 1150.41 1414.54 
 451 1324.23 1226.10 1414.54 
 452 1368.05 1125.67 1414.54 
 453 1370.92 1150.45 1414.54 
 454 1347.54 1355.68 1414.54 
 455 1395.40 1660.24 1414.54 
 456 1370.97 1643.26 1414.54 
 457 1419.25 1499.98 1414.54 
 458 1432.84 1502.17 1419.25 
 459 1377.25 1395.08 1432.84 
 460 1361.65 1604.27 1432.84 
 461 1366.95 1374.13 1432.84 
 462 1373.09 1413.47 1432.84 
 463 1547.93 1445.40 1432.84 
 464 1379.34 1337.84 1547.93 
 465 1413.32 1459.57 1547.93 
 466 1390.80 1761.37 1547.93 
 467 1457.03 1641.52 1547.93 
 468 1485.67 1491.92 1547.93 
 469 1622.86 1663.62 1547.93 
 470 1548.65 1604.45 1622.86 
 471 1534.06 1590.16 1622.86 
 472 1568.68 1601.43 1622.86 
 473 1647.64 1640.07 1622.86 
 474 1615.99 1646.64 1647.64 
 475 1556.57 1340.83 1647.64 
 476 1514.22 1430.21 1647.64 
 477 1612.60 1428.98 1647.64 
 478 1574.13 1625.89 1647.64 
 479 1632.27 1372.36 1647.64 
 480 1693.28 1477.28 1647.64 
 481 1632.14 1480.18 1693.28 
 482 1791.52 1567.84 1693.28 
 483 1613.17 1563.60 1791.52 
 484 1732.22 1470.68 1791.52 
 485 1738.33 1556.01 1791.52 
 486 1724.41 1598.02 1791.52 
 487 1731.15 1695.10 1791.52 
 488 1627.67 1486.33 1791.52 
 489 1697.36 1818.25 1791.52 
 490 1742.08 1656.69 1791.52 
 491 1607.81 1952.02 1791.52 
 492 1585.07 1936.63 1791.52 
 493 1733.63 2013.75 1791.52 
 494 1738.55 1787.77 1791.52 
 495 1865.80 2037.02 1791.52 
 496 1737.88 1888.12 1865.80 
 497 1813.90 1909.01 1865.80 
 498 1684.67 1897.14 1865.80 
 499 1940.30 1955.61 1865.80 
 500 1798.42 1738.13 1940.30 
 501 1783.42 1657.70 1940.30 
 502 1749.44 2152.89 1940.30 
 503 1826.69 1704.89 1940.30 
 504 1816.66 2189.14 1940.30 
 505 1840.54 1817.24 1940.30 
 506 1775.29 1732.72 1940.30 
 507 1869.73 1480.95 1940.30 
 508 1853.08 1538.03 1940.30 
 509 1836.30 1292.86 1940.30 
 510 1613.26 1680.97 1940.30 
 511 1847.84 1899.95 1940.30 
 512 1739.74 1613.32 1940.30 
 513 1869.51 1696.37 1940.30 
 514 1894.42 1756.81 1940.30 
 515 1805.39 1838.96 1940.30 
 516 1840.33 1811.17 1940.30 
 517 1857.27 1893.43 1940.30 
 518 2039.63 1732.32 1940.30 
 519 1886.88 1835.77 2039.63 
 520 1965.51 1857.44 2039.63 
 521 1816.79 1830.48 2039.63 
 522 1982.02 1553.59 2039.63 
 523 2060.12 1618.80 2039.63 
 524 2096.45 1769.51 2060.12 
 525 2059.25 1587.25 2096.45 
 526 2049.18 1598.40 2096.45 
 527 1905.42 1345.13 2096.45 
 528 1891.88 1546.80 2096.45 
 529 1960.30 1273.29 2096.45 
 530 2049.05 1329.46 2096.45 
 531 1901.19 1236.56 2096.45 
 532 1976.02 1517.56 2096.45 
 533 1993.10 1446.76 2096.45 
 534 1933.30 1690.93 2096.45 
 535 2060.01 1939.87 2096.45 
 536 1816.50 1702.87 2096.45 
 537 2087.71 1457.68 2096.45 
 538 2003.23 1744.58 2096.45 
 539 2157.50 1778.48 2096.45 
 540 2036.59 1948.61 2157.50 
 541 1997.78 1917.06 2157.50 
 542 1996.23 2093.32 2157.50 
 543 1967.46 2165.98 2157.50 
 544 1925.00 2045.84 2157.50 
 545 2047.77 1886.33 2157.50 
 546 1894.66 1862.44 2157.50 
 547 2203.03 1768.33 2157.50 
 548 2001.51 1806.33 2203.03 
 549 1939.13 1678.96 2203.03 
 550 2026.77 1766.91 2203.03 
 551 2008.13 1768.14 2203.03 
 552 2011.29 1765.98 2203.03 
 553 2196.79 1649.74 2203.03 
 554 2037.51 1801.48 2203.03 
 555 2088.65 1563.16 2203.03 
 556 1949.33 1645.59 2203.03 
 557 1975.47 1794.85 2203.03 
 558 2116.58 1845.03 2203.03 
 559 2055.61 2049.79 2203.03 
 560 2151.04 2038.01 2203.03 
 561 1947.35 1930.22 2203.03 
 562 2058.09 1755.02 2203.03 
 563 1966.19 2048.13 2203.03 
 564 1972.10 2138.62 2203.03 
 565 2147.74 1812.25 2203.03 
 566 1936.36 1963.09 2203.03 
 567 2157.93 1936.27 2203.03 
 568 2021.33 1939.50 2203.03 
 569 2088.85 1863.62 2203.03 
 570 2220.88 1852.23 2203.03 
 571 2061.27 1864.69 2220.88 
 572 2221.44 1999.56 2220.88 
 573 2183.24 2169.89 2221.44 
 574 2074.54 2125.36 2221.44 
 575 2307.31 1958.87 2221.44 
 576 2101.17 1758.25 2307.31 
 577 2126.05 1855.31 2307.31 
 578 2116.48 1533.04 2307.31 
 579 2133.83 1824.24 2307.31 
 580 2284.61 1818.85 2307.31 
 581 2278.36 1591.07 2307.31 
 582 2072.00 1856.27 2307.31 
 583 2188.91 1586.72 2307.31 
 584 2024.88 1897.82 2307.31 
 585 2203.26 1962.68 2307.31 
 586 2222.88 1884.07 2307.31 
 587 2382.95 1711.01 2307.31 
 588 2191.19 1776.87 2382.95 
 589 2195.08 1590.18 2382.95 
 590 2408.20 1780.33 2382.95 
 591 2192.94 1631.02 2408.20 
 592 2288.82 1702.30 2408.20 
 593 2083.29 1664.52 2408.20 
 594 2242.56 1822.18 2408.20 
 595 2226.13 1696.62 2408.20 
 596 2364.05 2151.15 2408.20 
 597 2262.12 1895.23 2408.20 
 598 2208.71 1828.06 2408.20 
 599 2311.46 1763.98 2408.20 
 600 2225.92 1892.52 2408.20 
 601 2267.04 1787.69 2408.20 
 602 2194.59 2063.95 2408.20 
 603 2291.36 1921.50 2408.20 
 604 2381.96 1960.15 2408.20 
 605 2423.88 2217.99 2408.20 
 606 2238.83 2031.60 2423.88 
 607 2230.84 2128.32 2423.88 
 608 2301.71 2041.69 2423.88 
 609 2196.45 1777.78 2423.88 
 610 2293.74 2009.61 2423.88 
 611 2350.63 2047.13 2423.88 
 612 2318.17 1884.63 2423.88 
 613 2454.95 1990.85 2423.88 
 614 2421.17 2030.85 2454.95 
 615 2295.91 2117.94 2454.95 
 616 2357.16 1966.71 2454.95 
 617 2458.89 2015.75 2454.95 
 618 2471.61 2010.80 2458.89 
 619 2265.77 2053.64 2471.61 
 620 2476.84 2055.35 2471.61 
 621 2428.77 1925.54 2476.84 
 622 2366.92 1971.48 2476.84 
 623 2274.18 2005.22 2476.84 
 624 2377.92 1967.50 2476.84 
 625 2309.49 1964.62 2476.84 
 626 2402.09 1772.24 2476.84 
 627 2499.35 2032.01 2476.84 
 628 2518.58 1885.85 2499.35 
 629 2331.97 1659.46 2518.58 
 630 2454.86 1926.79 2518.58 
 631 2291.09 2047.09 2518.58 
 632 2466.72 1777.88 2518.58 
 633 2485.52 1655.50 2518.58 
 634 2540.70 2082.97 2518.58 
 635 2474.63 2222.55 2540.70 
 636 2300.67 2129.31 2540.70 
 637 2486.95 2205.10 2540.70 
 638 2425.45 2229.74 2540.70 
 639 2514.15 2062.22 2540.70 
 640 2425.82 2167.94 2540.70 
 641 2507.18 2200.60 2540.70 
 642 2519.30 2129.97 2540.70 
 643 2438.14 1993.16 2540.70 
 644 2601.51 2176.02 2540.70 
 645 2672.57 2104.29 2601.51 
 646 2610.39 2244.82 2672.57 
 647 2594.63 2179.53 2672.57 
 648 2687.27 2309.76 2672.57 
 649 2439.21 2414.98 2687.27 
 650 2538.84 2072.78 2687.27 
 651 2456.95 2006.24 2687.27 
 652 2579.50 2316.36 2687.27 
 653 2532.99 2112.60 2687.27 
 654 2583.48 2266.34 2687.27 
 655 2490.80 2021.94 2687.27 
 656 2635.63 2118.79 2687.27 
 657 2627.18 1992.01 2687.27 
 658 2647.40 2115.38 2687.27 
 659 2690.99 2014.71 2687.27 
 660 2575.14 1935.06 2690.99 
 661 2517.22 1885.02 2690.99 
 662 2511.03 1883.59 2690.99 
 663 2579.30 1942.43 2690.99 
 664 2639.80 2143.04 2690.99 
 665 2580.54 1987.52 2690.99 
 666 2642.16 2194.94 2690.99 
 667 2532.31 2098.54 2690.99 
 668 2778.31 2137.41 2690.99 
 669 2762.74 2121.80 2778.31 
 670 2561.39 2284.07 2778.31 
 671 2672.32 2123.39 2778.31 
 672 2705.02 2169.06 2778.31 
 673 2551.66 2475.13 2778.31 
 674 2560.66 2241.60 2778.31 
 675 2596.51 2205.24 2778.31 
 676 2475.25 2229.89 2778.31 
 677 2334.51 2152.67 2778.31 
 678 2587.90 2399.70 2778.31 
 679 2578.55 2184.19 2778.31 
 680 2525.08 2254.23 2778.31 
 681 2550.25 2219.91 2778.31 
 682 2598.67 2296.66 2778.31 
 683 2645.79 2209.85 2778.31 
 684 2701.58 2150.40 2778.31 
 685 2679.56 2207.11 2778.31 
 686 2724.13 2243.87 2778.31 
 687 2502.74 2236.67 2778.31 
 688 2785.87 2333.30 2778.31 
 689 2793.03 2096.81 2785.87 
 690 2596.86 2145.25 2793.03 
 691 2652.51 2125.14 2793.03 
 692 2724.74 2339.44 2793.03 
 693 2758.96 2409.60 2793.03 
 694 2711.05 2363.84 2793.03 
 695 2725.30 2388.43 2793.03 
 696 2731.22 2062.40 2793.03 
 697 2627.68 2142.56 2793.03 
 698 2776.40 2394.28 2793.03 
 699 2751.36 2317.45 2793.03 
 700 2737.61 2038.90 2793.03 
 701 2598.86 2268.00 2793.03 
 702 2777.18 2253.99 2793.03 
 703 2688.65 2327.15 2793.03 
 704 2793.92 2206.73 2793.03 
 705 2742.79 2078.64 2793.92 
 706 2667.39 2204.18 2793.92 
 707 2837.72 2270.91 2793.92 
 708 2800.37 2162.70 2837.72 
 709 2728.52 2205.98 2837.72 
 710 2804.96 2159.36 2837.72 
 711 2770.63 2290.01 2837.72 
 712 2709.95 2276.46 2837.72 
 713 2643.24 2529.03 2837.72 
 714 2588.30 2615.26 2837.72 
 715 2774.94 2552.64 2837.72 
 716 2876.36 2608.08 2837.72 
 717 2703.61 2472.19 2876.36 
 718 2826.18 2530.75 2876.36 
 719 2812.44 2473.93 2876.36 
 720 2646.38 2273.50 2876.36 
 721 2855.07 2389.53 2876.36 
 722 2879.78 2502.56 2876.36 
 723 2855.65 2731.75 2879.78 
 724 2806.43 2807.78 2879.78 
 725 2892.84 2681.54 2879.78 
 726 2841.86 2547.13 2892.84 
 727 2864.27 2494.80 2892.84 
 728 2624.95 2535.86 2892.84 
 729 2738.56 2330.91 2892.84 
 730 2691.24 2542.59 2892.84 
 731 2865.93 2618.01 2892.84 
 732 2890.39 2665.95 2892.84 
 733 2764.81 2693.38 2892.84 
 734 2723.29 2773.90 2892.84 
 735 2888.74 2605.36 2892.84 
 736 2798.11 2714.00 2892.84 
 737 2894.02 2646.91 2892.84 
 738 2751.76 2636.22 2894.02 
 739 2989.63 2607.05 2894.02 
 740 2948.13 2573.14 2989.63 
 741 2783.30 2462.71 2989.63 
 742 2864.84 2738.39 2989.63 
 743 2974.46 2467.61 2989.63 
 744 2894.54 2744.25 2989.63 
 745 2829.78 2889.95 2989.63 
 746 2972.03 2818.00 2989.63 
 747 2892.83 2815.48 2989.63 
 748 2806.65 2759.26 2989.63 
 749 2898.92 2814.32 2989.63 
 750 2825.40 2712.86 2989.63 
 751 2873.95 2758.13 2989.63 
 752 2796.22 2400.99 2989.63 
 753 2955.89 2489.87 2989.63 
 754 2967.95 2832.04 2989.63 
 755 2943.45 2815.95 2989.63 
 756 2939.29 2872.99 2989.63 
 757 2789.25 2928.48 2989.63 
 758 2809.66 2619.50 2989.63 
 759 2817.55 2666.42 2989.63 
 760 2892.62 2540.52 2989.63 
 761 3081.63 2363.36 2989.63 
 762 2955.38 2599.30 3081.63 
 763 2999.25 2883.85 3081.63 
 764 2869.30 2484.68 3081.63 
 765 3000.35 2786.35 3081.63 
 766 2845.04 2848.53 3081.63 
 767 3000.46 2867.20 3081.63 
 768 2889.42 2813.66 3081.63 
 769 3012.15 2637.83 3081.63 
 770 2836.10 2610.99 3081.63 
 771 3020.33 2514.74 3081.63 
 772 2932.76 2539.09 3081.63 
 773 3042.24 2483.95 3081.63 
 774 2920.53 2853.87 3081.63 
 775 2903.53 2919.28 3081.63 
 776 2829.61 2454.69 3081.63 
 777 2935.96 2561.84 3081.63 
 778 2857.30 2935.05 3081.63 
 779 2933.51 2802.62 3081.63 
 780 3084.23 2907.87 3081.63 
 781 2992.65 3012.87 3084.23 
 782 2945.03 3026.29 3084.23 
 783 2827.72 2946.09 3084.23 
 784 2720.46 3123.03 3084.23 
 785 2853.39 2828.96 3084.23 
 786 3006.00 3010.24 3084.23 
 787 3064.85 3159.18 3084.23 
 788 2846.31 3224.93 3084.23 
 789 3107.72 2994.67 3084.23 
 790 2833.10 2907.04 3107.72 
 791 2981.52 3137.20 3107.72 
 792 3058.39 3222.51 3107.72 
 793 2798.08 3078.26 3107.72 
 794 2938.74 2877.15 3107.72 
 795 3020.60 2795.85 3107.72 
 796 2988.69 2814.59 3107.72 
 797 3031.41 2985.86 3107.72 
 798 3090.66 2689.17 3107.72 
 799 3057.41 2812.09 3107.72 
