Iter | Sampling Pol | Evaluation Pol | Best (Sampled) 
   0 -5.74 -5.11 -100000000.00 
   1 -5.78 -4.81 -5.74 
   2 -5.14 -4.00 -5.74 
   3 -4.90 -3.88 -5.14 
   4 -5.12 -3.76 -4.90 
   5 -4.25 -3.49 -4.90 
   6 -4.07 -3.74 -4.25 
   7 -3.66 -3.52 -4.07 
   8 -4.02 -3.68 -3.66 
   9 -3.67 -3.40 -3.66 
  10 -3.59  1.48 -3.66 
  11 -3.25 -2.22 -3.59 
  12 -2.95 -2.80 -3.25 
  13 -3.44 -2.82 -2.95 
  14 -3.91 -1.40 -2.95 
  15 -3.04  3.75 -2.95 
  16 -3.49  0.20 -2.95 
  17 -3.85  3.78 -2.95 
  18 -2.47  8.56 -2.95 
  19 -2.97  2.32 -2.47 
  20 -2.05  1.14 -2.47 
  21 -3.44  1.66 -2.05 
  22 -2.46  4.74 -2.05 
  23 -2.47 -1.47 -2.05 
  24 -2.51  0.38 -2.05 
  25 -2.08 -1.53 -2.05 
  26 -1.74 -5.01 -2.05 
  27 -2.11 -4.52 -1.74 
  28 -2.90 -1.33 -1.74 
  29 -2.82 -4.59 -1.74 
  30 -2.48 -2.64 -1.74 
  31 -2.55 -3.51 -1.74 
  32 -1.28 -3.01 -1.74 
  33 -2.11 -2.64 -1.28 
  34 -1.70 -2.84 -1.28 
  35 -2.00 -0.74 -1.28 
  36 -1.70 -2.28 -1.28 
  37 -0.88 -2.67 -1.28 
  38 -0.45 -2.38 -0.88 
  39 -0.31 -2.79 -0.45 
  40 -0.42 -3.28 -0.31 
  41 -1.05 -2.46 -0.31 
  42 -0.56 -3.17 -0.31 
  43  0.58 -2.06 -0.31 
  44  1.54 -3.48  0.58 
  45  1.78 -3.82  1.54 
  46  0.55 -2.46  1.78 
  47  0.99 -0.91  1.78 
  48 -0.20 -1.82  1.78 
  49  1.11  1.21  1.78 
  50  5.94  3.07  1.78 
  51  1.86 -0.67  5.94 
  52  3.39  7.17  5.94 
  53  3.78  5.38  5.94 
  54  3.22  2.04  5.94 
  55  3.92 -2.38  5.94 
  56  1.29 -0.81  5.94 
  57 11.20  2.38  5.94 
  58  3.43  2.60 11.20 
  59  2.48  3.64 11.20 
  60  5.11  2.15 11.20 
  61  6.92  2.83 11.20 
  62  7.76 19.84 11.20 
  63  7.39  8.85 11.20 
  64  9.77  4.65 11.20 
  65  9.17  7.84 11.20 
  66 10.99 20.59 11.20 
  67  8.27  9.17 11.20 
  68  8.64 11.67 11.20 
  69 21.63 12.42 11.20 
  70 11.72 16.17 21.63 
  71  9.12 27.51 21.63 
  72 17.33 10.64 21.63 
  73 14.01 27.29 21.63 
  74 17.88 14.32 21.63 
  75 17.56 19.94 21.63 
  76 28.15  2.49 21.63 
  77 38.22  3.46 28.15 
  78 20.73  2.20 38.22 
  79 32.54 -0.81 38.22 
  80 35.65 20.63 38.22 
  81 31.07 11.93 38.22 
  82 22.11  2.99 38.22 
  83 25.52  7.83 38.22 
  84 37.83  2.82 38.22 
  85 41.24  1.85 38.22 
  86 44.83 -0.57 41.24 
  87 42.65 10.78 44.83 
  88 50.28  0.81 44.83 
  89 50.11 13.41 50.28 
  90 43.67 56.67 50.28 
  91 59.06 -0.55 50.28 
  92 56.96  3.03 59.06 
  93 39.03 15.82 59.06 
  94 58.24 21.46 59.06 
  95 89.00 20.34 59.06 
  96 77.76 96.43 89.00 
  97 85.24 24.33 89.00 
  98 94.40 77.20 89.00 
  99 97.31 12.37 94.40 
 100 85.98 22.47 97.31 
 101 124.76 10.44 97.31 
 102 91.02 95.16 124.76 
 103 93.33 29.90 124.76 
 104 118.36 29.40 124.76 
 105 102.44 28.05 124.76 
 106 118.73 28.36 124.76 
 107 141.97 62.23 124.76 
 108 140.41 21.20 141.97 
 109 128.81 20.87 141.97 
 110 117.63 33.84 141.97 
 111 133.94 43.16 141.97 
 112 142.81 26.14 141.97 
 113 136.43 68.01 142.81 
 114 179.32 36.58 142.81 
 115 203.60 13.49 179.32 
 116 174.57 39.59 203.60 
 117 187.59 42.06 203.60 
 118 198.97 40.66 203.60 
 119 245.36 52.58 203.60 
 120 271.49 48.08 245.36 
 121 261.65 33.37 271.49 
 122 230.67 29.30 271.49 
 123 214.59 34.27 271.49 
 124 237.80 48.56 271.49 
 125 311.36 36.68 271.49 
 126 291.11 68.64 311.36 
 127 300.72 52.37 311.36 
 128 352.83 100.42 311.36 
 129 276.62 81.99 352.83 
 130 325.64 69.48 352.83 
 131 366.94 63.64 352.83 
 132 374.58 55.40 366.94 
 133 332.40 82.51 374.58 
 134 331.07 137.43 374.58 
 135 428.63 93.63 374.58 
 136 367.77 57.77 428.63 
 137 497.87 108.15 428.63 
 138 444.14 188.73 497.87 
 139 490.63 133.13 497.87 
 140 429.11 135.87 497.87 
 141 516.87 147.14 497.87 
 142 459.84 51.19 516.87 
 143 494.53 269.16 516.87 
 144 498.65 265.06 516.87 
 145 492.55 102.75 516.87 
 146 556.34 139.19 516.87 
 147 563.08 181.01 556.34 
 148 549.85 247.64 563.08 
 149 575.29 109.08 563.08 
 150 597.36 244.50 575.29 
 151 625.24 192.51 597.36 
 152 574.41 186.46 625.24 
 153 599.43 342.86 625.24 
 154 701.17 249.77 625.24 
 155 659.79 374.04 701.17 
 156 688.53 208.44 701.17 
 157 624.19 336.92 701.17 
 158 641.94 488.43 701.17 
 159 732.29 573.45 701.17 
 160 689.18 451.57 732.29 
 161 638.01 644.79 732.29 
 162 864.87 583.61 732.29 
 163 833.96 812.45 864.87 
 164 894.68 487.41 864.87 
 165 830.35 406.49 894.68 
 166 965.60 384.11 894.68 
 167 875.72 610.86 965.60 
 168 1128.01 688.27 965.60 
 169 977.98 728.27 1128.01 
 170 965.60 860.34 1128.01 
 171 1074.03 747.16 1128.01 
 172 1032.62 763.18 1128.01 
 173 1068.58 734.69 1128.01 
 174 1222.75 930.93 1128.01 
 175 1045.20 908.92 1222.75 
 176 1129.07 698.72 1222.75 
 177 1205.25 610.32 1222.75 
 178 1302.51 516.70 1222.75 
 179 1167.34 616.51 1302.51 
 180 1320.33 626.86 1302.51 
 181 1311.31 635.62 1320.33 
 182 1327.67 412.85 1320.33 
 183 1212.57 810.96 1327.67 
 184 1366.61 718.79 1327.67 
 185 1250.73 891.57 1366.61 
 186 1260.15 558.44 1366.61 
 187 1377.39 728.32 1366.61 
 188 1579.27 484.37 1377.39 
 189 1340.49 798.88 1579.27 
 190 1478.86 689.06 1579.27 
 191 1354.98 784.06 1579.27 
 192 1524.09 539.55 1579.27 
 193 1491.03 519.98 1579.27 
 194 1569.88 605.31 1579.27 
 195 1753.01 670.84 1579.27 
 196 1630.25 640.45 1753.01 
 197 1495.38 633.13 1753.01 
 198 1506.30 504.99 1753.01 
 199 1504.03 792.10 1753.01 
 200 1457.94 491.80 1753.01 
 201 1810.39 720.80 1753.01 
 202 1609.87 692.65 1810.39 
 203 1483.11 710.43 1810.39 
 204 1665.45 684.25 1810.39 
 205 1669.31 551.30 1810.39 
 206 1748.53 869.84 1810.39 
 207 1793.40 838.30 1810.39 
 208 1584.33 833.53 1810.39 
 209 1541.00 935.14 1810.39 
 210 1889.31 1199.07 1810.39 
 211 1888.77 1214.57 1889.31 
 212 1946.74 964.33 1889.31 
 213 2007.56 1246.41 1946.74 
 214 1825.86 1125.78 2007.56 
 215 1873.00 1156.54 2007.56 
 216 1975.44 1061.95 2007.56 
 217 1770.88 925.78 2007.56 
 218 2147.62 888.79 2007.56 
 219 2010.54 793.40 2147.62 
 220 1901.31 1029.13 2147.62 
 221 1987.63 796.90 2147.62 
 222 2070.43 831.17 2147.62 
 223 1996.23 880.90 2147.62 
 224 1927.19 812.99 2147.62 
 225 2114.71 704.12 2147.62 
 226 1991.12 983.32 2147.62 
 227 2051.01 967.70 2147.62 
 228 2020.40 858.87 2147.62 
 229 2119.98 1174.59 2147.62 
 230 2266.04 1305.03 2147.62 
 231 2105.07 1260.77 2266.04 
 232 2178.57 971.62 2266.04 
 233 2244.22 1166.14 2266.04 
 234 2169.87 726.01 2266.04 
 235 2288.66 641.33 2266.04 
 236 2221.84 1058.15 2288.66 
 237 2228.31 1084.61 2288.66 
 238 2147.11 1244.77 2288.66 
 239 2477.72 1012.14 2288.66 
 240 2153.37 930.00 2477.72 
 241 2274.20 1219.44 2477.72 
 242 2503.47 1442.80 2477.72 
 243 2393.33 1052.67 2503.47 
 244 2207.69 1213.84 2503.47 
 245 2207.96 1234.11 2503.47 
 246 2367.37 1366.17 2503.47 
 247 2402.89 1420.30 2503.47 
 248 2460.91 1314.66 2503.47 
 249 2465.10 1083.83 2503.47 
 250 2472.89 1333.23 2503.47 
 251 2518.39 1074.04 2503.47 
 252 2407.20 1110.32 2518.39 
 253 2500.19 1183.02 2518.39 
 254 2507.38 1199.84 2518.39 
 255 2387.96 1253.64 2518.39 
 256 2445.18 1155.05 2518.39 
 257 2545.66 1297.64 2518.39 
 258 2619.83 1059.84 2545.66 
 259 2493.01 1264.50 2619.83 
 260 2505.30 992.81 2619.83 
 261 2453.88 1247.15 2619.83 
 262 2601.50 1262.73 2619.83 
 263 2596.62 1468.07 2619.83 
 264 2592.78 1612.47 2619.83 
 265 2602.36 1486.82 2619.83 
 266 2398.12 1546.40 2619.83 
 267 2630.41 1655.79 2619.83 
 268 2708.21 1332.41 2630.41 
 269 2366.26 1345.00 2708.21 
 270 2749.56 1436.61 2708.21 
 271 2565.61 1350.94 2749.56 
 272 2674.73 1111.51 2749.56 
 273 2651.78 1437.71 2749.56 
 274 2657.36 1344.47 2749.56 
 275 2486.13 1709.33 2749.56 
 276 2650.56 1758.72 2749.56 
 277 2581.06 1997.19 2749.56 
 278 2582.64 2304.21 2749.56 
 279 2602.73 2128.55 2749.56 
 280 2549.39 1844.09 2749.56 
 281 2932.25 1797.76 2749.56 
 282 2643.26 1345.62 2932.25 
 283 2781.50 1953.87 2932.25 
 284 2555.40 1815.27 2932.25 
 285 2738.51 1829.72 2932.25 
 286 2499.48 1992.73 2932.25 
 287 2796.61 1682.83 2932.25 
 288 2764.55 1692.32 2932.25 
 289 2704.23 1933.60 2932.25 
 290 2842.80 1888.34 2932.25 
 291 2784.91 1847.81 2932.25 
 292 2813.24 1945.80 2932.25 
 293 2824.79 1658.27 2932.25 
 294 2779.35 1852.91 2932.25 
 295 2500.35 1687.56 2932.25 
 296 2731.90 1970.58 2932.25 
 297 2697.08 1817.21 2932.25 
 298 2598.94 1820.81 2932.25 
 299 2692.27 1959.84 2932.25 
