Iter | Sampling Pol | Evaluation Pol | Best (Sampled) 
   0 -6.80 -6.77 -100000000.00 
   1 -6.45 -6.07 -6.80 
   2 -5.22 -5.29 -6.45 
   3 -4.68 -4.90 -5.22 
   4 -4.49 -4.37 -4.68 
   5 -4.46 -3.66 -4.49 
   6 -3.53 -3.82 -4.46 
   7 -3.88 -2.76 -3.53 
   8 -3.89 -3.52 -3.53 
   9 -3.39 -0.91 -3.53 
  10 -3.46 -1.65 -3.39 
  11 -3.50 -2.31 -3.39 
  12 -2.70 -1.48 -3.39 
  13 -2.95 -0.87 -2.70 
  14 -2.35 -0.55 -2.70 
  15 -3.09  0.24 -2.35 
  16 -2.46  0.17 -2.35 
  17 -1.69  1.19 -2.35 
  18 -0.74  1.23 -1.69 
  19 -1.77 -3.22 -0.74 
  20 -1.06 -0.80 -0.74 
  21 -1.99 -2.79 -0.74 
  22 -0.29  2.44 -0.74 
  23  0.12  1.12 -0.29 
  24 -0.28  1.70  0.12 
  25 -1.58  1.37  0.12 
  26 -0.00  5.97  0.12 
  27  0.49  0.36  0.12 
  28  0.88  5.92  0.49 
  29 -0.57 -1.61  0.88 
  30  0.79  2.14  0.88 
  31  0.21  2.43  0.88 
  32  0.90  2.76  0.88 
  33 -0.60 -0.58  0.90 
  34  0.56  3.36  0.90 
  35  1.70  3.76  0.90 
  36  5.50 -1.26  1.70 
  37  5.14  3.50  5.50 
  38  1.07  4.05  5.50 
  39  5.55  1.35  5.50 
  40  3.18  2.86  5.55 
  41  4.98  4.49  5.55 
  42  3.11  1.94  5.55 
  43  3.70  1.79  5.55 
  44  7.48  3.66  5.55 
  45  6.71  4.35  7.48 
  46  9.14  1.83  7.48 
  47 13.18  4.21  9.14 
  48 12.02  4.99 13.18 
  49 11.50 10.53 13.18 
  50  8.86  9.23 13.18 
  51 10.12  4.38 13.18 
  52 13.12 12.02 13.18 
  53 19.53  5.71 13.18 
  54 20.43  7.81 19.53 
  55 22.68  5.37 20.43 
  56 20.34 10.74 22.68 
  57 23.85 30.02 22.68 
  58 14.51 15.20 23.85 
  59 22.56  3.10 23.85 
  60 15.19 18.25 23.85 
  61 23.87 13.99 23.85 
  62 25.97 62.20 23.87 
  63 36.14 56.20 25.97 
  64 15.30 49.98 36.14 
  65 28.81 48.02 36.14 
  66 30.77 50.21 36.14 
  67 26.46 40.59 36.14 
  68 25.25 64.98 36.14 
  69 33.07 48.04 36.14 
  70 39.08 42.97 36.14 
  71 43.31 60.50 39.08 
  72 38.70 52.76 43.31 
  73 41.82 51.25 43.31 
  74 30.76 47.57 43.31 
  75 34.90 51.19 43.31 
  76 41.42 55.87 43.31 
  77 50.16 52.40 43.31 
  78 45.34 33.70 50.16 
  79 44.56 65.40 50.16 
  80 38.93 64.21 50.16 
  81 52.34 62.86 50.16 
  82 47.59 39.55 52.34 
  83 65.91 28.78 52.34 
  84 56.49 29.30 65.91 
  85 61.84 23.80 65.91 
  86 59.47 20.68 65.91 
  87 62.99 33.15 65.91 
  88 70.52 40.30 65.91 
  89 71.90 55.71 70.52 
  90 57.97 30.27 71.90 
  91 71.46 30.21 71.90 
  92 72.42 22.34 71.90 
  93 65.30 54.50 72.42 
  94 81.76 55.39 72.42 
  95 91.26 49.64 81.76 
  96 97.59 71.87 91.26 
  97 89.77 83.14 97.59 
  98 76.98 92.56 97.59 
  99 91.42 87.13 97.59 
 100 116.46 103.63 97.59 
 101 128.20 129.21 116.46 
 102 145.48 116.27 128.20 
 103 142.01 127.68 145.48 
 104 133.34 141.49 145.48 
 105 144.30 224.35 145.48 
 106 119.42 287.56 145.48 
 107 120.09 231.78 145.48 
 108 163.50 172.56 145.48 
 109 166.47 176.45 163.50 
 110 145.94 214.55 166.47 
 111 174.72 264.09 166.47 
 112 192.80 243.85 174.72 
 113 176.85 230.66 192.80 
 114 151.32 281.47 192.80 
 115 208.61 269.98 192.80 
 116 151.29 331.61 208.61 
 117 188.55 303.28 208.61 
 118 281.72 298.01 208.61 
 119 237.58 231.83 281.72 
 120 221.51 302.34 281.72 
 121 231.42 229.71 281.72 
 122 238.09 293.72 281.72 
 123 245.98 212.01 281.72 
 124 217.89 200.70 281.72 
 125 322.95 276.37 281.72 
 126 302.43 278.36 322.95 
 127 391.04 306.08 322.95 
 128 388.40 294.55 391.04 
 129 384.17 370.72 391.04 
 130 362.08 589.56 391.04 
 131 335.15 471.77 391.04 
 132 396.00 432.21 391.04 
 133 408.94 357.77 396.00 
 134 416.88 478.70 408.94 
 135 430.68 376.90 416.88 
 136 429.13 632.10 430.68 
 137 449.41 590.54 430.68 
 138 495.60 454.08 449.41 
 139 481.10 440.66 495.60 
 140 540.29 458.05 495.60 
 141 504.43 544.20 540.29 
 142 548.48 543.03 540.29 
 143 567.29 491.24 548.48 
 144 569.32 388.23 567.29 
 145 485.63 685.37 569.32 
 146 575.64 744.69 569.32 
 147 614.58 682.71 575.64 
 148 648.79 774.69 614.58 
 149 619.05 603.80 648.79 
 150 598.45 736.42 648.79 
 151 718.26 732.45 648.79 
 152 664.02 711.61 718.26 
 153 671.40 690.67 718.26 
 154 785.72 695.09 718.26 
 155 750.15 891.37 785.72 
 156 812.86 808.80 785.72 
 157 787.55 840.98 812.86 
 158 758.81 1042.16 812.86 
 159 900.31 1043.70 812.86 
 160 843.86 911.51 900.31 
 161 787.79 887.72 900.31 
 162 790.80 707.87 900.31 
 163 906.93 917.44 900.31 
 164 847.27 842.57 906.93 
 165 880.01 1022.71 906.93 
 166 1050.93 802.32 906.93 
 167 932.07 602.62 1050.93 
 168 1096.48 658.09 1050.93 
 169 936.23 812.88 1096.48 
 170 1121.85 892.67 1096.48 
 171 1113.02 810.00 1121.85 
 172 1053.34 993.65 1121.85 
 173 1135.19 971.58 1121.85 
 174 1195.76 932.87 1135.19 
 175 1062.50 1080.40 1195.76 
 176 1192.79 830.74 1195.76 
 177 1130.32 832.73 1195.76 
 178 1222.53 988.17 1195.76 
 179 1277.71 834.53 1222.53 
 180 1200.69 1098.81 1277.71 
 181 1324.37 967.76 1277.71 
 182 1309.77 1348.44 1324.37 
 183 1313.09 1060.57 1324.37 
 184 1457.20 1093.19 1324.37 
 185 1353.75 1291.04 1457.20 
 186 1392.79 1392.05 1457.20 
 187 1531.70 1336.12 1457.20 
 188 1507.51 1438.58 1531.70 
 189 1450.83 1306.52 1531.70 
 190 1590.95 1347.59 1531.70 
 191 1538.98 1398.98 1590.95 
 192 1412.75 1396.37 1590.95 
 193 1578.54 1388.83 1590.95 
 194 1518.34 1212.61 1590.95 
 195 1616.10 1255.25 1590.95 
 196 1714.16 1310.29 1616.10 
 197 1596.04 1403.27 1714.16 
 198 1794.94 1431.81 1714.16 
 199 1665.35 1310.42 1794.94 
 200 1798.30 1302.33 1794.94 
 201 1758.48 1477.94 1798.30 
 202 1727.46 1498.78 1798.30 
 203 1854.50 1522.12 1798.30 
 204 1806.17 1634.19 1854.50 
 205 1852.62 1960.55 1854.50 
 206 1973.68 1772.77 1854.50 
 207 2032.31 1714.37 1973.68 
 208 1903.45 1723.97 2032.31 
 209 1984.40 1894.10 2032.31 
 210 1882.35 1766.79 2032.31 
 211 1931.38 1618.91 2032.31 
 212 1988.22 1694.74 2032.31 
 213 2153.89 1785.59 2032.31 
 214 1885.01 1984.25 2153.89 
 215 2104.75 1911.32 2153.89 
 216 2074.97 2084.72 2153.89 
 217 2066.96 2034.98 2153.89 
 218 2212.43 2290.14 2153.89 
 219 2151.10 2227.19 2212.43 
 220 2112.37 2109.88 2212.43 
 221 2161.32 2045.95 2212.43 
 222 2267.43 1967.10 2212.43 
 223 2267.90 2173.09 2267.43 
 224 2076.93 2046.73 2267.90 
 225 2279.29 2166.72 2267.90 
 226 2189.68 2458.99 2279.29 
 227 2217.85 2071.67 2279.29 
 228 2426.24 2176.33 2279.29 
 229 2274.68 2249.26 2426.24 
 230 2233.07 2018.51 2426.24 
 231 2289.83 2162.38 2426.24 
 232 2286.44 2027.58 2426.24 
 233 2364.45 1824.02 2426.24 
 234 2376.17 1757.37 2426.24 
 235 2388.16 2022.19 2426.24 
 236 2297.46 2021.24 2426.24 
 237 2413.38 2057.64 2426.24 
 238 2355.65 1937.50 2426.24 
 239 2560.21 1767.32 2426.24 
 240 2452.23 1908.23 2560.21 
 241 2321.49 1560.29 2560.21 
 242 2476.75 1649.44 2560.21 
 243 2490.67 1637.19 2560.21 
 244 2413.13 1616.69 2560.21 
 245 2309.73 1996.45 2560.21 
 246 2583.56 2021.96 2560.21 
 247 2477.71 1930.76 2583.56 
 248 2622.62 1940.90 2583.56 
 249 2409.36 2067.18 2622.62 
 250 2526.69 2260.86 2622.62 
 251 2601.18 2180.17 2622.62 
 252 2552.56 2219.33 2622.62 
 253 2535.50 2545.57 2622.62 
 254 2563.27 2239.30 2622.62 
 255 2599.82 2265.68 2622.62 
 256 2518.90 2365.42 2622.62 
 257 2479.46 2322.34 2622.62 
 258 2442.81 2059.54 2622.62 
 259 2532.53 1929.90 2622.62 
 260 2515.66 2319.77 2622.62 
 261 2589.86 2279.47 2622.62 
 262 2626.55 2239.13 2622.62 
 263 2598.25 2046.31 2626.55 
 264 2779.14 1922.05 2626.55 
 265 2590.69 2451.87 2779.14 
 266 2438.28 2391.13 2779.14 
 267 2668.52 2244.11 2779.14 
 268 2702.10 2308.97 2779.14 
 269 2674.08 2069.79 2779.14 
 270 2696.03 2179.82 2779.14 
 271 2689.49 2008.17 2779.14 
 272 2884.65 2191.09 2779.14 
 273 2718.64 2530.55 2884.65 
 274 2546.61 2729.96 2884.65 
 275 2730.28 2684.31 2884.65 
 276 2753.28 2711.42 2884.65 
 277 2850.33 2592.38 2884.65 
 278 2780.83 2663.75 2884.65 
 279 2871.36 2536.57 2884.65 
 280 2668.38 2562.93 2884.65 
 281 2782.36 2434.53 2884.65 
 282 2700.72 2570.26 2884.65 
 283 2724.61 2363.97 2884.65 
 284 2554.74 2444.62 2884.65 
 285 2892.90 2483.31 2884.65 
 286 2762.09 2090.32 2892.90 
 287 2796.73 2267.25 2892.90 
 288 2796.34 2373.63 2892.90 
 289 2775.33 2308.00 2892.90 
 290 2707.93 2516.00 2892.90 
 291 2795.01 2230.48 2892.90 
 292 2803.98 2446.17 2892.90 
 293 2858.78 2389.77 2892.90 
 294 2940.04 2534.14 2892.90 
 295 2752.93 2582.90 2940.04 
 296 2719.32 2584.40 2940.04 
 297 2785.33 2744.30 2940.04 
 298 2798.95 2466.17 2940.04 
 299 2800.31 2771.01 2940.04 
