Iter | Sampling Pol | Evaluation Pol | Best (Sampled) 
   0 -5.95 -7.20 -100000000.00 
   1 -5.81 -6.01 -5.95 
   2 -5.19 -5.61 -5.81 
   3 -5.35 -5.13 -5.19 
   4 -4.96 -5.00 -5.19 
   5 -4.83 -4.66 -4.96 
   6 -4.51 -4.43 -4.83 
   7 -3.92 -4.51 -4.51 
   8 -3.65 -4.42 -3.92 
   9 -4.15 -4.43 -3.65 
  10 -3.18 -4.79 -3.65 
  11 -4.20 -4.64 -3.18 
  12 -4.13 -4.44 -3.18 
  13 -3.59 -4.29 -3.18 
  14 -3.75 -4.24 -3.18 
  15 -4.17 -4.09 -3.18 
  16 -4.24 -3.81 -3.18 
  17 -4.05 -4.04 -3.18 
  18 -3.84 -3.85 -3.18 
  19 -3.48 -3.73 -3.18 
  20 -3.73 -3.37 -3.18 
  21 -3.47 -3.77 -3.18 
  22 -2.46 -3.77 -3.18 
  23 -3.56 -3.77 -2.46 
  24 -2.69 -3.84 -2.46 
  25 -3.63 -3.65 -2.46 
  26 -2.94 -1.74 -2.46 
  27 -2.80 -2.78 -2.46 
  28 -2.96 -2.09 -2.46 
  29 -2.78 -3.51 -2.46 
  30 -2.01 -3.15 -2.46 
  31 -2.43 -2.64 -2.01 
  32 -2.85 -2.62 -2.01 
  33 -2.05 -3.05 -2.01 
  34 -2.42 -2.98 -2.01 
  35 -2.58 -3.26 -2.01 
  36 -2.45 -3.25 -2.01 
  37 -0.85 -2.24 -2.01 
  38 -2.90 -3.09 -0.85 
  39 -2.91 -3.33 -0.85 
  40 -1.90 -3.30 -0.85 
  41 -1.68 -2.28 -0.85 
  42 -2.50 -3.23 -0.85 
  43 -2.42 -3.14 -0.85 
  44 -0.16  0.27 -0.85 
  45 -1.56 -0.47 -0.16 
  46 -1.46 -2.28 -0.16 
  47 -0.28 -2.96 -0.16 
  48 -0.86 -2.95 -0.16 
  49 -1.00 -2.99 -0.16 
  50 -1.11 -3.03 -0.16 
  51 -1.26 -0.10 -0.16 
  52 -0.29  0.89 -0.16 
  53 -1.06 -2.35 -0.16 
  54 -0.16 -1.76 -0.16 
  55 -0.80 -2.89 -0.16 
  56 -0.89  0.87 -0.16 
  57  2.26  0.92 -0.16 
  58 -1.15 -3.01  2.26 
  59 -1.36 -1.80  2.26 
  60  0.83 -2.41  2.26 
  61 -0.23 -0.24  2.26 
  62  1.57 -0.01  2.26 
  63  0.65 -2.21  2.26 
  64  0.24  2.67  2.26 
  65  2.78  0.00  2.26 
  66  1.22  3.95  2.78 
  67  1.97  2.36  2.78 
  68  2.15  1.47  2.78 
  69  1.22  1.33  2.78 
  70  0.68  5.06  2.78 
  71  3.23 -0.53  2.78 
  72  3.71  3.70  3.23 
  73  2.57  0.57  3.71 
  74  2.07  2.53  3.71 
  75  1.35  1.36  3.71 
  76  3.40 -1.85  3.71 
  77  2.79  4.02  3.71 
  78  3.26  0.08  3.71 
  79  2.76 -0.88  3.71 
  80  4.27  7.10  3.71 
  81  2.92  2.25  4.27 
  82  3.74  3.07  4.27 
  83  5.16  6.98  4.27 
  84  5.56  0.33  5.16 
  85  9.29  2.67  5.56 
  86  4.52 -1.81  9.29 
  87  1.38  1.08  9.29 
  88  3.89 -0.58  9.29 
  89  3.47  8.09  9.29 
  90  7.62 27.62  9.29 
  91  7.61 24.49  9.29 
  92  1.75  6.01  9.29 
  93  2.83  3.20  9.29 
  94  3.37  6.81  9.29 
  95  6.22 26.36  9.29 
  96  9.38  6.62  9.29 
  97  3.95  5.78  9.38 
  98  7.44 27.50  9.38 
  99  4.37 36.22  9.38 
 100  7.88 27.90  9.38 
 101  7.69 24.65  9.38 
 102  5.13 55.21  9.38 
 103  8.26 27.95  9.38 
 104  2.85 25.77  9.38 
 105  7.93  9.12  9.38 
 106  7.76 10.98  9.38 
 107  7.63 14.57  9.38 
 108  3.99 46.29  9.38 
 109 14.08 20.08  9.38 
 110  7.31 74.87 14.08 
 111  9.41 14.75 14.08 
 112 13.87 53.72 14.08 
 113  4.67 27.36 14.08 
 114 10.54 104.76 14.08 
 115  3.59 15.40 14.08 
 116  5.03 30.22 14.08 
 117 11.04  4.90 14.08 
 118  7.67 12.28 14.08 
 119 10.93 20.01 14.08 
 120  9.93 53.20 14.08 
 121 10.98 41.60 14.08 
 122 20.57 26.84 14.08 
 123 10.03 52.46 20.57 
 124  5.79 92.93 20.57 
 125  6.79 12.43 20.57 
 126  8.15 47.78 20.57 
 127  4.12 16.16 20.57 
 128  6.27 26.59 20.57 
 129  8.68 100.04 20.57 
 130 11.58 95.72 20.57 
 131  8.03 66.51 20.57 
 132  8.98 19.57 20.57 
 133  7.86 42.54 20.57 
 134  8.51 70.60 20.57 
 135 22.00 44.28 20.57 
 136 11.62 47.87 22.00 
 137 12.32 30.35 22.00 
 138 14.48 65.58 22.00 
 139  5.54 47.55 22.00 
 140  5.02 56.58 22.00 
 141  4.11 49.18 22.00 
 142 12.02 63.46 22.00 
 143  7.99 52.67 22.00 
 144 15.76 48.33 22.00 
 145 10.91 56.10 22.00 
 146 18.56 33.52 22.00 
 147 11.04 51.50 22.00 
 148 10.74 15.33 22.00 
 149 10.85 12.65 22.00 
 150  9.20 24.74 22.00 
 151 15.50 59.85 22.00 
 152  8.17 37.48 22.00 
 153 12.06 54.37 22.00 
 154 11.60 29.90 22.00 
 155  9.84 29.66 22.00 
 156 22.54 30.52 22.00 
 157 14.43 34.03 22.54 
 158  8.27 34.75 22.54 
 159 13.18 25.95 22.54 
 160 20.05 31.79 22.54 
 161 16.68 15.33 22.54 
 162 11.15 39.12 22.54 
 163 13.70 53.95 22.54 
 164 18.67 60.05 22.54 
 165 15.78 30.39 22.54 
 166 15.81 15.61 22.54 
 167 18.44 50.02 22.54 
 168 15.03 14.13 22.54 
 169 15.99 40.54 22.54 
 170 12.58 13.18 22.54 
 171 15.56 69.84 22.54 
 172 27.45 28.22 22.54 
 173 18.32 44.25 27.45 
 174 16.01 45.66 27.45 
 175 11.79 74.30 27.45 
 176 21.57 106.64 27.45 
 177 11.42 53.92 27.45 
 178 14.03 47.47 27.45 
 179 22.99 83.04 27.45 
 180 24.13 81.56 27.45 
 181 33.40 23.92 27.45 
 182 24.32 93.77 33.40 
 183 21.40 14.38 33.40 
 184 21.54 60.27 33.40 
 185 20.19 69.39 33.40 
 186 24.38 24.83 33.40 
 187 24.15 32.41 33.40 
 188 28.84 51.35 33.40 
 189 30.20 117.08 33.40 
 190 16.44 110.94 33.40 
 191 34.11 15.96 33.40 
 192 13.56 22.49 34.11 
 193 31.63 58.22 34.11 
 194 19.40 126.61 34.11 
 195 29.57 76.14 34.11 
 196 21.81 23.94 34.11 
 197 24.64 84.83 34.11 
 198 27.28 50.70 34.11 
 199 22.37 62.04 34.11 
 200 16.24 72.27 34.11 
 201 26.89 79.67 34.11 
 202 20.14 27.14 34.11 
 203 21.61 55.88 34.11 
 204 27.52 41.81 34.11 
 205 27.99 94.90 34.11 
 206 50.18 23.04 34.11 
 207 24.61 62.50 50.18 
 208 34.11 46.79 50.18 
 209 40.60 42.86 50.18 
 210 41.31 62.53 50.18 
 211 34.03 28.55 50.18 
 212 35.79  3.15 50.18 
 213 26.65 49.18 50.18 
 214 27.61 20.17 50.18 
 215 31.97 40.60 50.18 
 216 41.56 37.02 50.18 
 217 24.10 21.19 50.18 
 218 39.30 59.35 50.18 
 219 49.25 45.55 50.18 
 220 34.58 23.96 50.18 
 221 51.37 12.66 50.18 
 222 28.62 23.05 51.37 
 223 39.38 38.24 51.37 
 224 44.32 35.07 51.37 
 225 25.21 39.32 51.37 
 226 41.95 104.09 51.37 
 227 62.19 35.59 51.37 
 228 64.82 60.26 62.19 
 229 47.53 27.71 64.82 
 230 45.85 80.99 64.82 
 231 50.27 17.04 64.82 
 232 52.86 104.01 64.82 
 233 43.18 20.72 64.82 
 234 54.62 107.73 64.82 
 235 45.93 59.70 64.82 
 236 46.16 110.85 64.82 
 237 57.42 44.46 64.82 
 238 50.80 55.24 64.82 
 239 70.41 67.97 64.82 
 240 55.65 45.14 70.41 
 241 45.62 24.86 70.41 
 242 30.82 61.07 70.41 
 243 50.09 23.82 70.41 
 244 53.40 99.80 70.41 
 245 57.01 14.84 70.41 
 246 64.41 24.60 70.41 
 247 56.33 18.21 70.41 
 248 51.53 34.50 70.41 
 249 69.58 19.16 70.41 
 250 77.61 26.81 70.41 
 251 62.91 55.89 77.61 
 252 48.12 26.24 77.61 
 253 63.74 73.66 77.61 
 254 44.43 21.22 77.61 
 255 78.99 16.20 77.61 
 256 67.25 46.22 78.99 
 257 59.51 133.24 78.99 
 258 75.65 49.84 78.99 
 259 62.42 43.87 78.99 
 260 67.44 24.40 78.99 
 261 65.75 37.14 78.99 
 262 75.53 69.18 78.99 
 263 61.51 69.05 78.99 
 264 90.12 38.23 78.99 
 265 73.95 26.51 90.12 
 266 66.30 19.26 90.12 
 267 90.43 21.77 90.12 
 268 74.83 25.33 90.43 
 269 69.57 14.10 90.43 
 270 69.75 21.45 90.43 
 271 104.99 44.11 90.43 
 272 86.34 47.08 104.99 
 273 76.72 36.99 104.99 
 274 82.26 36.08 104.99 
 275 72.97 35.45 104.99 
 276 70.09 47.02 104.99 
 277 79.55 51.42 104.99 
 278 84.85 138.21 104.99 
 279 83.89 145.38 104.99 
 280 74.63 61.38 104.99 
 281 78.97 93.33 104.99 
 282 87.91 44.14 104.99 
 283 106.91 102.98 104.99 
 284 104.10 46.25 106.91 
 285 84.81 54.97 106.91 
 286 85.83 29.57 106.91 
 287 102.07 45.79 106.91 
 288 108.06 84.84 106.91 
 289 108.05 28.39 108.06 
 290 97.21 35.95 108.06 
 291 101.09 66.14 108.06 
 292 75.44 23.01 108.06 
 293 118.45 26.50 108.06 
 294 98.87 91.40 118.45 
 295 106.53 129.79 118.45 
 296 91.85 64.75 118.45 
 297 113.85 36.79 118.45 
 298 96.39 68.14 118.45 
 299 104.47 64.32 118.45 
 300 122.77 46.33 118.45 
 301 126.97 34.50 122.77 
 302 106.47 58.47 126.97 
 303 109.22 33.21 126.97 
 304 98.04 86.35 126.97 
 305 100.14 44.44 126.97 
 306 129.59 40.81 126.97 
 307 131.86 62.97 129.59 
 308 99.64 44.70 131.86 
 309 122.47 48.41 131.86 
 310 93.63 53.39 131.86 
 311 128.89 87.39 131.86 
 312 106.80 78.59 131.86 
 313 120.44 102.52 131.86 
 314 117.03 42.58 131.86 
 315 127.13 80.15 131.86 
 316 117.05 100.87 131.86 
 317 127.47 99.09 131.86 
 318 102.51 105.61 131.86 
 319 146.06 129.41 131.86 
 320 111.09 84.08 146.06 
 321 87.61 63.80 146.06 
 322 115.28 126.83 146.06 
 323 105.68 134.36 146.06 
 324 167.54 148.81 146.06 
 325 127.41 109.82 167.54 
 326 114.63 86.03 167.54 
 327 134.09 121.57 167.54 
 328 100.15 105.86 167.54 
 329 165.65 104.34 167.54 
 330 145.36 75.51 167.54 
 331 137.66 91.90 167.54 
 332 139.18 124.07 167.54 
 333 123.18 101.40 167.54 
 334 182.62 129.08 167.54 
 335 144.77 143.58 182.62 
 336 124.54 69.93 182.62 
 337 140.74 80.16 182.62 
 338 134.46 54.77 182.62 
 339 138.61 83.94 182.62 
 340 131.42 81.87 182.62 
 341 165.54 51.42 182.62 
 342 136.29 75.08 182.62 
 343 178.50 81.87 182.62 
 344 123.66 76.55 182.62 
 345 154.52 98.13 182.62 
 346 136.28 61.67 182.62 
 347 136.10 27.64 182.62 
 348 114.78 16.57 182.62 
 349 136.41 94.13 182.62 
 350 115.87 113.63 182.62 
 351 134.59 115.89 182.62 
 352 155.80 49.08 182.62 
 353 162.97 32.48 182.62 
 354 190.58 80.83 182.62 
 355 171.07 47.84 190.58 
 356 150.18 33.08 190.58 
 357 180.00 59.79 190.58 
 358 185.36 64.63 190.58 
 359 140.83 14.69 190.58 
 360 153.10 27.46 190.58 
 361 130.02 85.15 190.58 
 362 146.86 71.21 190.58 
 363 141.00 46.03 190.58 
 364 120.15 22.66 190.58 
 365 173.79 39.03 190.58 
 366 177.24 48.47 190.58 
 367 182.26 73.04 190.58 
 368 218.25 34.84 190.58 
 369 221.04 45.68 218.25 
 370 204.14 46.19 221.04 
 371 170.43 41.80 221.04 
 372 187.11 46.07 221.04 
 373 184.61 42.12 221.04 
 374 185.87 60.66 221.04 
 375 222.64 54.21 221.04 
 376 195.87 139.05 222.64 
 377 159.25 89.48 222.64 
 378 156.70 63.29 222.64 
 379 180.53 95.56 222.64 
 380 186.72 79.94 222.64 
 381 206.81 77.56 222.64 
 382 178.51 46.28 222.64 
 383 207.08 104.97 222.64 
 384 185.70 170.54 222.64 
 385 159.46 119.63 222.64 
 386 178.07 128.64 222.64 
 387 184.78 123.64 222.64 
 388 185.44 57.21 222.64 
 389 151.21 181.36 222.64 
 390 201.26 87.58 222.64 
 391 205.62 171.04 222.64 
 392 254.91 124.06 222.64 
 393 240.09 188.37 254.91 
 394 214.04 125.04 254.91 
 395 169.58 95.67 254.91 
 396 221.28 117.77 254.91 
 397 228.75 126.51 254.91 
 398 229.17 164.98 254.91 
 399 231.13 226.02 254.91 
 400 241.29 153.47 254.91 
 401 225.44 147.19 254.91 
 402 213.39 172.90 254.91 
 403 277.65 148.67 254.91 
 404 228.53 192.61 277.65 
 405 249.71 245.55 277.65 
 406 276.90 220.88 277.65 
 407 275.72 104.93 277.65 
 408 233.85 229.94 277.65 
 409 251.26 175.63 277.65 
 410 251.31 179.80 277.65 
 411 292.80 173.04 277.65 
 412 315.89 184.15 292.80 
 413 273.84 184.13 315.89 
 414 280.59 183.11 315.89 
 415 317.12 138.91 315.89 
 416 359.06 227.78 317.12 
 417 330.37 193.89 359.06 
 418 288.71 169.63 359.06 
 419 354.31 179.99 359.06 
 420 331.89 244.10 359.06 
 421 315.21 308.96 359.06 
 422 353.55 271.74 359.06 
 423 350.78 207.91 359.06 
 424 400.67 269.68 359.06 
 425 384.01 279.59 400.67 
 426 372.49 334.74 400.67 
 427 346.27 353.99 400.67 
 428 379.64 316.20 400.67 
 429 342.33 328.30 400.67 
 430 409.50 235.46 400.67 
 431 317.98 348.46 409.50 
 432 450.32 343.51 409.50 
 433 452.38 264.18 450.32 
 434 447.07 288.32 452.38 
 435 470.31 326.65 452.38 
 436 482.47 356.32 470.31 
 437 525.90 282.96 482.47 
 438 549.94 351.27 525.90 
 439 519.22 435.01 549.94 
 440 487.79 445.65 549.94 
 441 532.28 308.45 549.94 
 442 520.03 337.56 549.94 
 443 490.74 585.31 549.94 
 444 585.40 343.25 549.94 
 445 442.98 405.62 585.40 
 446 533.36 401.93 585.40 
 447 513.79 492.37 585.40 
 448 591.54 471.52 585.40 
 449 556.13 512.98 591.54 
 450 671.73 515.96 591.54 
 451 619.43 552.21 671.73 
 452 643.75 766.20 671.73 
 453 647.83 472.41 671.73 
 454 670.86 472.48 671.73 
 455 597.49 718.66 671.73 
 456 731.69 626.92 671.73 
 457 616.87 480.53 731.69 
 458 662.41 469.94 731.69 
 459 623.40 579.13 731.69 
 460 655.05 585.99 731.69 
 461 794.60 688.89 731.69 
 462 647.29 597.72 794.60 
 463 732.34 649.28 794.60 
 464 700.51 785.95 794.60 
 465 786.32 753.25 794.60 
 466 716.95 492.31 794.60 
 467 681.28 791.73 794.60 
 468 829.02 673.96 794.60 
 469 828.56 725.97 829.02 
 470 906.79 753.73 829.02 
 471 816.33 763.77 906.79 
 472 821.07 885.93 906.79 
 473 802.24 726.63 906.79 
 474 869.52 710.16 906.79 
 475 870.44 939.26 906.79 
 476 988.61 882.86 906.79 
 477 909.64 910.43 988.61 
 478 895.70 844.56 988.61 
 479 923.67 789.73 988.61 
 480 1101.22 782.01 988.61 
 481 966.68 669.12 1101.22 
 482 932.83 682.26 1101.22 
 483 1048.27 757.77 1101.22 
 484 1021.62 748.89 1101.22 
 485 1067.56 751.59 1101.22 
 486 1157.47 741.90 1101.22 
 487 1137.89 850.71 1157.47 
 488 1044.88 963.49 1157.47 
 489 1126.98 883.65 1157.47 
 490 1107.54 636.83 1157.47 
 491 976.58 832.25 1157.47 
 492 1010.28 820.36 1157.47 
 493 1117.51 761.13 1157.47 
 494 1119.60 1019.98 1157.47 
 495 1176.79 892.03 1157.47 
 496 1065.69 799.28 1176.79 
 497 1163.34 882.03 1176.79 
 498 1153.65 769.78 1176.79 
 499 1045.86 561.33 1176.79 
 500 1191.66 881.35 1176.79 
 501 1260.23 814.16 1191.66 
 502 1115.02 811.42 1260.23 
 503 1084.36 763.39 1260.23 
 504 1317.50 791.70 1260.23 
 505 1056.39 849.30 1317.50 
 506 1205.88 889.62 1317.50 
 507 1168.01 789.43 1317.50 
 508 1201.67 802.70 1317.50 
 509 1180.80 765.03 1317.50 
 510 1182.32 983.44 1317.50 
 511 1327.20 839.37 1317.50 
 512 1242.17 814.12 1327.20 
 513 1252.78 731.22 1327.20 
 514 1202.39 920.65 1327.20 
 515 1274.19 667.87 1327.20 
 516 1247.99 780.49 1327.20 
 517 1278.15 816.71 1327.20 
 518 1307.14 902.52 1327.20 
 519 1322.39 1101.86 1327.20 
 520 1404.67 973.91 1327.20 
 521 1177.46 1055.91 1404.67 
 522 1375.97 987.86 1404.67 
 523 1344.86 999.27 1404.67 
 524 1265.68 1045.71 1404.67 
 525 1479.27 1079.43 1404.67 
 526 1388.95 913.15 1479.27 
 527 1487.25 1241.22 1479.27 
 528 1451.82 1084.37 1487.25 
 529 1481.44 1034.56 1487.25 
 530 1501.93 1051.69 1487.25 
 531 1617.12 1138.78 1501.93 
 532 1465.35 1096.28 1617.12 
 533 1505.36 973.73 1617.12 
 534 1505.76 1059.96 1617.12 
 535 1655.90 1148.21 1617.12 
 536 1445.89 1106.70 1655.90 
 537 1594.21 1084.90 1655.90 
 538 1546.84 963.33 1655.90 
 539 1447.30 1108.37 1655.90 
 540 1576.17 1301.89 1655.90 
 541 1403.26 1098.24 1655.90 
 542 1504.81 1251.53 1655.90 
 543 1512.49 1227.13 1655.90 
 544 1648.87 1109.01 1655.90 
 545 1715.92 1091.44 1655.90 
 546 1644.45 1297.82 1715.92 
 547 1529.87 1380.70 1715.92 
 548 1619.08 1297.93 1715.92 
 549 1808.52 1288.50 1715.92 
 550 1572.47 1254.28 1808.52 
 551 1656.37 1300.87 1808.52 
 552 1577.57 1426.56 1808.52 
 553 1669.90 1273.46 1808.52 
 554 1670.78 1406.22 1808.52 
 555 1693.61 1455.88 1808.52 
 556 1714.05 1182.18 1808.52 
 557 1680.76 1272.65 1808.52 
 558 1842.33 1335.30 1808.52 
 559 1649.32 1369.53 1842.33 
 560 1858.63 1531.28 1842.33 
 561 1699.34 1468.95 1858.63 
 562 1762.64 1540.56 1858.63 
 563 1931.09 1350.06 1858.63 
 564 1802.51 1410.82 1931.09 
 565 1896.87 1374.83 1931.09 
 566 1846.01 1087.27 1931.09 
 567 2013.07 1306.80 1931.09 
 568 1950.62 1363.58 2013.07 
 569 1806.03 1433.03 2013.07 
 570 2006.36 1450.39 2013.07 
 571 1937.28 1373.00 2013.07 
 572 1749.90 1352.97 2013.07 
 573 1964.62 1474.05 2013.07 
 574 1881.98 1258.30 2013.07 
 575 1823.18 1395.86 2013.07 
 576 1939.11 1339.74 2013.07 
 577 1913.32 1364.13 2013.07 
 578 1926.58 1374.75 2013.07 
 579 2015.40 1375.93 2013.07 
 580 1803.42 1570.39 2015.40 
 581 1928.06 1519.15 2015.40 
 582 2018.75 1693.61 2015.40 
 583 1940.97 1384.10 2018.75 
 584 1854.54 1593.96 2018.75 
 585 1887.39 1470.27 2018.75 
 586 1831.32 1528.76 2018.75 
 587 1893.43 1483.25 2018.75 
 588 2017.38 1521.65 2018.75 
 589 1944.34 1424.68 2018.75 
 590 2009.58 1399.36 2018.75 
 591 2016.54 1467.12 2018.75 
 592 1839.96 1662.04 2018.75 
 593 1941.69 1530.87 2018.75 
 594 2161.53 1824.76 2018.75 
 595 2091.79 1538.44 2161.53 
 596 2096.35 1566.97 2161.53 
 597 2102.70 1574.00 2161.53 
 598 2069.52 1769.35 2161.53 
 599 2067.63 1849.97 2161.53 
 600 2087.77 1782.49 2161.53 
 601 2076.21 1953.92 2161.53 
 602 2071.93 1914.27 2161.53 
 603 2216.75 1861.30 2161.53 
 604 2199.39 1942.06 2216.75 
 605 2237.18 1899.79 2216.75 
 606 2167.95 1909.80 2237.18 
 607 2086.33 2026.40 2237.18 
 608 2249.72 2049.08 2237.18 
 609 2218.18 2103.66 2249.72 
 610 2362.36 1839.40 2249.72 
 611 2349.65 1845.18 2362.36 
 612 2287.03 1849.51 2362.36 
 613 2340.83 2024.46 2362.36 
 614 2171.39 1937.76 2362.36 
 615 2224.45 1852.95 2362.36 
 616 2229.59 2117.12 2362.36 
 617 2276.99 1928.57 2362.36 
 618 2349.52 1919.47 2362.36 
 619 2220.32 2218.66 2362.36 
 620 2246.02 2254.92 2362.36 
 621 2272.51 2036.39 2362.36 
 622 2331.00 2060.57 2362.36 
 623 2222.24 2195.20 2362.36 
 624 2374.53 2307.24 2362.36 
 625 2402.53 2520.51 2374.53 
 626 2309.75 2173.99 2402.53 
 627 2429.22 2218.73 2402.53 
 628 2414.71 1943.76 2429.22 
 629 2408.50 2198.85 2429.22 
 630 2342.78 2106.95 2429.22 
 631 2421.15 1979.09 2429.22 
 632 2265.62 1943.19 2429.22 
 633 2185.33 2084.23 2429.22 
 634 2241.65 2150.78 2429.22 
 635 2350.91 2243.92 2429.22 
 636 2251.38 2243.21 2429.22 
 637 2284.58 2211.49 2429.22 
 638 2135.45 2245.02 2429.22 
 639 2466.44 2316.02 2429.22 
 640 2273.31 2535.69 2466.44 
 641 2397.75 2511.71 2466.44 
 642 2466.43 2298.02 2466.44 
 643 2392.62 2530.26 2466.44 
 644 2470.39 2446.45 2466.44 
 645 2467.29 2094.25 2470.39 
 646 2480.23 2227.05 2470.39 
 647 2246.84 2242.32 2480.23 
 648 2331.30 2307.95 2480.23 
 649 2200.34 2377.40 2480.23 
 650 2472.77 2463.11 2480.23 
 651 2324.41 2160.95 2480.23 
 652 2528.69 2346.25 2480.23 
 653 2479.54 2270.38 2528.69 
 654 2509.11 2281.36 2528.69 
 655 2383.17 2403.58 2528.69 
 656 2305.99 2198.76 2528.69 
 657 2433.47 2296.85 2528.69 
 658 2314.14 2148.00 2528.69 
 659 2518.91 2185.55 2528.69 
 660 2415.90 2228.91 2528.69 
 661 2536.64 2199.42 2528.69 
 662 2587.18 2243.84 2536.64 
 663 2416.58 2367.04 2587.18 
 664 2576.35 2221.56 2587.18 
 665 2638.88 2294.93 2587.18 
 666 2503.81 2165.90 2638.88 
 667 2493.52 2269.36 2638.88 
 668 2549.02 2079.87 2638.88 
 669 2616.11 2458.40 2638.88 
 670 2494.73 2363.46 2638.88 
 671 2570.79 2376.56 2638.88 
 672 2630.39 2288.44 2638.88 
 673 2585.80 2164.97 2638.88 
 674 2681.97 2314.81 2638.88 
 675 2609.54 2364.58 2681.97 
 676 2381.64 2293.37 2681.97 
 677 2505.54 2273.57 2681.97 
 678 2508.64 2049.50 2681.97 
 679 2437.32 1942.57 2681.97 
 680 2716.70 2113.15 2681.97 
 681 2644.64 2033.23 2716.70 
 682 2483.10 2175.81 2716.70 
 683 2646.34 2079.67 2716.70 
 684 2504.18 2279.20 2716.70 
 685 2650.82 2293.48 2716.70 
 686 2540.06 2148.62 2716.70 
 687 2597.64 2298.11 2716.70 
 688 2720.98 2381.34 2716.70 
 689 2665.33 2478.04 2720.98 
 690 2506.57 2416.81 2720.98 
 691 2617.18 2548.56 2720.98 
 692 2590.50 2447.27 2720.98 
 693 2695.59 2468.86 2720.98 
 694 2361.34 2403.66 2720.98 
 695 2645.40 2362.88 2720.98 
 696 2642.84 2444.54 2720.98 
 697 2521.80 2242.12 2720.98 
 698 2622.22 2138.45 2720.98 
 699 2551.05 2350.67 2720.98 
 700 2797.45 2451.32 2720.98 
 701 2619.79 2391.63 2797.45 
 702 2644.72 2317.68 2797.45 
 703 2814.45 2355.72 2797.45 
 704 2600.96 2364.37 2814.45 
 705 2788.94 2301.40 2814.45 
 706 2759.99 2432.75 2814.45 
 707 2704.49 2492.51 2814.45 
 708 2693.16 2279.60 2814.45 
 709 2607.09 2385.77 2814.45 
 710 2776.61 2271.69 2814.45 
 711 2857.59 2608.97 2814.45 
 712 2900.66 2390.70 2857.59 
 713 2651.79 2483.12 2900.66 
 714 2728.09 2458.74 2900.66 
 715 2867.86 2414.93 2900.66 
 716 2741.90 2192.01 2900.66 
 717 2785.95 2247.59 2900.66 
 718 2715.01 2543.48 2900.66 
 719 2736.16 2577.95 2900.66 
 720 2617.44 2268.01 2900.66 
 721 2712.52 2257.34 2900.66 
 722 2664.46 2354.08 2900.66 
 723 2544.43 2466.62 2900.66 
 724 2668.83 2404.22 2900.66 
 725 2748.44 2421.12 2900.66 
 726 2626.66 2523.85 2900.66 
 727 2718.70 2602.49 2900.66 
 728 2771.58 2539.55 2900.66 
 729 2680.93 2538.32 2900.66 
 730 2550.39 2574.82 2900.66 
 731 2721.04 2596.51 2900.66 
 732 2803.34 2496.51 2900.66 
 733 2790.54 2395.74 2900.66 
 734 2514.18 2426.30 2900.66 
 735 2730.58 2531.74 2900.66 
 736 2747.70 2498.02 2900.66 
 737 2814.90 2715.83 2900.66 
 738 2668.26 2697.69 2900.66 
 739 2845.30 2736.59 2900.66 
 740 2754.12 2658.48 2900.66 
 741 2733.84 2734.49 2900.66 
 742 2763.02 2620.76 2900.66 
 743 2856.54 2633.11 2900.66 
 744 2785.90 2456.75 2900.66 
 745 2735.30 2378.51 2900.66 
 746 2757.29 2371.31 2900.66 
 747 2695.86 2541.27 2900.66 
 748 2799.27 2675.48 2900.66 
 749 2641.73 2536.10 2900.66 
 750 2982.17 2391.46 2900.66 
 751 2904.18 2457.17 2982.17 
 752 2829.35 2449.63 2982.17 
 753 2852.50 2390.34 2982.17 
 754 2882.62 2437.28 2982.17 
 755 2936.67 2534.49 2982.17 
 756 2925.48 2424.89 2982.17 
 757 2988.84 2695.99 2982.17 
 758 2835.67 2592.67 2988.84 
 759 2920.88 2584.72 2988.84 
 760 2912.79 2658.90 2988.84 
 761 2885.54 2539.94 2988.84 
 762 2815.93 2520.87 2988.84 
 763 2855.21 2480.86 2988.84 
 764 2962.96 2841.73 2988.84 
 765 3008.34 2415.94 2988.84 
 766 2939.76 2768.61 3008.34 
 767 2941.57 2502.21 3008.34 
 768 2882.66 2539.84 3008.34 
 769 2975.73 2550.43 3008.34 
 770 2760.79 2486.14 3008.34 
 771 2716.38 2488.24 3008.34 
 772 2856.01 2576.12 3008.34 
 773 2984.39 2406.31 3008.34 
 774 2775.27 2398.35 3008.34 
 775 2980.76 2405.45 3008.34 
 776 2986.75 2474.51 3008.34 
 777 2964.80 2478.82 3008.34 
 778 2830.29 2445.28 3008.34 
 779 2913.61 2517.08 3008.34 
 780 2862.24 2501.72 3008.34 
 781 2970.91 2279.27 3008.34 
 782 2904.98 2499.02 3008.34 
 783 2796.37 2447.99 3008.34 
 784 2854.17 2648.31 3008.34 
 785 2957.77 2788.81 3008.34 
 786 2929.03 2805.09 3008.34 
 787 2993.40 2627.49 3008.34 
 788 2971.90 2589.28 3008.34 
 789 2914.90 2531.22 3008.34 
 790 3033.22 2546.44 3008.34 
 791 3002.70 2526.70 3033.22 
 792 3023.29 2602.49 3033.22 
 793 2875.50 2578.61 3033.22 
 794 2867.93 2659.23 3033.22 
 795 2866.82 2564.05 3033.22 
 796 2864.53 2748.09 3033.22 
 797 3008.73 2460.33 3033.22 
 798 2914.23 2547.34 3033.22 
 799 2916.81 2826.63 3033.22 
