Iter | Sampling Pol | Evaluation Pol | Best (Sampled) 
   0 -6.05 -3.48 -100000000.00 
   1 -5.94 -5.82 -6.05 
   2 -5.74 -4.92 -5.94 
   3 -5.37 -4.97 -5.74 
   4 -5.47 -5.11 -5.37 
   5 -4.56 -5.03 -5.37 
   6 -4.68 -4.87 -4.56 
   7 -5.01 -4.77 -4.56 
   8 -4.96 -4.54 -4.56 
   9 -4.37 -4.39 -4.56 
  10 -3.74 -4.35 -4.37 
  11 -4.31 -4.19 -3.74 
  12 -4.17 -4.15 -3.74 
  13 -3.81 -4.10 -3.74 
  14 -4.26 -4.33 -3.74 
  15 -4.76 -4.12 -3.74 
  16 -4.24 -4.05 -3.74 
  17 -4.58 -4.04 -3.74 
  18 -4.19 -3.88 -3.74 
  19 -3.93 -3.97 -3.74 
  20 -4.00 -4.09 -3.74 
  21 -3.88 -3.53 -3.74 
  22 -3.97 -4.27 -3.74 
  23 -3.99 -4.27 -3.74 
  24 -3.88 -4.46 -3.74 
  25 -3.26 -4.15 -3.74 
  26 -3.39 -3.95 -3.26 
  27 -3.86 -3.59 -3.26 
  28 -4.17 -2.96 -3.26 
  29 -3.49 -3.68 -3.26 
  30 -3.14 -3.85 -3.26 
  31 -4.14 -4.17 -3.14 
  32 -3.11 -3.72 -3.14 
  33 -3.54 -3.81 -3.11 
  34 -3.66 -3.62 -3.11 
  35 -2.95 -2.90 -3.11 
  36 -3.61 -3.80 -2.95 
  37 -3.23 -4.19 -2.95 
  38 -3.49 -1.78 -2.95 
  39 -3.49  0.79 -2.95 
  40 -2.43 -2.96 -2.95 
  41 -2.15 -2.43 -2.43 
  42 -3.37 -2.06 -2.15 
  43 -2.83  3.50 -2.15 
  44 -1.76 -3.16 -2.15 
  45 -3.28 -1.48 -1.76 
  46 -2.91 -0.82 -1.76 
  47 -2.99 -3.33 -1.76 
  48  1.27 -3.19 -1.76 
  49 -1.70 -2.11  1.27 
  50 -2.98 -2.57  1.27 
  51 -2.38 -1.69  1.27 
  52 -2.74  0.71  1.27 
  53 -1.96 -1.94  1.27 
  54 -2.74  3.88  1.27 
  55 -1.91 -0.19  1.27 
  56 -1.54 -0.63  1.27 
  57 -1.68 -1.73  1.27 
  58 -2.49 -1.88  1.27 
  59  1.71 -0.42  1.27 
  60 -2.42  0.14  1.71 
  61 -0.44  1.78  1.71 
  62 -1.65  1.33  1.71 
  63 -0.78  0.34  1.71 
  64 -1.45  6.43  1.71 
  65  0.18 -3.00  1.71 
  66 -2.19 -3.32  1.71 
  67 -0.49 -3.00  1.71 
  68 -0.95 -0.07  1.71 
  69 -1.33  7.13  1.71 
  70 -0.01 -1.03  1.71 
  71 -0.06  0.55  1.71 
  72 -0.92  2.01  1.71 
  73 -0.71 -1.42  1.71 
  74 -0.63  0.14  1.71 
  75  2.08 -2.24  1.71 
  76 -1.14 -1.19  2.08 
  77  0.28 -2.73  2.08 
  78 -0.56 -2.81  2.08 
  79 -0.15 -1.37  2.08 
  80 -0.15 -1.21  2.08 
  81 -0.87  1.53  2.08 
  82 -1.23  2.52  2.08 
  83  0.12 -1.43  2.08 
  84 -0.51 -1.24  2.08 
  85  4.27 -1.38  2.08 
  86 -0.48 -1.53  4.27 
  87 -0.78  0.91  4.27 
  88  1.86  4.69  4.27 
  89 -0.16  4.01  4.27 
  90  0.27  1.32  4.27 
  91  0.22  2.56  4.27 
  92  2.70  0.53  4.27 
  93  0.64 -1.81  4.27 
  94  6.27  1.94  4.27 
  95  1.32  3.60  6.27 
  96  1.74  4.35  6.27 
  97  1.59 27.69  6.27 
  98  2.52 18.45  6.27 
  99  0.57  4.17  6.27 
 100  0.56 12.07  6.27 
 101  0.92  6.79  6.27 
 102  1.11  4.36  6.27 
 103  3.46  6.86  6.27 
 104  6.31  4.67  6.27 
 105  3.65  4.82  6.31 
 106  2.47  3.52  6.31 
 107 -0.72  4.37  6.31 
 108  1.67  4.72  6.31 
 109  1.80 14.38  6.31 
 110  1.68 14.09  6.31 
 111  2.63 12.74  6.31 
 112  3.65 13.20  6.31 
 113  2.40  6.38  6.31 
 114  0.92 10.54  6.31 
 115  2.17  8.69  6.31 
 116  2.38  6.53  6.31 
 117  5.62 35.21  6.31 
 118  1.63  6.60  6.31 
 119  1.77 19.51  6.31 
 120  5.08 23.86  6.31 
 121  1.14  7.34  6.31 
 122  3.06 16.77  6.31 
 123  1.72  8.94  6.31 
 124  4.68  9.59  6.31 
 125  4.00 12.62  6.31 
 126 10.71  9.20  6.31 
 127  4.90  9.28 10.71 
 128  6.28  5.41 10.71 
 129  4.74  8.23 10.71 
 130  5.16  9.61 10.71 
 131  4.39 14.35 10.71 
 132  9.62  6.37 10.71 
 133 11.20  6.81 10.71 
 134  4.55  3.34 11.20 
 135 10.03  4.16 11.20 
 136  7.15  2.12 11.20 
 137  8.08  3.75 11.20 
 138  4.02 13.70 11.20 
 139 10.62  4.28 11.20 
 140 15.00  7.01 11.20 
 141  7.01  5.11 15.00 
 142  3.46  6.94 15.00 
 143 12.55  4.34 15.00 
 144  8.61  5.93 15.00 
 145  4.45  3.38 15.00 
 146 17.15  6.36 15.00 
 147 11.13  4.09 17.15 
 148 14.54  3.80 17.15 
 149  9.13 10.39 17.15 
 150  8.29  7.54 17.15 
 151 15.73  5.75 17.15 
 152 12.03  7.84 17.15 
 153 12.00 27.29 17.15 
 154 11.51 14.99 17.15 
 155 12.24  3.67 17.15 
 156 18.17  7.24 17.15 
 157 15.41  4.93 18.17 
 158 19.12  7.40 18.17 
 159 21.62  1.30 19.12 
 160  9.56  9.51 21.62 
 161 13.33  5.39 21.62 
 162  5.99  1.88 21.62 
 163 18.89 13.71 21.62 
 164 16.57 14.07 21.62 
 165 10.52 37.87 21.62 
 166  7.08 46.46 21.62 
 167 25.84 27.99 21.62 
 168 10.71 11.28 25.84 
 169  9.31  3.68 25.84 
 170 10.35  7.96 25.84 
 171 13.09  0.59 25.84 
 172 18.43  7.12 25.84 
 173 10.28 11.42 25.84 
 174 12.98 18.37 25.84 
 175 19.12 15.88 25.84 
 176 19.54  9.26 25.84 
 177 10.51  7.27 25.84 
 178  8.85 28.19 25.84 
 179 22.29 12.55 25.84 
 180 24.24  4.65 25.84 
 181 21.31 20.27 25.84 
 182 24.02 19.26 25.84 
 183 24.08  9.46 25.84 
 184 17.73  7.75 25.84 
 185 17.15  5.64 25.84 
 186 23.78  6.84 25.84 
 187 20.67  3.77 25.84 
 188 27.86 23.95 25.84 
 189 22.77 17.82 27.86 
 190 16.76  8.46 27.86 
 191 14.12 27.14 27.86 
 192 16.75  7.22 27.86 
 193 39.14  5.45 27.86 
 194 18.78 20.76 39.14 
 195 51.56 28.54 39.14 
 196 20.96 38.12 51.56 
 197 11.99 70.28 51.56 
 198 27.65 96.34 51.56 
 199 18.34 122.45 51.56 
 200 27.04 13.99 51.56 
 201 21.90 79.19 51.56 
 202 44.10 32.03 51.56 
 203 28.66 25.96 51.56 
 204 27.28 19.67 51.56 
 205 27.45 13.77 51.56 
 206 20.60 11.11 51.56 
 207 40.71 18.35 51.56 
 208 33.36 16.50 51.56 
 209 15.74 30.12 51.56 
 210 22.82 20.29 51.56 
 211 28.55 13.41 51.56 
 212 31.35 20.75 51.56 
 213 17.96 21.19 51.56 
 214 25.26 11.31 51.56 
 215 29.05 19.72 51.56 
 216 50.86 14.91 51.56 
 217 45.56 21.66 51.56 
 218 44.31 22.48 51.56 
 219 37.90 58.03 51.56 
 220 31.25 41.39 51.56 
 221 33.32 37.92 51.56 
 222 35.17 68.49 51.56 
 223 36.83 52.35 51.56 
 224 25.87 71.68 51.56 
 225 49.60 60.51 51.56 
 226 36.10 41.36 51.56 
 227 49.36 87.12 51.56 
 228 46.15 54.68 51.56 
 229 42.20 59.86 51.56 
 230 48.54 46.13 51.56 
 231 59.67 53.60 51.56 
 232 46.85 47.80 59.67 
 233 56.51 87.91 59.67 
 234 36.43 69.69 59.67 
 235 48.21 68.46 59.67 
 236 88.88 90.47 59.67 
 237 66.27 96.95 88.88 
 238 53.46 150.27 88.88 
 239 67.71 52.75 88.88 
 240 53.03 92.70 88.88 
 241 82.71 175.11 88.88 
 242 64.97 211.20 88.88 
 243 65.71 147.89 88.88 
 244 76.20 263.61 88.88 
 245 45.16 200.84 88.88 
 246 61.10 132.40 88.88 
 247 69.20 110.90 88.88 
 248 69.59 25.32 88.88 
 249 75.42 96.08 88.88 
 250 72.88 84.61 88.88 
 251 81.83 42.85 88.88 
 252 72.15 167.56 88.88 
 253 53.91 134.42 88.88 
 254 82.63 143.02 88.88 
 255 77.01 31.54 88.88 
 256 67.57 76.85 88.88 
 257 65.31 69.55 88.88 
 258 95.27 108.43 88.88 
 259 89.00 88.79 95.27 
 260 75.06 172.60 95.27 
 261 75.34 97.27 95.27 
 262 86.27 57.81 95.27 
 263 60.31 69.85 95.27 
 264 99.46 42.53 95.27 
 265 85.57 19.09 99.46 
 266 59.32 74.36 99.46 
 267 87.19 121.23 99.46 
 268 62.28 61.98 99.46 
 269 85.90 119.68 99.46 
 270 90.49 74.01 99.46 
 271 102.30 81.92 99.46 
 272 125.17 161.67 102.30 
 273 106.25 71.34 125.17 
 274 78.26 85.95 125.17 
 275 75.91 47.74 125.17 
 276 81.17 81.43 125.17 
 277 74.96 116.04 125.17 
 278 99.75 45.43 125.17 
 279 78.92 100.23 125.17 
 280 89.81 122.84 125.17 
 281 83.23 79.98 125.17 
 282 123.44 161.23 125.17 
 283 109.32 84.15 125.17 
 284 109.09 91.42 125.17 
 285 97.99 102.58 125.17 
 286 99.12 134.53 125.17 
 287 117.32 41.55 125.17 
 288 88.55 72.39 125.17 
 289 99.23 87.22 125.17 
 290 79.77 27.70 125.17 
 291 81.77 28.82 125.17 
 292 95.17 84.73 125.17 
 293 105.76 28.61 125.17 
 294 109.12 78.20 125.17 
 295 104.79 43.18 125.17 
 296 113.19 61.42 125.17 
 297 116.24 116.60 125.17 
 298 120.75 200.45 125.17 
 299 111.18 190.32 125.17 
 276 84.47 39.57 -100000000.00 
 277 86.91 18.38 84.47 
 278 85.50 57.88 86.91 
 279 72.07 38.58 86.91 
 280 73.06 90.38 86.91 
 281 80.96 134.95 86.91 
 282 121.97 148.44 86.91 
 283 85.29 90.21 121.97 
 284 104.58 71.43 121.97 
 285 94.44 63.93 121.97 
 286 83.22 21.86 121.97 
 287 59.92 78.64 121.97 
 288 95.56 33.52 121.97 
 289 76.55 52.85 121.97 
 290 92.99 21.79 121.97 
 291 71.11 90.78 121.97 
 292 75.31 46.37 121.97 
 293 93.01 24.26 121.97 
 294 104.77 25.00 121.97 
 295 100.56 92.65 121.97 
 296 113.05 95.80 121.97 
 297 101.47 67.59 121.97 
 298 113.38 73.04 121.97 
 299 128.44 144.57 121.97 
 300 140.15 36.08 128.44 
 301 117.08 53.87 140.15 
 302 101.86 43.15 140.15 
 303 126.90 51.13 140.15 
 304 135.16 69.01 140.15 
 305 133.30 27.76 140.15 
 306 112.65 36.61 140.15 
 307 132.21 49.32 140.15 
 308 167.89 107.60 140.15 
 309 122.23 73.73 167.89 
 310 135.84 160.56 167.89 
 311 160.72 173.22 167.89 
 312 132.69 98.27 167.89 
 313 128.84 108.44 167.89 
 314 117.74 36.12 167.89 
 315 144.92 47.13 167.89 
 316 128.65 111.72 167.89 
 317 166.71 113.47 167.89 
 318 156.96 99.45 167.89 
 319 163.80 126.52 167.89 
 320 160.38 149.24 167.89 
 321 144.42 163.56 167.89 
 322 207.05 199.23 167.89 
 323 154.57 189.12 207.05 
 324 162.22 118.38 207.05 
 325 168.84 105.11 207.05 
 326 163.48 118.02 207.05 
 327 203.89 115.21 207.05 
 328 216.59 125.14 207.05 
 329 194.01 155.82 216.59 
 330 226.65 129.02 216.59 
 331 203.65 150.53 226.65 
 332 174.79 187.65 226.65 
 333 186.76 69.31 226.65 
 334 219.44 182.46 226.65 
 335 207.88 152.19 226.65 
 336 205.14 143.75 226.65 
 337 208.58 96.30 226.65 
 338 176.00 94.04 226.65 
 339 205.90 212.57 226.65 
 340 229.06 183.44 226.65 
 341 187.00 133.15 229.06 
 342 228.30 107.11 229.06 
 343 208.14 164.51 229.06 
 344 230.32 169.54 229.06 
 345 242.56 127.75 230.32 
 346 218.76 227.22 242.56 
 347 207.59 141.16 242.56 
 348 227.62 169.34 242.56 
 349 190.48 165.56 242.56 
 350 284.76 149.40 242.56 
 351 247.76 257.23 284.76 
 352 242.69 218.45 284.76 
 353 269.96 186.43 284.76 
 354 301.18 174.49 284.76 
 355 267.23 192.13 301.18 
 356 339.47 248.85 301.18 
 357 268.06 257.39 339.47 
 358 313.43 237.50 339.47 
 359 326.01 221.05 339.47 
 360 383.69 306.22 339.47 
 361 236.35 299.33 383.69 
 362 271.96 459.34 383.69 
 363 290.75 348.07 383.69 
 364 372.12 461.71 383.69 
 365 349.90 385.35 383.69 
 366 347.72 406.41 383.69 
 367 354.49 351.58 383.69 
 368 380.33 239.40 383.69 
 369 263.65 333.62 383.69 
 370 351.47 333.74 383.69 
 371 406.80 469.42 383.69 
 372 356.12 371.26 406.80 
 373 407.15 428.27 406.80 
 374 341.98 433.22 407.15 
 375 370.71 381.69 407.15 
 376 409.40 388.60 407.15 
 377 411.00 376.62 409.40 
 378 526.36 537.84 411.00 
 379 482.37 298.88 526.36 
 380 490.06 472.92 526.36 
 381 485.72 428.18 526.36 
 382 469.57 378.84 526.36 
 383 398.33 431.66 526.36 
 384 516.96 247.03 526.36 
 385 400.58 125.72 526.36 
 386 376.34 291.84 526.36 
 387 464.21 333.43 526.36 
 388 456.72 301.83 526.36 
 389 436.58 336.72 526.36 
 390 496.05 550.27 526.36 
 391 442.32 599.26 526.36 
 392 425.30 452.86 526.36 
 393 478.27 529.51 526.36 
 394 475.45 496.22 526.36 
 395 499.81 457.43 526.36 
 396 567.08 240.22 526.36 
 397 594.37 227.20 567.08 
 398 572.70 391.08 594.37 
 399 551.83 272.05 594.37 
 400 594.19 344.08 594.37 
 401 577.60 412.06 594.37 
 402 595.97 521.41 594.37 
 403 570.38 604.01 595.97 
 404 584.09 696.09 595.97 
 405 663.94 678.61 595.97 
 406 663.02 583.93 663.94 
 407 559.46 575.20 663.94 
 408 692.28 486.72 663.94 
 409 677.88 511.70 692.28 
 410 670.91 640.90 692.28 
 411 686.98 609.47 692.28 
 412 558.02 653.02 692.28 
 413 730.28 641.65 692.28 
 414 789.13 669.64 730.28 
 415 735.57 642.60 789.13 
 416 669.64 752.65 789.13 
 417 722.88 625.24 789.13 
 418 829.44 807.77 789.13 
 419 726.38 755.89 829.44 
 420 705.52 1077.49 829.44 
 421 671.95 917.45 829.44 
 422 718.89 862.91 829.44 
 423 801.97 780.86 829.44 
 424 723.45 796.20 829.44 
 425 778.49 756.34 829.44 
 426 801.40 850.92 829.44 
 427 742.52 955.20 829.44 
 428 850.53 757.71 829.44 
 429 642.92 823.28 850.53 
 430 787.54 861.24 850.53 
 431 734.26 1031.68 850.53 
 432 799.17 896.91 850.53 
 433 920.80 958.95 850.53 
 434 892.40 908.82 920.80 
 435 880.44 1023.02 920.80 
 436 917.63 915.67 920.80 
 437 921.07 1041.44 920.80 
 438 887.06 946.06 921.07 
 439 927.63 1055.68 921.07 
 440 964.66 908.74 927.63 
 441 933.89 794.68 964.66 
 442 895.27 1117.86 964.66 
 443 1044.15 1360.39 964.66 
 444 1020.90 1432.98 1044.15 
 445 869.32 1266.13 1044.15 
 446 1053.47 1405.17 1044.15 
 447 952.84 1404.20 1053.47 
 448 1166.49 1177.95 1053.47 
 449 1054.73 1137.66 1166.49 
 450 1082.96 1107.35 1166.49 
 451 887.31 1000.37 1166.49 
 452 1029.96 1240.81 1166.49 
 453 1025.99 1274.61 1166.49 
 454 1164.22 1272.87 1166.49 
 455 1099.04 1301.33 1166.49 
 456 1082.35 1182.10 1166.49 
 457 1274.09 1213.01 1166.49 
 458 1003.62 1149.62 1274.09 
 459 1174.67 1184.58 1274.09 
 460 1228.36 1206.77 1274.09 
 461 1209.66 1194.16 1274.09 
 462 1172.45 1137.86 1274.09 
 463 1159.54 1443.69 1274.09 
 464 1188.89 1334.18 1274.09 
 465 1095.46 1351.88 1274.09 
 466 1237.84 1484.48 1274.09 
 467 1212.32 1275.10 1274.09 
 468 1092.13 1258.04 1274.09 
 469 1238.31 1244.08 1274.09 
 470 1227.63 1226.57 1274.09 
 471 1159.81 1612.57 1274.09 
 472 1177.21 1469.45 1274.09 
 473 1187.45 1290.67 1274.09 
 474 1230.75 1391.74 1274.09 
 475 1122.35 1744.31 1274.09 
 476 1265.50 1721.48 1274.09 
 477 1377.97 1881.19 1274.09 
 478 1314.72 1610.00 1377.97 
 479 1380.52 1316.34 1377.97 
 480 1294.00 1552.63 1380.52 
 481 1388.99 1762.19 1380.52 
 482 1419.00 1831.21 1388.99 
 483 1293.14 1780.70 1419.00 
 484 1347.61 1691.42 1419.00 
 485 1305.05 1657.39 1419.00 
 486 1424.59 1857.48 1419.00 
 487 1468.84 1793.70 1424.59 
 488 1507.78 1794.66 1468.84 
 489 1663.76 1923.55 1507.78 
 490 1495.47 1777.06 1663.76 
 491 1487.02 1753.72 1663.76 
 492 1581.16 1768.92 1663.76 
 493 1496.03 1580.93 1663.76 
 494 1739.49 1882.87 1663.76 
 495 1516.29 1967.78 1739.49 
 496 1483.06 1663.10 1739.49 
 497 1544.17 1696.11 1739.49 
 498 1544.28 1711.94 1739.49 
 499 1547.56 1957.92 1739.49 
