0.823055
0.737447
0.769458
0.622602
0.76979
0.691385
0.685517
0.830393
0.399803
0.586963
0.699071
0.694983
0.670306
0.628524
0.49052
0.522066
0.74646
0.593192
0.549224
0.730548
0.720721
0.479109
0.581099
0.455473
0.570064
0.792048
0.480534
0.572705
0.424258
0.48822
0.544071
0.531278
0.581247
0.567668
0.516615
0.537664
0.576394
0.482816
0.509288
0.39352
0.390973
0.463328
0.487441
0.446467
0.53025
0.433838
0.451023
0.450909
0.401304
0.460783
0.380482
0.416486
0.463566
0.409422
0.393735
0.406331
0.410698
0.345246
0.403353
0.374627
0.316628
0.328265
0.32177
0.275963
0.265021
0.278165
0.249633
0.265972
0.242693
0.228775
0.24728
0.19146
0.195901
0.203666
0.165617
0.164373
0.153025
0.133198
0.140276
0.136232
0.124784
0.114021
0.113992
0.128453
0.109954
0.11318
0.106092
0.098538
0.0853981
0.0670972
0.0765391
0.0718444
0.083585
0.0616826
0.0605339
0.0553801
0.0562077
0.0590016
0.0621584
0.0547175
