0.792632
0.704914
0.59505
0.571814
0.772995
0.802925
0.65975
0.620039
0.458751
0.621518
0.66591
0.58452
0.713555
0.598728
0.473236
0.550864
0.773109
0.661106
0.547469
0.598726
0.690121
0.684156
0.62211
0.469301
0.633166
0.68858
0.591126
0.320709
0.518293
0.603066
0.677091
0.541722
0.495805
0.545799
0.582336
0.586404
0.573615
0.496372
0.6954
0.698324
0.59158
0.538689
0.659054
0.638523
0.537576
0.625633
0.422819
0.485761
0.379077
0.499981
0.611145
0.599107
0.500359
0.530687
0.368598
0.546083
0.496838
0.573915
0.383434
0.587079
0.448654
0.538294
0.46084
0.43462
0.409327
0.453793
0.427937
0.540336
0.626751
0.372824
0.550477
0.375485
0.399983
0.284758
0.447957
0.484112
0.51101
0.448951
0.41175
0.495061
0.470471
0.503396
0.411179
0.486737
0.415488
0.374309
0.446309
0.393275
0.42957
0.451741
0.406613
0.393757
0.372489
0.362802
0.379705
0.355105
0.331946
0.297813
0.311333
0.305342
