Iter | Sampling Pol | Evaluation Pol | Best (Sampled) 
   0 -6.21 -5.18 -100000000.00 
   1 -5.91 -5.40 -6.21 
   2 -5.87 -4.96 -5.91 
   3 -5.82 -4.81 -5.87 
   4 -5.47 -4.46 -5.82 
   5 -4.87 -4.42 -5.47 
   6 -4.79 -4.32 -4.87 
   7 -4.95 -4.36 -4.79 
   8 -5.04 -4.38 -4.79 
   9 -4.40 -4.23 -4.79 
  10 -4.61 -4.17 -4.40 
  11 -4.30 -4.48 -4.40 
  12 -4.29 -4.29 -4.30 
  13 -3.93 -4.10 -4.29 
  14 -4.36 -4.31 -3.93 
  15 -4.17 -4.06 -3.93 
  16 -3.98 -4.03 -3.93 
  17 -3.77 -4.14 -3.93 
  18 -4.09 -4.02 -3.77 
  19 -3.89 -4.10 -3.77 
  20 -3.46 -4.06 -3.77 
  21 -3.53 -3.84 -3.46 
  22 -3.82 -3.09 -3.46 
  23 -2.92 -2.18 -3.46 
  24 -3.52 -3.35 -2.92 
  25 -2.96 -3.38 -2.92 
  26 -2.30 -3.24 -2.92 
  27 -2.51 -3.18 -2.30 
  28 -3.46 -2.48 -2.30 
  29 -3.31 -2.01 -2.30 
  30 -2.81 -2.74 -2.30 
  31 -2.50 -3.16 -2.30 
  32 -2.16 -2.91 -2.30 
  33 -3.20 -2.84 -2.16 
  34 -2.74 -1.98 -2.16 
  35 -1.82 -1.78 -2.16 
  36 -1.59 -2.78 -1.82 
  37 -2.51 -2.74 -1.59 
  38 -2.74 -2.82 -1.59 
  39 -2.08 -2.79 -1.59 
  40 -1.84 -2.96 -1.59 
  41 -1.14 -2.93 -1.59 
  42 -1.49 -2.17 -1.14 
  43 -1.22 -2.77 -1.14 
  44 -0.86 -2.82 -1.14 
  45 -1.47 -2.96 -0.86 
  46 -1.32 -2.02 -0.86 
  47 -0.37 -2.89 -0.86 
  48 -0.35 -1.74 -0.37 
  49 -0.65 -1.30 -0.35 
  50 -1.39 -2.89 -0.35 
  51 -0.72 -2.60 -0.35 
  52  0.41 -1.70 -0.35 
  53  1.13 -2.84  0.41 
  54  0.86 -2.73  1.13 
  55  1.30 -2.88  1.13 
  56 -0.25 -0.53  1.30 
  57  2.39  0.83  1.30 
  58  3.72 -2.10  2.39 
  59  1.34 -1.83  3.72 
  60  2.55 -1.14  3.72 
  61  1.01 -0.20  3.72 
  62 -0.38  1.41  3.72 
  63  1.34 -2.29  3.72 
  64  2.24 -0.46  3.72 
  65  3.99 -1.61  3.72 
  66  2.64  0.88  3.99 
  67  4.85 -0.94  3.99 
  68  3.66 -0.20  4.85 
  69  3.12 -1.29  4.85 
  70  4.70 -0.94  4.85 
  71  2.93 -1.01  4.85 
  72  2.88 -1.01  4.85 
  73  4.70 -2.49  4.85 
  74  3.31  1.42  4.85 
  75  5.89 -1.62  4.85 
  76  5.12 -2.33  5.89 
  77  4.87 -2.08  5.89 
  78  3.53  0.37  5.89 
  79  6.10 -1.95  5.89 
  80  5.19  0.01  6.10 
  81  5.68  1.60  6.10 
  82  5.76  1.87  6.10 
  83  9.60  5.90  6.10 
  84  6.59  3.21  9.60 
  85  5.88  0.03  9.60 
  86  8.71 -0.88  9.60 
  87  6.63  1.68  9.60 
  88  9.18 -1.00  9.60 
  89  7.68 -0.60  9.60 
  90  8.42  3.27  9.60 
  91 10.20  3.82  9.60 
  92  6.73 -0.38 10.20 
  93  9.61  9.26 10.20 
  94  8.88  2.91 10.20 
  95 10.28  0.89 10.20 
  96 11.88 -0.47 10.28 
  97 10.17  1.11 11.88 
  98 11.98  1.81 11.88 
  99  9.51  3.74 11.98 
 100 11.15  4.08 11.98 
 101 12.21  2.13 11.98 
 102 11.25 -0.43 12.21 
 103 13.13  0.42 12.21 
 104 14.84  4.74 13.13 
 105 17.02  5.38 14.84 
 106 20.52  2.82 17.02 
 107 13.07  1.71 20.52 
 108 13.48  7.61 20.52 
 109 13.94  5.26 20.52 
 110 17.54  5.08 20.52 
 111 14.29  4.38 20.52 
 112 22.43  1.45 20.52 
 113 16.37  6.29 22.43 
 114 14.12 11.16 22.43 
 115 17.03  6.44 22.43 
 116 21.54  8.33 22.43 
 117 19.57  7.87 22.43 
 118 17.44 16.23 22.43 
 119 19.34  2.05 22.43 
 120 13.00  4.22 22.43 
 121 20.75  2.08 22.43 
 122 26.06 13.85 22.43 
 123 17.24 15.88 26.06 
 124 19.13 12.57 26.06 
 125 24.32 12.35 26.06 
 126 19.46 29.35 26.06 
 127 23.75  9.46 26.06 
 128 31.49 28.86 26.06 
 129 20.81 10.62 31.49 
 130 28.44 11.85 31.49 
 131 24.01  8.34 31.49 
 132 27.78  7.67 31.49 
 133 18.55  9.82 31.49 
 134 23.16 18.01 31.49 
 135 25.76  8.32 31.49 
 136 23.19  9.27 31.49 
 137 29.54 12.64 31.49 
 138 31.86 28.36 31.49 
 139 25.50 36.32 31.86 
 140 24.73 61.94 31.86 
 141 23.05 11.26 31.86 
 142 25.03 12.71 31.86 
 143 27.05 16.14 31.86 
 144 28.45 24.94 31.86 
 145 33.04 18.58 31.86 
 146 30.86  4.64 33.04 
 147 23.81  9.46 33.04 
 148 28.19  7.29 33.04 
 149 26.16  6.58 33.04 
 150 28.70  9.01 33.04 
 151 35.35  7.28 33.04 
 152 22.32 25.34 35.35 
 153 39.86  7.87 35.35 
 154 43.67  9.13 39.86 
 155 33.13  5.61 43.67 
 156 30.13  9.81 43.67 
 157 40.47  8.60 43.67 
 158 36.16  3.14 43.67 
 159 42.40 28.01 43.67 
 160 31.66 16.95 43.67 
 161 40.35 18.30 43.67 
 162 24.15 12.56 43.67 
 163 30.35 10.89 43.67 
 164 44.06  6.37 43.67 
 165 44.31  5.89 44.06 
 166 36.01  9.64 44.31 
 167 41.05 11.38 44.31 
 168 40.68 18.22 44.31 
 169 46.67 26.03 44.31 
 170 49.60 10.40 46.67 
 171 39.86  7.84 49.60 
 172 40.66 24.51 49.60 
 173 47.59 19.20 49.60 
 174 33.18 11.29 49.60 
 175 38.30 16.91 49.60 
 176 41.96 25.23 49.60 
 177 45.45 26.43 49.60 
 178 39.95 12.63 49.60 
 179 43.51 12.92 49.60 
 180 55.90  9.77 49.60 
 181 47.97 16.53 55.90 
 182 39.34 19.45 55.90 
 183 40.24 37.89 55.90 
 184 72.31 39.97 55.90 
 185 44.95 32.80 72.31 
 186 59.80 41.41 72.31 
 187 62.29 76.41 72.31 
 188 54.44 18.89 72.31 
 189 67.71 19.24 72.31 
 190 65.92 44.44 72.31 
 191 54.97 41.28 72.31 
 192 57.39 56.03 72.31 
 193 67.38 29.40 72.31 
 194 70.91 33.92 72.31 
 195 69.87 51.41 72.31 
 196 64.45 74.40 72.31 
 197 64.63 89.04 72.31 
 198 62.83 60.66 72.31 
 199 60.65 36.59 72.31 
 200 86.29 82.68 72.31 
 201 68.97 37.08 86.29 
 202 67.42 24.99 86.29 
 203 72.40 20.73 86.29 
 204 58.20 89.71 86.29 
 205 76.58 132.51 86.29 
 206 75.58 34.78 86.29 
 207 83.49 38.88 86.29 
 208 67.00 86.16 86.29 
 209 66.07 54.60 86.29 
 210 76.68 57.80 86.29 
 211 88.03 65.08 86.29 
 212 86.97 63.91 88.03 
 213 83.68 28.54 88.03 
 214 41.85 81.59 88.03 
 215 65.71 39.80 88.03 
 216 77.71 40.94 88.03 
 217 97.75 71.29 88.03 
 218 103.49 121.85 97.75 
 219 77.78 32.51 103.49 
 220 97.00 42.48 103.49 
 221 102.71 73.55 103.49 
 222 99.89 35.11 103.49 
 223 115.78 31.08 103.49 
 224 88.96 69.48 115.78 
 225 126.79 30.18 115.78 
 226 102.21 25.66 126.79 
 227 83.81 73.89 126.79 
 228 95.06 98.21 126.79 
 229 73.21 113.25 126.79 
 230 79.79 49.11 126.79 
 231 70.40 67.29 126.79 
 232 91.67 61.69 126.79 
 233 106.86 72.10 126.79 
 234 98.28 206.90 126.79 
 235 107.91 195.64 126.79 
 236 106.74 71.60 126.79 
 237 108.41 112.98 126.79 
 238 82.50 157.59 126.79 
 239 116.52 176.58 126.79 
 240 92.13 249.49 126.79 
 241 117.10 77.08 126.79 
 242 91.38 147.66 126.79 
 243 87.48 119.17 126.79 
 244 125.35 83.84 126.79 
 245 101.22 55.64 126.79 
 246 87.11 46.88 126.79 
 247 117.81 98.53 126.79 
 248 123.40 86.60 126.79 
 249 102.15 108.05 126.79 
 250 129.77 162.92 126.79 
 251 110.77 201.95 129.77 
 252 126.97 113.58 129.77 
 253 157.05 95.03 129.77 
 254 153.86 139.59 157.05 
 255 131.78 149.82 157.05 
 256 132.01 173.65 157.05 
 257 134.29 122.45 157.05 
 258 204.45 188.05 157.05 
 259 176.60 104.80 204.45 
 260 155.42 92.41 204.45 
 261 161.53 124.09 204.45 
 262 234.17 146.34 204.45 
 263 143.62 72.38 234.17 
 264 220.78 94.20 234.17 
 265 181.20 100.70 234.17 
 266 141.16 75.03 234.17 
 267 172.65 106.15 234.17 
 268 179.84 82.87 234.17 
 269 149.83 74.56 234.17 
 270 204.65 81.11 234.17 
 271 166.43 69.62 234.17 
 272 265.46 98.16 234.17 
 273 233.74 111.96 265.46 
 274 185.70 103.01 265.46 
 275 187.74 178.29 265.46 
 276 172.55 143.31 265.46 
 277 151.28 132.42 265.46 
 278 179.36 183.38 265.46 
 279 236.52 180.51 265.46 
 280 172.65 211.85 265.46 
 281 180.06 88.66 265.46 
 282 241.72 129.72 265.46 
 283 250.65 143.87 265.46 
 284 246.97 209.58 265.46 
 285 191.18 130.94 265.46 
 286 268.79 60.85 265.46 
 287 228.66 225.14 268.79 
 288 236.44 170.70 268.79 
 289 295.60 126.01 268.79 
 290 235.98 105.01 295.60 
 291 232.33 100.57 295.60 
 292 284.69 38.76 295.60 
 293 300.96 114.55 295.60 
 294 294.68 136.48 300.96 
 295 219.41 74.19 300.96 
 296 244.44 116.16 300.96 
 297 290.68 111.06 300.96 
 298 248.41 219.59 300.96 
 299 243.73 264.23 300.96 
 276 231.49 75.71 -100000000.00 
 277 220.69 70.18 231.49 
 278 215.00 102.81 231.49 
 279 226.68 166.27 231.49 
 280 236.88 139.80 231.49 
 281 206.34 171.47 236.88 
 282 262.48 273.44 236.88 
 283 203.33 183.32 262.48 
 284 197.70 129.02 262.48 
 285 180.53 96.10 262.48 
 286 172.01 128.89 262.48 
 287 184.03 116.22 262.48 
 288 241.60 137.56 262.48 
 289 193.26 145.25 262.48 
 290 201.60 120.40 262.48 
 291 227.23 79.41 262.48 
 292 204.39 86.12 262.48 
 293 233.01 94.88 262.48 
 294 322.65 113.43 262.48 
 295 219.95 105.92 322.65 
 296 205.91 77.69 322.65 
 297 192.54 162.56 322.65 
 298 223.31 153.99 322.65 
 299 213.50 94.62 322.65 
 300 250.11 157.42 322.65 
 301 263.72 176.08 322.65 
 302 251.51 92.04 322.65 
 303 279.43 181.57 322.65 
 304 209.59 94.90 322.65 
 305 293.52 174.61 322.65 
 306 211.15 216.14 322.65 
 307 256.77 203.06 322.65 
 308 284.78 136.32 322.65 
 309 222.92 272.62 322.65 
 310 365.02 143.47 322.65 
 311 338.00 109.01 365.02 
 312 334.76 178.42 365.02 
 313 310.51 79.90 365.02 
 314 322.76 61.82 365.02 
 315 345.36 133.28 365.02 
 316 301.17 221.91 365.02 
 317 387.40 165.02 365.02 
 318 318.01 135.97 387.40 
 319 371.08 113.30 387.40 
 320 431.59 106.43 387.40 
 321 352.10 84.23 431.59 
 322 359.23 159.60 431.59 
 323 354.63 190.77 431.59 
 324 401.17 112.18 431.59 
 325 410.94 64.75 431.59 
 326 399.75 104.28 431.59 
 327 371.53 129.81 431.59 
 328 425.43 210.11 431.59 
 329 436.43 305.68 431.59 
 330 433.51 107.60 436.43 
 331 513.52 197.39 436.43 
 332 496.58 115.76 513.52 
 333 478.19 82.23 513.52 
 334 565.40 80.42 513.52 
 335 432.61 163.50 565.40 
 336 513.69 245.41 565.40 
 337 489.48 264.57 565.40 
 338 475.73 189.34 565.40 
 339 468.50 284.96 565.40 
 340 530.83 207.77 565.40 
 341 521.95 215.14 565.40 
 342 530.83 292.66 565.40 
 343 530.63 169.90 565.40 
 344 621.93 215.64 565.40 
 345 565.51 329.92 621.93 
 346 583.88 263.02 621.93 
 347 607.84 303.66 621.93 
 348 667.76 216.44 621.93 
 349 497.79 266.34 667.76 
 350 596.66 252.57 667.76 
 351 506.96 251.90 667.76 
 352 540.84 288.52 667.76 
 353 602.68 339.28 667.76 
 354 584.70 239.20 667.76 
 355 512.06 339.04 667.76 
 356 599.84 339.80 667.76 
 357 526.60 398.29 667.76 
 358 542.15 379.45 667.76 
 359 490.82 247.01 667.76 
 360 602.56 395.98 667.76 
 361 540.60 255.39 667.76 
 362 653.22 308.64 667.76 
 363 711.25 322.40 667.76 
 364 698.35 279.69 711.25 
 365 690.85 297.95 711.25 
 366 727.88 316.30 711.25 
 367 735.73 281.57 727.88 
 368 667.53 344.65 735.73 
 369 726.90 277.70 735.73 
 370 687.43 344.17 735.73 
 371 839.05 440.11 735.73 
 372 611.42 402.45 839.05 
 373 725.99 352.22 839.05 
 374 680.82 469.55 839.05 
 375 807.96 573.75 839.05 
 376 715.92 374.16 839.05 
 377 733.30 496.62 839.05 
 378 770.71 537.77 839.05 
 379 842.10 477.18 839.05 
 380 813.33 537.99 842.10 
 381 744.24 623.90 842.10 
 382 727.36 475.20 842.10 
 383 683.84 404.32 842.10 
 384 710.50 504.35 842.10 
 385 721.16 334.17 842.10 
 386 815.11 452.84 842.10 
 387 836.02 351.71 842.10 
 388 948.66 454.82 842.10 
 389 748.36 487.30 948.66 
 390 859.87 493.38 948.66 
 391 774.57 445.11 948.66 
 392 799.79 353.98 948.66 
 393 879.02 353.84 948.66 
 394 836.26 244.63 948.66 
 395 878.98 280.77 948.66 
 396 956.94 223.36 948.66 
 397 914.50 516.48 956.94 
 398 855.33 479.09 956.94 
 399 939.89 401.41 956.94 
 400 945.30 294.30 956.94 
 401 923.85 390.21 956.94 
 402 883.54 413.46 956.94 
 403 969.97 434.40 956.94 
 404 982.12 428.09 969.97 
 405 944.69 352.85 982.12 
 406 998.01 700.44 982.12 
 407 911.96 450.95 998.01 
 408 976.64 732.36 998.01 
 409 908.79 506.39 998.01 
 410 963.85 575.35 998.01 
 411 1036.25 472.17 998.01 
 412 906.03 545.41 1036.25 
 413 1123.81 432.04 1036.25 
 414 1011.23 550.65 1123.81 
 415 987.31 582.87 1123.81 
 416 1103.56 632.14 1123.81 
 417 1149.15 878.22 1123.81 
 418 966.00 792.36 1149.15 
 419 1096.29 657.02 1149.15 
 420 1044.33 645.60 1149.15 
 421 1106.03 821.84 1149.15 
 422 1169.48 671.80 1149.15 
 423 1074.90 673.34 1169.48 
 424 1065.13 580.56 1169.48 
 425 1071.29 517.92 1169.48 
 426 1171.95 624.82 1169.48 
 427 1089.89 716.56 1171.95 
 428 1165.81 597.03 1171.95 
 429 1002.60 615.87 1171.95 
 430 1312.29 704.28 1171.95 
 431 1190.62 830.35 1312.29 
 432 1129.64 880.16 1312.29 
 433 1176.14 791.62 1312.29 
 434 1171.25 822.00 1312.29 
 435 1321.94 842.63 1312.29 
 436 1147.49 1049.19 1321.94 
 437 1196.75 656.67 1321.94 
 438 1183.12 727.32 1321.94 
 439 1357.79 645.79 1321.94 
 440 1418.55 979.18 1357.79 
 441 1382.13 880.60 1418.55 
 442 1390.60 939.48 1418.55 
 443 1167.39 975.39 1418.55 
 444 1225.93 1008.55 1418.55 
 445 1204.76 920.08 1418.55 
 446 1309.81 832.95 1418.55 
 447 1170.18 766.74 1418.55 
 448 1328.50 975.86 1418.55 
 449 1311.90 858.11 1418.55 
 450 1311.82 1045.21 1418.55 
 451 1330.50 953.89 1418.55 
 452 1249.66 848.39 1418.55 
 453 1281.78 953.75 1418.55 
 454 1378.90 1106.17 1418.55 
 455 1313.94 765.03 1418.55 
 456 1220.14 853.96 1418.55 
 457 1412.71 1082.77 1418.55 
 458 1303.03 943.62 1418.55 
 459 1274.16 1048.86 1418.55 
 460 1477.44 992.89 1418.55 
 461 1354.24 962.25 1477.44 
 462 1432.38 1138.77 1477.44 
 463 1406.88 979.32 1477.44 
 464 1521.78 1164.45 1477.44 
 465 1532.16 1321.30 1521.78 
 466 1456.14 1060.23 1532.16 
 467 1442.94 995.70 1532.16 
 468 1375.96 1136.31 1532.16 
 469 1516.54 1094.93 1532.16 
 470 1444.02 1326.53 1532.16 
 471 1546.10 1080.92 1532.16 
 472 1439.79 1295.78 1546.10 
 473 1535.75 1178.88 1546.10 
 474 1404.57 1090.29 1546.10 
 475 1343.07 1046.67 1546.10 
 476 1539.66 920.50 1546.10 
 477 1403.98 1073.62 1546.10 
 478 1373.09 1068.17 1546.10 
 479 1475.23 831.34 1546.10 
 480 1486.23 850.09 1546.10 
 481 1498.28 1057.26 1546.10 
 482 1507.05 1011.75 1546.10 
 483 1612.11 1158.54 1546.10 
 484 1674.20 1077.66 1612.11 
 485 1523.47 1030.09 1674.20 
 486 1563.46 1220.33 1674.20 
 487 1493.05 1180.40 1674.20 
 488 1631.78 1179.56 1674.20 
 489 1837.56 1165.84 1674.20 
 490 1452.53 1162.67 1837.56 
 491 1520.33 1161.59 1837.56 
 492 1754.14 1290.05 1837.56 
 493 1665.41 1319.99 1837.56 
 494 1718.61 1344.49 1837.56 
 495 1657.71 1316.08 1837.56 
 496 1605.73 1422.25 1837.56 
 497 1837.93 1289.39 1837.56 
 498 1709.63 1423.25 1837.93 
 499 1856.77 1293.87 1837.93 
