Iter | Sampling Pol | Evaluation Pol | Best (Sampled) 
   0 -5.85 -5.88 -100000000.00 
   1 -5.40 -5.59 -5.85 
   2 -5.50 -5.54 -5.40 
   3 -5.82 -5.50 -5.40 
   4 -5.44 -5.64 -5.40 
   5 -5.31 -5.40 -5.40 
   6 -5.12 -5.81 -5.31 
   7 -5.28 -4.17 -5.12 
   8 -5.34 -5.35 -5.12 
   9 -4.54 -4.79 -5.12 
  10 -5.05 -4.82 -4.54 
  11 -4.43 -3.96 -4.54 
  12 -4.51 -2.66 -4.43 
  13 -4.11  0.54 -4.43 
  14 -4.16  0.00 -4.11 
  15 -4.01 -4.04 -4.11 
  16 -3.68 -4.53 -4.01 
  17 -3.25 -4.34 -3.68 
  18 -3.24 -4.71 -3.25 
  19 -3.12 -0.30 -3.24 
  20 -3.62 11.92 -3.12 
  21 -3.17 28.50 -3.12 
  22 -2.20  5.73 -3.12 
  23 -3.06 14.34 -2.20 
  24 -2.95 10.61 -2.20 
  25 -2.40  2.96 -2.20 
  26 -2.63  4.47 -2.20 
  27 -2.41  1.68 -2.20 
  28 -2.89  0.09 -2.20 
  29 -1.94 -2.86 -2.20 
  30 -1.74 -0.90 -1.94 
  31 -2.22 -0.78 -1.74 
  32 -1.44 -1.31 -1.74 
  33 -0.78  2.54 -1.44 
  34 -0.86  2.35 -0.78 
  35  0.18  0.38 -0.78 
  36 -0.14  8.34  0.18 
  37  1.00  0.35  0.18 
  38 -0.21  7.29  1.00 
  39  0.40  5.78  1.00 
  40  2.02 12.00  1.00 
  41  1.65  7.36  2.02 
  42  5.50  3.33  2.02 
  43  4.09 11.01  5.50 
  44  2.96  8.95  5.50 
  45  0.35  9.04  5.50 
  46  1.48 17.48  5.50 
  47  3.72 20.60  5.50 
  48  3.94 11.85  5.50 
  49  9.55 12.76  5.50 
  50  4.72 16.68  9.55 
  51  5.10  9.18  9.55 
  52  7.08 10.63  9.55 
  53  6.10 23.88  9.55 
  54  8.17  8.35  9.55 
  55 10.19 17.02  9.55 
  56  7.04 14.65 10.19 
  57 10.85 16.40 10.19 
  58  9.63 20.36 10.85 
  59  7.68 19.31 10.85 
  60 10.35 102.32 10.85 
  61  9.07 17.90 10.85 
  62 16.34 17.16 10.85 
  63 12.55 16.48 16.34 
  64  9.07 21.05 16.34 
  65 13.91 33.33 16.34 
  66 17.50 17.46 16.34 
  67 11.76 21.72 17.50 
  68 25.35 58.90 17.50 
  69 14.58 23.14 25.35 
  70 17.73 24.62 25.35 
  71 22.53 16.63 25.35 
  72 20.42 14.41 25.35 
  73 23.14 18.87 25.35 
  74 23.20 37.68 25.35 
  75 20.30 54.49 25.35 
  76 18.59 44.74 25.35 
  77 31.17 44.34 25.35 
  78 20.26 36.35 31.17 
  79 25.32 36.55 31.17 
  80 32.14 34.90 31.17 
  81 25.50 37.63 32.14 
  82 36.41 35.83 32.14 
  83 29.58 37.25 36.41 
  84 34.33 44.90 36.41 
  85 33.39 40.39 36.41 
  86 38.93 46.75 36.41 
  87 35.53 39.40 38.93 
  88 39.53 48.98 38.93 
  89 38.32 42.03 39.53 
  90 39.62 48.58 39.53 
  91 31.84 42.79 39.62 
  92 40.46 35.42 39.62 
  93 43.47 36.09 40.46 
  94 52.54 37.48 43.47 
  95 39.42 42.12 52.54 
  96 51.16 33.61 52.54 
  97 51.24 37.47 52.54 
  98 55.80 30.07 52.54 
  99 36.22 36.45 55.80 
 100 65.86 19.67 55.80 
 101 71.34 24.41 65.86 
 102 69.16 28.73 71.34 
 103 69.81 22.46 71.34 
 104 73.82 36.81 71.34 
 105 83.68 56.71 73.82 
 106 68.47 40.56 83.68 
 107 81.17 40.52 83.68 
 108 58.29 43.88 83.68 
 109 80.23 51.78 83.68 
 110 71.68 62.30 83.68 
 111 60.38 38.67 83.68 
 112 77.29 59.45 83.68 
 113 78.01 36.93 83.68 
 114 66.34 34.60 83.68 
 115 83.99 45.30 83.68 
 116 69.57 41.09 83.99 
 117 85.24 55.23 83.99 
 118 105.33 60.30 85.24 
 119 67.08 50.53 105.33 
 120 84.31 24.36 105.33 
 121 91.02 41.50 105.33 
 122 100.06 54.45 105.33 
 123 79.24 60.73 105.33 
 124 98.30 49.61 105.33 
 125 115.44 49.47 105.33 
 126 148.20 48.11 115.44 
 127 113.64 44.75 148.20 
 128 135.82 74.97 148.20 
 129 118.41 48.32 148.20 
 130 126.20 53.85 148.20 
 131 115.89 42.97 148.20 
 132 149.93 44.38 148.20 
 133 137.82 61.90 149.93 
 134 143.18 72.58 149.93 
 135 182.24 111.40 149.93 
 136 112.37 86.93 182.24 
 137 174.44 95.32 182.24 
 138 166.77 82.45 182.24 
 139 178.67 131.49 182.24 
 140 217.02 119.41 182.24 
 141 171.79 121.67 217.02 
 142 160.84 105.32 217.02 
 143 193.63 133.44 217.02 
 144 188.26 143.89 217.02 
 145 165.99 123.42 217.02 
 146 184.67 137.85 217.02 
 147 194.82 172.94 217.02 
 148 173.27 163.77 217.02 
 149 208.56 139.38 217.02 
 150 219.01 138.00 217.02 
 151 177.89 128.92 219.01 
 152 203.93 134.89 219.01 
 153 176.96 187.59 219.01 
 154 189.81 166.45 219.01 
 155 167.18 211.80 219.01 
 156 202.46 228.29 219.01 
 157 249.27 174.37 219.01 
 158 182.50 225.03 249.27 
 159 201.74 227.58 249.27 
 160 215.10 177.89 249.27 
 161 230.95 215.38 249.27 
 162 224.51 185.25 249.27 
 163 215.77 193.25 249.27 
 164 240.68 186.35 249.27 
 165 242.96 186.31 249.27 
 166 235.24 155.78 249.27 
 167 236.87 197.10 249.27 
 168 226.59 234.31 249.27 
 169 218.70 195.65 249.27 
 170 219.74 198.02 249.27 
 171 232.40 204.25 249.27 
 172 246.16 257.94 249.27 
 173 239.35 222.05 249.27 
 174 271.45 216.42 249.27 
 175 253.98 183.61 271.45 
 176 210.60 122.36 271.45 
 177 242.18 114.90 271.45 
 178 219.18 136.07 271.45 
 179 270.03 150.71 271.45 
 180 272.45 219.94 271.45 
 181 298.91 228.73 272.45 
 182 255.98 187.66 298.91 
 183 259.12 208.68 298.91 
 184 332.47 135.49 298.91 
 185 338.77 265.70 332.47 
 186 348.90 163.93 338.77 
 187 320.55 273.61 348.90 
 188 314.94 229.11 348.90 
 189 323.77 263.82 348.90 
 190 348.37 273.36 348.90 
 191 290.82 252.91 348.90 
 192 305.80 204.12 348.90 
 193 309.39 190.08 348.90 
 194 308.54 200.33 348.90 
 195 380.03 266.10 348.90 
 196 345.13 256.78 380.03 
 197 293.36 214.23 380.03 
 198 324.05 263.84 380.03 
 199 322.83 225.37 380.03 
 200 394.65 206.27 380.03 
 201 358.63 216.16 394.65 
 202 374.07 166.65 394.65 
 203 357.16 264.73 394.65 
 204 372.54 207.72 394.65 
 205 359.19 251.68 394.65 
 206 419.49 471.81 394.65 
 207 418.24 243.18 419.49 
 208 485.10 346.49 419.49 
 209 492.05 272.29 485.10 
 210 436.08 267.10 492.05 
 211 434.64 268.78 492.05 
 212 475.66 300.52 492.05 
 213 477.77 325.67 492.05 
 214 471.20 405.61 492.05 
 215 442.10 343.29 492.05 
 216 485.11 309.35 492.05 
 217 398.88 251.24 492.05 
 218 574.58 417.80 492.05 
 219 464.46 267.46 574.58 
 220 518.95 388.69 574.58 
 221 565.22 389.96 574.58 
 222 554.73 415.15 574.58 
 223 636.37 442.55 574.58 
 224 479.59 533.86 636.37 
 225 605.62 398.63 636.37 
 226 480.63 417.09 636.37 
 227 559.01 440.18 636.37 
 228 616.66 400.79 636.37 
 229 534.46 586.53 636.37 
 230 595.47 589.00 636.37 
 231 609.74 504.43 636.37 
 232 715.91 428.30 636.37 
 233 641.81 456.84 715.91 
 234 638.85 470.90 715.91 
 235 766.27 661.32 715.91 
 236 660.14 549.69 766.27 
 237 758.51 552.11 766.27 
 238 776.73 398.86 766.27 
 239 767.60 549.54 776.73 
 240 725.44 598.93 776.73 
 241 741.89 543.89 776.73 
 242 794.71 483.04 776.73 
 243 692.71 548.22 794.71 
 244 714.45 435.99 794.71 
 245 734.51 491.75 794.71 
 246 757.54 547.79 794.71 
 247 737.90 511.42 794.71 
 248 851.53 485.54 794.71 
 249 812.82 649.36 851.53 
 250 942.75 595.17 851.53 
 251 813.71 533.05 942.75 
 252 866.51 518.19 942.75 
 253 879.73 516.32 942.75 
 254 931.99 671.54 942.75 
 255 945.04 631.64 942.75 
 256 943.14 631.49 945.04 
 257 853.17 628.08 945.04 
 258 967.12 648.31 945.04 
 259 976.95 620.09 967.12 
 260 1007.23 387.64 976.95 
 261 986.74 685.24 1007.23 
 262 905.22 567.88 1007.23 
 263 911.92 647.82 1007.23 
 264 1055.47 470.95 1007.23 
 265 1099.94 408.38 1055.47 
 266 922.17 633.38 1099.94 
 267 1133.67 669.33 1099.94 
 268 1081.18 614.15 1133.67 
 269 991.19 442.52 1133.67 
 270 1127.61 323.58 1133.67 
 271 1252.50 294.50 1133.67 
 272 1157.55 524.77 1252.50 
 273 1174.12 349.73 1252.50 
 274 1117.07 297.94 1252.50 
 275 1135.08 473.74 1252.50 
 276 1281.58 284.97 1252.50 
 277 1213.05 355.03 1281.58 
 278 1230.11 325.53 1281.58 
 279 1345.92 500.34 1281.58 
 280 1209.07 466.43 1345.92 
 281 1234.45 331.48 1345.92 
 282 1254.74 481.98 1345.92 
 283 1399.81 506.33 1345.92 
 284 1340.56 515.62 1399.81 
 285 1257.99 571.46 1399.81 
 286 1341.00 460.50 1399.81 
 287 1386.44 447.81 1399.81 
 288 1270.18 442.43 1399.81 
 289 1156.92 278.56 1399.81 
 290 1334.69 365.60 1399.81 
 291 1319.25 369.00 1399.81 
 292 1421.45 378.89 1399.81 
 293 1415.94 401.02 1421.45 
 294 1435.87 532.70 1421.45 
 295 1377.64 481.55 1435.87 
 296 1445.73 629.87 1435.87 
 297 1618.34 596.16 1445.73 
 298 1488.10 720.39 1618.34 
 299 1490.86 661.87 1618.34 
