Iter | Sampling Pol | Evaluation Pol | Best (Sampled) 
   0 -7.48 -5.80 -100000000.00 
   1 -7.08 -5.20 -7.48 
   2 -5.87 -4.97 -7.08 
   3 -5.45 -2.89 -5.87 
   4 -4.87 -4.65 -5.45 
   5 -4.34 -4.60 -4.87 
   6 -3.83 -4.52 -4.34 
   7 -3.67 -4.47 -3.83 
   8 -3.53 -4.11 -3.67 
   9 -3.88 -2.94 -3.53 
  10 -3.67 -3.96 -3.53 
  11 -3.44 -1.97 -3.53 
  12 -3.29 -4.09 -3.44 
  13 -2.86 -4.08 -3.29 
  14 -2.46 -3.54 -2.86 
  15 -3.39 -3.87 -2.46 
  16 -2.63 -3.81 -2.46 
  17 -3.20 -3.40 -2.46 
  18 -2.76 -3.40 -2.46 
  19 -2.67 -2.75 -2.46 
  20 -1.86 -2.18 -2.46 
  21 -2.84 -3.31 -1.86 
  22 -1.47 -3.11 -1.86 
  23 -0.89 -3.25 -1.47 
  24 -2.20 -4.02 -0.89 
  25 -2.00 -3.56 -0.89 
  26 -0.00 -4.31 -0.89 
  27 -1.08 -4.55 -0.00 
  28 -1.60 -3.69 -0.00 
  29 -1.03 -3.55 -0.00 
  30 -0.60 -3.07 -0.00 
  31 -1.08 -3.92 -0.00 
  32 -0.37 -3.23 -0.00 
  33  0.31 -3.38 -0.00 
  34 -1.15 -3.42  0.31 
  35  0.41 -3.59  0.31 
  36  0.68 -1.66  0.41 
  37  0.63 -2.99  0.68 
  38 -0.57 -3.92  0.68 
  39 -0.53 -0.38  0.68 
  40  1.58 -2.70  0.68 
  41  2.02 -3.65  1.58 
  42  1.88 -3.94  2.02 
  43  1.61 -3.11  2.02 
  44  1.57 -2.29  2.02 
  45  5.18 -2.13  2.02 
  46  3.35 -1.65  5.18 
  47  1.93 -1.12  5.18 
  48  3.56 -0.12  5.18 
  49  6.34 -0.38  5.18 
  50  4.64  5.53  6.34 
  51  6.64  4.15  6.34 
  52  6.26 35.01  6.64 
  53  6.54 27.65  6.64 
  54  4.97  4.11  6.64 
  55  6.93  2.69  6.64 
  56  7.74  3.72  6.93 
  57  9.38  3.29  7.74 
  58 13.26 -0.76  9.38 
  59  9.87  2.79 13.26 
  60  5.94  0.58 13.26 
  61  9.91 -2.60 13.26 
  62  8.23 26.85 13.26 
  63 11.09 49.51 13.26 
  64 16.50  1.82 13.26 
  65  9.39 10.31 16.50 
  66 17.02 12.94 16.50 
  67 12.29 56.31 17.02 
  68 15.52 25.04 17.02 
  69 15.62 29.51 17.02 
  70 15.71 46.35 17.02 
  71 13.19 34.89 17.02 
  72 14.36 12.39 17.02 
  73 13.94 53.34 17.02 
  74 29.01 29.41 17.02 
  75 29.07 34.45 29.01 
  76 20.66 59.34 29.07 
  77 29.76 56.00 29.07 
  78 31.02 81.14 29.76 
  79 20.88 111.05 31.02 
  80 32.24 48.13 31.02 
  81 29.24 136.78 32.24 
  82 28.27 117.89 32.24 
  83 24.38 108.64 32.24 
  84 34.66 121.85 32.24 
  85 28.79 86.19 34.66 
  86 33.43 105.36 34.66 
  87 50.99 118.29 34.66 
  88 48.92 138.89 50.99 
  89 28.95 143.06 50.99 
  90 39.26 74.51 50.99 
  91 44.45 144.62 50.99 
  92 35.04 70.99 50.99 
  93 41.64 112.58 50.99 
  94 34.98 38.98 50.99 
  95 42.51 80.63 50.99 
  96 39.03 62.59 50.99 
  97 33.04 100.69 50.99 
  98 52.19 143.84 50.99 
  99 46.72 130.00 52.19 
 100 56.63 194.11 52.19 
 101 73.53 156.88 56.63 
 102 47.48 77.45 73.53 
 103 55.47 79.45 73.53 
 104 66.20 246.77 73.53 
 105 72.41 157.23 73.53 
 106 60.83 194.29 73.53 
 107 58.65 175.34 73.53 
 108 63.29 277.02 73.53 
 109 62.49 131.86 73.53 
 110 76.12 130.57 73.53 
 111 89.40 214.58 76.12 
 112 53.83 187.93 89.40 
 113 70.77 115.83 89.40 
 114 90.88 149.75 89.40 
 115 76.46 135.29 90.88 
 116 62.64 104.22 90.88 
 117 77.53 151.68 90.88 
 118 68.23 180.23 90.88 
 119 122.86 158.09 90.88 
 120 96.97 164.25 122.86 
 121 94.74 178.07 122.86 
 122 80.41 177.20 122.86 
 123 120.77 235.46 122.86 
 124 109.69 336.36 122.86 
 125 101.73 273.01 122.86 
 126 120.09 208.47 122.86 
 127 126.96 243.00 122.86 
 128 133.80 234.71 126.96 
 129 117.92 327.89 133.80 
 130 113.20 318.10 133.80 
 131 139.28 279.53 133.80 
 132 123.82 310.26 139.28 
 133 135.92 431.65 139.28 
 134 156.92 309.55 139.28 
 135 150.48 154.51 156.92 
 136 102.62 164.69 156.92 
 137 127.02 255.53 156.92 
 138 136.31 275.48 156.92 
 139 136.83 261.90 156.92 
 140 136.79 339.85 156.92 
 141 129.07 330.87 156.92 
 142 146.47 255.39 156.92 
 143 159.66 371.30 156.92 
 144 153.94 454.00 159.66 
 145 131.68 401.93 159.66 
 146 196.13 422.04 159.66 
 147 150.10 376.14 196.13 
 148 183.80 251.51 196.13 
 149 174.62 291.36 196.13 
 150 134.58 291.97 196.13 
 151 116.08 228.97 196.13 
 152 143.81 223.00 196.13 
 153 103.52 207.39 196.13 
 154 182.82 171.17 196.13 
 155 168.54 256.85 196.13 
 156 156.07 270.65 196.13 
 157 152.90 263.99 196.13 
 158 125.78 242.63 196.13 
 159 135.97 302.86 196.13 
 160 249.82 233.95 196.13 
 161 227.21 359.73 249.82 
 162 187.66 291.57 249.82 
 163 140.74 352.74 249.82 
 164 234.56 434.13 249.82 
 165 214.77 328.47 249.82 
 166 266.73 488.91 249.82 
 167 235.39 288.56 266.73 
 168 206.06 292.76 266.73 
 169 199.36 366.96 266.73 
 170 233.26 294.53 266.73 
 171 220.28 383.71 266.73 
 172 281.75 304.14 266.73 
 173 267.72 197.49 281.75 
 174 347.58 121.75 281.75 
 175 288.43 275.82 347.58 
 176 282.54 293.19 347.58 
 177 281.29 297.80 347.58 
 178 282.53 371.33 347.58 
 179 293.07 212.37 347.58 
 180 323.22 301.54 347.58 
 181 335.84 249.80 347.58 
 182 258.83 386.48 347.58 
 183 261.72 442.54 347.58 
 184 308.95 468.53 347.58 
 185 335.54 421.88 347.58 
 186 325.73 534.39 347.58 
 187 343.64 285.44 347.58 
 188 409.04 366.37 347.58 
 189 348.73 525.94 409.04 
 190 357.93 526.96 409.04 
 191 292.66 503.05 409.04 
 192 403.81 571.54 409.04 
 193 444.04 451.75 409.04 
 194 379.91 498.65 444.04 
 195 466.52 416.39 444.04 
 196 463.92 487.79 466.52 
 197 337.85 410.56 466.52 
 198 391.53 445.61 466.52 
 199 442.45 462.25 466.52 
 200 445.70 407.37 466.52 
 201 424.24 333.97 466.52 
 202 415.41 248.98 466.52 
 203 496.17 310.72 466.52 
 204 363.67 341.27 496.17 
 205 394.43 318.95 496.17 
 206 522.08 299.82 496.17 
 207 434.39 308.56 522.08 
 208 472.00 178.68 522.08 
 209 464.68 357.46 522.08 
 210 461.51 407.32 522.08 
 211 498.12 301.11 522.08 
 212 604.05 405.24 522.08 
 213 606.77 553.70 604.05 
 214 498.65 550.81 606.77 
 215 508.60 591.26 606.77 
 216 544.42 415.86 606.77 
 217 548.23 542.42 606.77 
 218 615.46 727.12 606.77 
 219 539.38 690.52 615.46 
 220 583.18 450.02 615.46 
 221 695.79 539.22 615.46 
 222 581.41 639.28 695.79 
 223 714.86 553.42 695.79 
 224 601.78 662.52 714.86 
 225 619.16 605.19 714.86 
 226 633.52 508.76 714.86 
 227 644.24 586.17 714.86 
 228 633.22 706.83 714.86 
 229 703.38 694.51 714.86 
 230 595.89 763.61 714.86 
 231 635.23 577.73 714.86 
 232 627.26 519.18 714.86 
 233 674.03 521.92 714.86 
 234 832.05 449.06 714.86 
 235 840.66 756.94 832.05 
 236 849.54 859.74 840.66 
 237 890.24 892.19 849.54 
 238 776.49 825.60 890.24 
 239 834.59 863.52 890.24 
 240 759.45 587.81 890.24 
 241 798.43 476.84 890.24 
 242 901.83 679.94 890.24 
 243 780.15 672.40 901.83 
 244 958.68 515.51 901.83 
 245 884.74 878.16 958.68 
 246 1135.78 527.44 958.68 
 247 942.29 492.82 1135.78 
 248 901.81 628.52 1135.78 
 249 993.44 893.08 1135.78 
 250 943.00 794.95 1135.78 
 251 972.28 836.70 1135.78 
 252 801.84 761.83 1135.78 
 253 1009.60 621.93 1135.78 
 254 1105.67 631.00 1135.78 
 255 1005.78 1052.23 1135.78 
 256 926.12 1242.02 1135.78 
 257 1095.38 1079.41 1135.78 
 258 1154.40 1010.84 1135.78 
 259 1178.53 806.68 1154.40 
 260 1136.15 828.37 1178.53 
 261 1092.60 849.74 1178.53 
 262 1222.61 989.99 1178.53 
 263 1183.36 897.95 1222.61 
 264 1227.47 963.70 1222.61 
 265 1102.99 1131.48 1227.47 
 266 1129.60 967.90 1227.47 
 267 1160.56 1203.04 1227.47 
 268 1271.56 949.83 1227.47 
 269 1255.91 1149.55 1271.56 
 270 1182.08 1325.80 1271.56 
 271 1270.73 1024.35 1271.56 
 272 1315.31 769.20 1271.56 
 273 1277.70 1251.14 1315.31 
 274 1326.59 1211.19 1315.31 
 275 1253.95 1152.84 1326.59 
 276 1195.69 1177.88 1326.59 
 277 1351.65 1359.37 1326.59 
 278 1276.01 1169.57 1351.65 
 279 1299.18 1393.40 1351.65 
 280 1104.71 1202.47 1351.65 
 281 1217.30 1059.68 1351.65 
 282 1241.51 1230.14 1351.65 
 283 1073.30 1029.25 1351.65 
 284 1329.64 958.16 1351.65 
 285 1472.91 1124.20 1351.65 
 286 1315.85 1250.26 1472.91 
 287 1263.31 1021.92 1472.91 
 288 1237.25 1181.54 1472.91 
 289 1184.82 1173.63 1472.91 
 290 1436.34 686.35 1472.91 
 291 1302.36 1040.52 1472.91 
 292 1381.23 1017.89 1472.91 
 293 1343.56 1113.85 1472.91 
 294 1510.00 1376.74 1472.91 
 295 1461.57 1368.40 1510.00 
 296 1396.84 1408.48 1510.00 
 297 1576.93 1422.83 1510.00 
 298 1357.48 1347.09 1576.93 
 299 1310.17 1575.42 1576.93 
