Iter | Sampling Pol | Evaluation Pol | Best (Sampled) 
   0 -6.00 -6.87 -100000000.00 
   1 -5.65 -6.38 -6.00 
   2 -5.62 -5.82 -5.65 
   3 -5.71 -5.29 -5.62 
   4 -5.37 -4.99 -5.62 
   5 -4.94 -4.63 -5.37 
   6 -5.09 -4.60 -4.94 
   7 -4.74 -4.59 -4.94 
   8 -4.56 -4.61 -4.74 
   9 -4.51 -4.45 -4.56 
  10 -4.18 -4.32 -4.51 
  11 -4.31 -4.21 -4.18 
  12 -4.24 -4.17 -4.18 
  13 -3.91 -4.17 -4.18 
  14 -4.01 -3.92 -3.91 
  15 -3.93 -4.05 -3.91 
  16 -4.09 -1.43 -3.91 
  17 -3.83 -3.21 -3.91 
  18 -3.45 -0.75 -3.83 
  19 -3.84 -1.63 -3.45 
  20 -3.46 -3.59 -3.45 
  21 -3.78 -3.65 -3.45 
  22 -3.20 -3.50 -3.45 
  23 -3.44 -3.43 -3.20 
  24 -2.63 -3.08 -3.20 
  25 -3.62 -3.36 -2.63 
  26 -2.94 -3.32 -2.63 
  27 -3.44 -3.24 -2.63 
  28 -3.58 -3.50 -2.63 
  29 -2.91 -3.13 -2.63 
  30 -3.06 -3.46 -2.63 
  31 -2.88 -3.37 -2.63 
  32 -2.83 15.46 -2.63 
  33 -2.69 -2.93 -2.63 
  34 -2.92  2.35 -2.63 
  35 -1.87 -2.34 -2.63 
  36 -2.35 -3.26 -1.87 
  37 -1.64 -2.09 -1.87 
  38 -2.39 -2.00 -1.64 
  39 -2.82 -1.64 -1.64 
  40 -3.00 -3.43 -1.64 
  41 -2.15 -0.89 -1.64 
  42 -2.36 -0.66 -1.64 
  43 -1.07 -0.57 -1.64 
  44 -1.34 -3.27 -1.07 
  45 -2.23 -1.94 -1.07 
  46  0.52 -2.39 -1.07 
  47 -2.75 -1.72  0.52 
  48 -2.48 -1.59  0.52 
  49 -0.71 -1.92  0.52 
  50 -2.03 -1.96  0.52 
  51 -1.55 -3.07  0.52 
  52 -1.08 -3.14  0.52 
  53  0.60 -3.23  0.52 
  54 -1.55 -0.38  0.60 
  55 -1.06 -3.11  0.60 
  56 -1.71 -2.33  0.60 
  57  0.26 -1.50  0.60 
  58 -1.25 -1.19  0.60 
  59 -1.73 -2.12  0.60 
  60 -1.61 -3.28  0.60 
  61 -1.77 -3.18  0.60 
  62 -1.61 -2.26  0.60 
  63 -0.76 -3.52  0.60 
  64 -0.67 -3.57  0.60 
  65 -0.02 -2.85  0.60 
  66 -0.59 -3.59  0.60 
  67 -1.25 -3.48  0.60 
  68  0.21 -2.50  0.60 
  69 -0.37 -3.85  0.60 
  70 -1.06 -3.13  0.60 
  71  0.51 -1.96  0.60 
  72 -0.98 -3.31  0.60 
  73  3.21 -1.39  0.60 
  74  1.09 -3.63  3.21 
  75  1.17 -3.86  3.21 
  76 -0.58 -1.01  3.21 
  77 -0.34 -2.33  3.21 
  78  0.59 -3.45  3.21 
  79  1.91 -3.30  3.21 
  80  0.24 -1.62  3.21 
  81  1.39 -4.21  3.21 
  82  0.74 -2.23  3.21 
  83  0.45 -1.32  3.21 
  84 -1.28 -2.37  3.21 
  85  0.83 -1.83  3.21 
  86  1.49 -0.74  3.21 
  87  3.43 -2.62  3.21 
  88  3.49 -2.28  3.43 
  89  1.97 -1.35  3.49 
  90  5.06  6.12  3.49 
  91  9.45  0.37  5.06 
  92  1.15  2.35  9.45 
  93  2.68  4.25  9.45 
  94 -0.00  1.47  9.45 
  95  2.58  1.55  9.45 
  96  1.13 -2.44  9.45 
  97  3.39  2.95  9.45 
  98  5.66 -2.27  9.45 
  99  8.68 -3.60  9.45 
 100  2.52 -2.94  9.45 
 101  8.47 -2.98  9.45 
 102  3.74 -2.55  9.45 
 103  7.46 -0.08  9.45 
 104 10.04  2.05  9.45 
 105  6.53 -1.81 10.04 
 106  7.31 -3.01 10.04 
 107  4.03 -1.37 10.04 
 108 10.20 -2.15 10.04 
 109  5.73 -2.69 10.20 
 110  8.96  0.80 10.20 
 111  4.89 -0.23 10.20 
 112  3.54  0.23 10.20 
 113  4.52  1.78 10.20 
 114  4.59 -0.12 10.20 
 115  7.88  8.24 10.20 
 116 13.10  3.60 10.20 
 117 10.35 13.23 13.10 
 118  9.35  7.05 13.10 
 119  9.97  4.39 13.10 
 120 18.74  1.40 13.10 
 121 12.14  2.84 18.74 
 122 11.66  8.62 18.74 
 123  8.82 14.95 18.74 
 124 13.93  7.24 18.74 
 125 15.56  6.58 18.74 
 126 15.81  7.38 18.74 
 127 13.08  7.62 18.74 
 128 16.80 11.63 18.74 
 129 20.54  2.33 18.74 
 130 16.29  5.12 20.54 
 131 12.83  7.63 20.54 
 132 18.64  9.31 20.54 
 133 10.68  5.26 20.54 
 134 25.47  6.30 20.54 
 135 17.10  3.84 25.47 
 136 25.40 -0.38 25.47 
 137 13.85  3.25 25.47 
 138 18.98  6.82 25.47 
 139 14.80  7.82 25.47 
 140 17.78  3.29 25.47 
 141 20.83  2.88 25.47 
 142 15.89 12.21 25.47 
 143 27.18 13.81 25.47 
 144 28.31 -0.35 27.18 
 145 15.80  3.35 28.31 
 146 27.50  1.62 28.31 
 147 22.24  8.78 28.31 
 148 19.41  2.29 28.31 
 149 17.26  9.78 28.31 
 150 19.69  7.22 28.31 
 151 22.67 10.92 28.31 
 152 23.16  9.15 28.31 
 153 36.15  9.38 28.31 
 154 46.75  7.86 36.15 
 155 25.23  8.51 46.75 
 156 28.08 11.48 46.75 
 157 27.56  2.03 46.75 
 158 33.76 13.28 46.75 
 159 34.45  7.94 46.75 
 160 41.12 31.16 46.75 
 161 39.71 10.33 46.75 
 162 30.81 28.63 46.75 
 163 32.58 22.29 46.75 
 164 40.52  8.61 46.75 
 165 29.64  3.65 46.75 
 166 31.03  1.22 46.75 
 167 33.37 15.25 46.75 
 168 21.91 10.66 46.75 
 169 27.15  1.50 46.75 
 170 35.25  9.97 46.75 
 171 40.77  5.07 46.75 
 172 40.61 40.09 46.75 
 173 34.08 20.28 46.75 
 174 45.88 28.43 46.75 
 175 39.79  8.42 46.75 
 176 45.64 27.79 46.75 
 177 29.68 20.76 46.75 
 178 29.77 10.01 46.75 
 179 38.40 20.86 46.75 
 180 40.69 21.43 46.75 
 181 48.65  9.11 46.75 
 182 46.44  9.86 48.65 
 183 45.26 18.38 48.65 
 184 47.87 64.87 48.65 
 185 55.95  3.78 48.65 
 186 58.45 14.48 55.95 
 187 46.62 28.22 58.45 
 188 53.62  6.61 58.45 
 189 51.25  5.40 58.45 
 190 64.13 37.81 58.45 
 191 51.04 16.05 64.13 
 192 48.98 21.61 64.13 
 193 53.33 43.88 64.13 
 194 75.33 16.13 64.13 
 195 64.47 16.99 75.33 
 196 34.02 20.24 75.33 
 197 38.96 14.82 75.33 
 198 66.43 19.26 75.33 
 199 42.67 10.73 75.33 
 200 64.25 14.25 75.33 
 201 62.17 48.21 75.33 
 202 60.61 49.71 75.33 
 203 55.65 66.10 75.33 
 204 50.60 48.19 75.33 
 205 59.99 46.13 75.33 
 206 57.11 44.98 75.33 
 207 45.08 32.27 75.33 
 208 50.62 37.95 75.33 
 209 53.76 40.26 75.33 
 210 66.44 41.87 75.33 
 211 62.36 16.17 75.33 
 212 81.92 10.46 75.33 
 213 68.50 26.97 81.92 
 214 68.81 29.39 81.92 
 215 73.83 60.59 81.92 
 216 105.23 28.62 81.92 
 217 70.22 73.49 105.23 
 218 66.81 81.71 105.23 
 219 79.81 57.75 105.23 
 220 76.04 78.92 105.23 
 221 49.39 17.71 105.23 
 222 67.47 51.26 105.23 
 223 71.20 30.24 105.23 
 224 61.88 50.72 105.23 
 225 60.20 89.23 105.23 
 226 57.10 63.77 105.23 
 227 101.08 109.67 105.23 
 228 103.37 68.29 105.23 
 229 68.13 43.65 105.23 
 230 79.60 44.48 105.23 
 231 78.05 49.27 105.23 
 232 70.60 43.92 105.23 
 233 84.73 31.52 105.23 
 234 60.55 73.65 105.23 
 235 69.18 72.13 105.23 
 236 76.26 49.14 105.23 
 237 94.54 40.33 105.23 
 238 95.80 53.39 105.23 
 239 89.58 75.37 105.23 
 240 77.30 84.99 105.23 
 241 72.50 104.25 105.23 
 242 102.09 61.80 105.23 
 243 77.85 86.50 105.23 
 244 103.53 65.97 105.23 
 245 66.96 86.95 105.23 
 246 85.88 60.66 105.23 
 247 98.48 77.13 105.23 
 248 78.90 66.95 105.23 
 249 74.99 90.33 105.23 
 250 80.23 57.49 105.23 
 251 110.28 39.98 105.23 
 252 108.93 41.08 110.28 
 253 67.47 56.44 110.28 
 254 127.21 30.88 110.28 
 255 82.01 20.69 127.21 
 256 83.76 47.82 127.21 
 257 103.91 76.77 127.21 
 258 123.78 99.49 127.21 
 259 103.28 111.60 127.21 
 260 87.16 122.63 127.21 
 261 111.60 115.10 127.21 
 262 105.41 137.54 127.21 
 263 106.20 107.93 127.21 
 264 104.80 163.34 127.21 
 265 86.23 134.91 127.21 
 266 86.74 131.49 127.21 
 267 117.71 117.31 127.21 
 268 119.37 134.30 127.21 
 269 86.47 149.13 127.21 
 270 111.17 77.95 127.21 
 271 95.56 123.10 127.21 
 272 116.89 78.19 127.21 
 273 121.47 92.96 127.21 
 274 111.37 133.93 127.21 
 275 72.41 70.55 127.21 
 276 117.66 74.92 127.21 
 277 84.82 75.46 127.21 
 278 114.51 61.49 127.21 
 279 137.57 71.90 127.21 
 280 94.15 43.92 137.57 
 281 138.13 100.45 137.57 
 282 108.15 75.52 138.13 
 283 133.59 88.25 138.13 
 284 95.96 62.02 138.13 
 285 114.84 86.79 138.13 
 286 117.55 80.54 138.13 
 287 146.54 62.63 138.13 
 288 181.23 83.60 146.54 
 289 105.09 113.38 181.23 
 290 129.45 98.91 181.23 
 291 141.59 156.34 181.23 
 292 142.47 60.59 181.23 
 293 126.55 71.75 181.23 
 294 117.51 116.38 181.23 
 295 159.56 88.06 181.23 
 296 127.36 121.92 181.23 
 297 131.87 115.58 181.23 
 298 144.09 107.59 181.23 
 299 109.96 81.11 181.23 
 300 138.89 79.21 181.23 
 301 144.58 83.21 181.23 
 302 154.60 133.99 181.23 
 303 158.26 129.62 181.23 
 304 130.64 96.33 181.23 
 305 150.93 183.00 181.23 
 306 181.22 150.78 181.23 
 307 179.21 94.70 181.23 
 308 168.17 116.67 181.23 
 309 146.19 81.17 181.23 
 310 145.57 57.86 181.23 
 311 198.82 193.07 181.23 
 312 168.57 211.33 198.82 
 313 167.43 115.32 198.82 
 314 157.32 129.50 198.82 
 315 177.99 144.33 198.82 
 316 198.90 123.03 198.82 
 317 167.69 246.39 198.90 
 318 176.18 230.03 198.90 
 319 214.86 166.74 198.90 
 320 168.74 211.51 214.86 
 321 185.97 348.12 214.86 
 322 149.74 199.51 214.86 
 323 183.44 213.34 214.86 
 324 244.35 221.07 214.86 
 325 161.08 299.14 244.35 
 326 166.37 307.14 244.35 
 327 158.20 284.53 244.35 
 328 205.39 233.96 244.35 
 329 175.89 189.09 244.35 
 330 216.84 221.46 244.35 
 331 194.36 193.86 244.35 
 332 203.75 253.86 244.35 
 333 191.82 271.16 244.35 
 334 222.37 227.11 244.35 
 335 254.90 203.78 244.35 
 336 181.65 144.43 254.90 
 337 217.60 200.87 254.90 
 338 204.39 265.75 254.90 
 339 195.97 241.12 254.90 
 340 251.77 234.32 254.90 
 341 236.11 225.65 254.90 
 342 263.11 184.71 254.90 
 343 251.47 215.21 263.11 
 344 223.08 296.88 263.11 
 345 227.31 413.83 263.11 
 346 213.84 281.53 263.11 
 347 218.59 306.64 263.11 
 348 182.66 279.25 263.11 
 349 281.70 403.42 263.11 
 350 204.81 195.49 281.70 
 351 211.95 341.94 281.70 
 352 226.56 292.86 281.70 
 353 202.47 232.33 281.70 
 354 218.41 242.99 281.70 
 355 223.71 336.85 281.70 
 356 203.06 258.85 281.70 
 357 218.40 278.61 281.70 
 358 218.13 254.51 281.70 
 359 209.73 303.29 281.70 
 360 172.61 312.63 281.70 
 361 235.85 235.80 281.70 
 362 220.87 215.11 281.70 
 363 246.09 306.21 281.70 
 364 225.80 314.23 281.70 
 365 261.44 241.55 281.70 
 366 286.15 156.39 281.70 
 367 261.70 224.68 286.15 
 368 236.86 175.20 286.15 
 369 263.51 254.19 286.15 
 370 264.35 225.68 286.15 
 371 231.90 304.47 286.15 
 372 295.05 331.67 286.15 
 373 268.24 274.40 295.05 
 374 277.92 297.22 295.05 
 375 330.26 398.32 295.05 
 376 240.35 352.95 330.26 
 377 277.24 309.56 330.26 
 378 277.24 372.05 330.26 
 379 194.59 308.78 330.26 
 380 240.44 377.97 330.26 
 381 301.51 424.27 330.26 
 382 245.05 331.10 330.26 
 383 227.57 380.47 330.26 
 384 262.29 285.69 330.26 
 385 308.92 290.25 330.26 
 386 327.18 311.05 330.26 
 387 300.63 318.76 330.26 
 388 285.95 315.65 330.26 
 389 343.99 391.17 330.26 
 390 335.90 343.35 343.99 
 391 339.83 342.92 343.99 
 392 292.26 224.33 343.99 
 393 262.96 310.28 343.99 
 394 331.30 315.55 343.99 
 395 239.79 240.86 343.99 
 396 334.20 374.15 343.99 
 397 322.54 248.27 343.99 
 398 340.37 176.74 343.99 
 399 290.39 316.33 343.99 
 400 336.94 317.96 343.99 
 401 320.57 330.28 343.99 
 402 416.95 340.92 343.99 
 403 356.57 325.45 416.95 
 404 328.57 378.81 416.95 
 405 350.88 416.33 416.95 
 406 290.36 226.49 416.95 
 407 346.09 349.39 416.95 
 408 412.95 294.16 416.95 
 409 443.87 252.18 416.95 
 410 349.07 282.63 443.87 
 411 378.22 348.92 443.87 
 412 427.14 295.73 443.87 
 413 431.07 301.11 443.87 
 414 377.17 292.86 443.87 
 415 443.74 358.73 443.87 
 416 397.73 473.57 443.87 
 417 405.77 426.92 443.87 
 418 372.90 395.09 443.87 
 419 445.36 358.63 443.87 
 420 433.10 356.03 445.36 
 421 437.22 294.57 445.36 
 422 383.31 395.15 445.36 
 423 493.68 348.98 445.36 
 424 505.08 335.62 493.68 
 425 436.73 383.12 505.08 
 426 400.15 396.07 505.08 
 427 420.61 427.16 505.08 
 428 466.82 400.06 505.08 
 429 441.23 474.86 505.08 
 430 470.73 461.78 505.08 
 431 462.23 524.54 505.08 
 432 409.58 583.58 505.08 
 433 466.80 531.84 505.08 
 434 569.48 524.49 505.08 
 435 490.31 511.19 569.48 
 436 544.55 530.82 569.48 
 437 521.69 526.28 569.48 
 438 554.62 503.48 569.48 
 439 500.91 426.11 569.48 
 440 623.17 547.65 569.48 
 441 529.20 527.88 623.17 
 442 477.52 542.59 623.17 
 443 465.75 595.03 623.17 
 444 551.15 625.47 623.17 
 445 519.76 601.15 623.17 
 446 573.06 477.29 623.17 
 447 559.41 555.44 623.17 
 448 482.68 590.93 623.17 
 449 535.80 530.31 623.17 
 450 599.01 467.43 623.17 
 451 678.87 490.14 623.17 
 452 584.76 378.29 678.87 
 453 588.28 374.64 678.87 
 454 539.52 371.05 678.87 
 455 575.98 479.84 678.87 
 456 573.31 448.02 678.87 
 457 604.10 521.32 678.87 
 458 590.63 512.75 678.87 
 459 637.76 535.46 678.87 
 460 498.14 658.75 678.87 
 461 626.97 655.02 678.87 
 462 640.21 638.49 678.87 
 463 653.90 417.77 678.87 
 464 639.03 539.81 678.87 
 465 731.94 544.15 678.87 
 466 606.47 403.95 731.94 
 467 607.67 513.59 731.94 
 468 781.82 518.66 731.94 
 469 651.20 451.98 781.82 
 470 766.25 583.15 781.82 
 471 760.98 483.67 781.82 
 472 682.49 633.28 781.82 
 473 565.12 519.40 781.82 
 474 643.73 630.87 781.82 
 475 682.54 721.32 781.82 
 476 750.92 728.35 781.82 
 477 627.19 745.15 781.82 
 478 774.00 702.78 781.82 
 479 773.02 754.67 781.82 
 480 736.82 735.11 781.82 
 481 728.69 740.38 781.82 
 482 773.25 789.16 781.82 
 483 880.71 716.54 781.82 
 484 815.48 663.04 880.71 
 485 767.50 370.73 880.71 
 486 844.97 600.66 880.71 
 487 840.72 745.35 880.71 
 488 869.97 650.83 880.71 
 489 880.43 671.07 880.71 
 490 828.02 532.82 880.71 
 491 812.64 582.62 880.71 
 492 908.77 767.90 880.71 
 493 820.50 596.93 908.77 
 494 802.02 478.66 908.77 
 495 975.03 464.50 908.77 
 496 808.36 554.54 975.03 
 497 917.64 644.70 975.03 
 498 848.63 757.66 975.03 
 499 946.88 819.86 975.03 
 500 833.79 645.93 975.03 
 501 909.32 680.98 975.03 
 502 956.27 718.66 975.03 
 503 941.98 691.35 975.03 
 504 1015.23 695.45 975.03 
 505 918.70 676.84 1015.23 
 506 927.75 743.94 1015.23 
 507 838.21 847.03 1015.23 
 508 874.45 805.86 1015.23 
 509 1105.81 770.71 1015.23 
 510 1029.48 757.97 1105.81 
 511 1000.84 650.42 1105.81 
 512 952.88 745.18 1105.81 
 513 955.12 887.67 1105.81 
 514 1039.42 855.45 1105.81 
 515 984.22 934.28 1105.81 
 516 1043.58 785.92 1105.81 
 517 952.45 857.44 1105.81 
 518 1065.33 965.51 1105.81 
 519 923.82 892.69 1105.81 
 520 910.25 850.46 1105.81 
 521 934.60 972.90 1105.81 
 522 1018.94 621.16 1105.81 
 523 1046.76 804.61 1105.81 
 524 938.80 977.91 1105.81 
 525 1057.90 867.86 1105.81 
 526 1074.50 835.76 1105.81 
 527 1195.54 856.97 1105.81 
 528 1162.84 952.20 1195.54 
 529 1124.71 803.87 1195.54 
 530 1220.25 829.91 1195.54 
 531 1242.84 824.68 1220.25 
 532 1306.20 780.32 1242.84 
 533 1213.80 916.13 1306.20 
 534 1160.48 839.65 1306.20 
 535 1178.32 720.63 1306.20 
 536 1181.54 880.27 1306.20 
 537 1136.64 882.02 1306.20 
 538 1264.55 885.74 1306.20 
 539 1300.52 842.38 1306.20 
 540 1214.88 971.96 1306.20 
 541 1196.34 1051.43 1306.20 
 542 1156.77 1031.73 1306.20 
 543 1229.40 861.57 1306.20 
 544 1232.86 925.23 1306.20 
 545 1320.51 846.01 1306.20 
 546 1184.16 962.08 1320.51 
 547 1263.58 983.49 1320.51 
 548 1226.09 1146.74 1320.51 
 549 1223.27 1038.94 1320.51 
 550 1305.11 1105.96 1320.51 
 551 1348.47 899.45 1320.51 
 552 1314.95 1092.27 1348.47 
 553 1299.06 832.59 1348.47 
 554 1187.42 893.73 1348.47 
 555 1302.71 1208.34 1348.47 
 556 1399.59 1081.50 1348.47 
 557 1452.82 999.22 1399.59 
 558 1323.20 1129.00 1452.82 
 559 1355.22 1271.04 1452.82 
 560 1344.01 1133.75 1452.82 
 561 1363.46 964.18 1452.82 
 562 1455.54 1243.06 1452.82 
 563 1359.44 1191.64 1455.54 
 564 1313.92 1370.02 1455.54 
 565 1413.11 1274.25 1455.54 
 566 1519.35 1430.71 1455.54 
 567 1367.87 1123.22 1519.35 
 568 1435.71 1073.69 1519.35 
 569 1422.33 1203.26 1519.35 
 570 1505.28 1055.04 1519.35 
 571 1302.35 932.72 1519.35 
 572 1205.38 979.34 1519.35 
 573 1510.69 786.31 1519.35 
 574 1446.23 832.38 1519.35 
 575 1514.75 1053.20 1519.35 
 576 1459.35 1021.19 1519.35 
 577 1263.43 1161.14 1519.35 
 578 1505.09 941.99 1519.35 
 579 1497.72 1128.37 1519.35 
 580 1514.20 1097.92 1519.35 
 581 1387.48 1061.92 1519.35 
 582 1445.38 1020.40 1519.35 
 583 1417.13 1147.31 1519.35 
 584 1466.42 896.74 1519.35 
 585 1476.70 1217.60 1519.35 
 586 1462.30 1236.45 1519.35 
 587 1467.70 1184.90 1519.35 
 588 1498.40 985.30 1519.35 
 589 1481.14 1037.89 1519.35 
 590 1449.09 911.04 1519.35 
 591 1496.61 975.84 1519.35 
 592 1372.63 1100.53 1519.35 
 593 1388.21 1031.69 1519.35 
 594 1638.88 1124.71 1519.35 
 595 1626.01 1094.09 1638.88 
 596 1701.73 1242.96 1638.88 
 597 1624.14 1228.10 1701.73 
 598 1417.75 1165.75 1701.73 
 599 1433.19 1100.24 1701.73 
 600 1469.29 1216.51 1701.73 
 601 1496.94 1114.02 1701.73 
 602 1707.93 1445.90 1701.73 
 603 1610.65 1052.92 1707.93 
 604 1555.70 1309.48 1707.93 
 605 1628.12 1307.69 1707.93 
 606 1585.74 1366.90 1707.93 
 607 1580.15 1257.47 1707.93 
 608 1679.03 1316.26 1707.93 
 609 1688.82 1261.56 1707.93 
 610 1715.67 1136.02 1707.93 
 611 1663.86 1095.83 1715.67 
 612 1601.94 1217.08 1715.67 
 613 1660.52 1330.94 1715.67 
 614 1406.86 1423.64 1715.67 
 615 1619.57 1363.36 1715.67 
 616 1516.32 1350.91 1715.67 
 617 1555.84 1247.53 1715.67 
 618 1521.91 1270.89 1715.67 
 619 1630.74 1304.57 1715.67 
 620 1634.94 1300.09 1715.67 
 621 1611.77 1330.98 1715.67 
 622 1639.09 1299.72 1715.67 
 623 1551.29 1341.95 1715.67 
 624 1632.16 1164.05 1715.67 
 625 1563.72 1384.42 1715.67 
 626 1559.31 1358.76 1715.67 
 627 1651.15 1435.57 1715.67 
 628 1731.07 1478.91 1715.67 
 629 1583.28 1550.57 1731.07 
 630 1597.54 1362.99 1731.07 
 631 1803.16 1467.80 1731.07 
 632 1695.18 1499.93 1803.16 
 633 1567.53 1524.52 1803.16 
 634 1645.39 1557.90 1803.16 
 635 1614.81 1490.48 1803.16 
 636 1471.81 1365.79 1803.16 
 637 1668.76 1676.74 1803.16 
 638 1652.03 1508.39 1803.16 
 639 1531.30 1382.86 1803.16 
 640 1822.64 1255.47 1803.16 
 641 1718.74 1696.08 1822.64 
 642 1759.85 1356.76 1822.64 
 643 1706.43 1487.90 1822.64 
 644 1688.70 1498.46 1822.64 
 645 1796.61 1540.62 1822.64 
 646 1768.73 1365.93 1822.64 
 647 1833.38 1556.13 1822.64 
 648 1814.66 1571.75 1833.38 
 649 1576.49 1365.50 1833.38 
 650 1695.20 1251.41 1833.38 
 651 1835.94 999.35 1833.38 
 652 1779.57 1344.80 1835.94 
 653 1939.27 1140.15 1835.94 
 654 1904.38 1324.91 1939.27 
 655 1888.01 1412.98 1939.27 
 656 1915.84 1446.91 1939.27 
 657 1742.88 1371.00 1939.27 
 658 1658.38 1488.99 1939.27 
 659 1981.00 1423.04 1939.27 
 660 1848.80 1156.32 1981.00 
 661 1830.37 1275.33 1981.00 
 662 1778.22 1380.04 1981.00 
 663 1869.42 1568.46 1981.00 
 664 1841.11 1606.60 1981.00 
 665 1790.85 1496.69 1981.00 
 666 1820.19 1556.14 1981.00 
 667 1897.03 1307.48 1981.00 
 668 1966.84 1564.78 1981.00 
 669 1800.91 1541.32 1981.00 
 670 1908.53 1420.80 1981.00 
 671 1803.98 1433.62 1981.00 
 672 2048.94 1444.34 1981.00 
 673 1860.40 1539.73 2048.94 
 674 1867.36 1598.05 2048.94 
 675 1905.13 1399.83 2048.94 
 676 1837.31 1334.30 2048.94 
 677 1986.07 1353.44 2048.94 
 678 2023.16 1683.48 2048.94 
 679 1994.77 1501.71 2048.94 
 680 2035.48 1440.62 2048.94 
 681 1961.99 1523.66 2048.94 
 682 1917.35 1440.68 2048.94 
 683 2009.41 1326.61 2048.94 
 684 2076.51 1443.42 2048.94 
 685 2010.72 1357.03 2076.51 
 686 1945.68 1400.54 2076.51 
 687 1894.13 1658.53 2076.51 
 688 2035.25 1414.11 2076.51 
 689 1927.05 1311.40 2076.51 
 690 1952.06 1408.69 2076.51 
 691 2002.92 1378.63 2076.51 
 692 1975.60 1272.77 2076.51 
 693 2140.26 1450.16 2076.51 
 694 1968.72 1315.42 2140.26 
 695 1929.88 1236.21 2140.26 
 696 2008.22 1481.39 2140.26 
 697 1937.59 1357.62 2140.26 
 698 2059.47 1324.46 2140.26 
 699 1942.47 1376.88 2140.26 
 700 2115.15 1564.87 2140.26 
 701 2117.50 1514.99 2140.26 
 702 2172.54 1326.85 2140.26 
 703 2236.23 1564.93 2172.54 
 704 1966.60 1482.66 2236.23 
 705 2178.66 1343.49 2236.23 
 706 2137.34 1516.44 2236.23 
 707 2082.88 1339.00 2236.23 
 708 2164.00 1560.40 2236.23 
 709 2169.33 1372.22 2236.23 
 710 2285.86 1259.02 2236.23 
 711 2168.90 1472.56 2285.86 
 712 2215.85 1751.72 2285.86 
 713 2082.08 1445.12 2285.86 
 714 2126.10 1615.57 2285.86 
 715 2302.68 1604.26 2285.86 
 716 2177.51 1706.45 2302.68 
 717 2230.60 1804.13 2302.68 
 718 2113.35 1937.00 2302.68 
 719 2002.79 1735.25 2302.68 
 720 2034.81 1525.83 2302.68 
 721 2088.26 1577.47 2302.68 
 722 2010.05 1778.11 2302.68 
 723 2164.72 1537.10 2302.68 
 724 1991.48 1751.59 2302.68 
 725 2065.72 1864.81 2302.68 
 726 2212.31 1667.02 2302.68 
 727 2239.90 1704.56 2302.68 
 728 2138.54 1619.19 2302.68 
 729 2011.73 1678.72 2302.68 
 730 2063.49 1511.46 2302.68 
 731 2146.92 1700.13 2302.68 
 732 2123.56 1752.25 2302.68 
 733 2047.33 1743.80 2302.68 
 734 2021.35 1789.32 2302.68 
 735 2086.00 1486.62 2302.68 
 736 2148.15 1675.44 2302.68 
 737 2291.07 1655.58 2302.68 
 738 2190.40 1658.40 2302.68 
 739 2252.33 1759.49 2302.68 
 740 2301.30 1668.26 2302.68 
 741 2263.34 1604.04 2302.68 
 742 2096.77 1459.77 2302.68 
 743 2256.38 1392.72 2302.68 
 744 2058.96 1410.74 2302.68 
 745 2116.28 1430.44 2302.68 
 746 2245.54 1451.14 2302.68 
 747 2274.13 1473.01 2302.68 
 748 2214.82 1627.90 2302.68 
 749 2028.06 1519.88 2302.68 
 750 2128.20 1415.46 2302.68 
 751 2273.35 1545.73 2302.68 
 752 2206.26 1663.89 2302.68 
 753 2273.56 1759.41 2302.68 
 754 2405.98 1802.73 2302.68 
 755 2411.95 1805.57 2405.98 
 756 2216.98 1476.30 2411.95 
 757 2430.36 1491.54 2411.95 
 758 2211.67 1562.84 2430.36 
 759 2248.38 1635.88 2430.36 
 760 2385.22 1623.29 2430.36 
 761 2352.50 1438.88 2430.36 
 762 2256.03 1490.02 2430.36 
 763 2326.43 1632.08 2430.36 
 764 2229.07 1446.00 2430.36 
 765 2196.91 1438.04 2430.36 
 766 2237.02 1583.92 2430.36 
 767 2363.83 1542.99 2430.36 
 768 2343.63 1931.90 2430.36 
 769 2405.17 1784.02 2430.36 
 770 2323.96 1778.20 2430.36 
 771 2355.66 1557.89 2430.36 
 772 2152.58 1683.38 2430.36 
 773 2405.69 1822.64 2430.36 
 774 2416.26 1736.03 2430.36 
 775 2390.24 1649.89 2430.36 
 776 2254.67 1712.23 2430.36 
 777 2519.40 1806.43 2430.36 
 778 2343.30 1900.85 2519.40 
 779 2403.93 1423.22 2519.40 
 780 2366.89 1557.84 2519.40 
 781 2248.51 1832.53 2519.40 
 782 2354.78 1737.00 2519.40 
 783 2382.77 1720.33 2519.40 
 784 2492.05 1767.49 2519.40 
 785 2390.37 1713.20 2519.40 
 786 2435.27 1820.90 2519.40 
 787 2332.75 1939.96 2519.40 
 788 2443.69 2051.14 2519.40 
 789 2438.98 2038.06 2519.40 
 790 2485.86 2024.87 2519.40 
 791 2485.98 2013.85 2519.40 
 792 2500.98 2093.27 2519.40 
 793 2354.20 1926.04 2519.40 
 794 2372.20 2053.92 2519.40 
 795 2385.55 2018.28 2519.40 
 796 2199.78 1846.78 2519.40 
 797 2398.87 2032.37 2519.40 
 798 2511.88 2186.26 2519.40 
 799 2506.60 2103.74 2519.40 
