Iter | Sampling Pol | Evaluation Pol | Best (Sampled) 
   0 -6.06 -6.25 -100000000.00 
   1 -6.15 -6.01 -6.06 
   2 -5.88 -5.70 -6.06 
   3 -5.61 -5.32 -5.88 
   4 -5.20 -5.05 -5.61 
   5 -4.86 -4.77 -5.20 
   6 -4.64 -4.84 -4.86 
   7 -4.74 -4.83 -4.64 
   8 -4.58 -4.77 -4.64 
   9 -4.58 -4.73 -4.58 
  10 -4.05 -4.71 -4.58 
  11 -3.54 -4.58 -4.05 
  12 -4.23 -4.48 -3.54 
  13 -3.52 -4.52 -3.54 
  14 -3.70 -4.40 -3.52 
  15 -3.60 -4.43 -3.52 
  16 -3.73 -4.44 -3.52 
  17 -3.78 -4.46 -3.52 
  18 -3.17 -4.45 -3.52 
  19 -2.66 -4.46 -3.17 
  20 -2.60 -4.54 -2.66 
  21 -3.22 -4.55 -2.60 
  22 -1.98 -4.47 -2.60 
  23 -3.12 -4.52 -1.98 
  24 -3.18 -4.41 -1.98 
  25 -3.64 -4.38 -1.98 
  26 -2.07 -4.33 -1.98 
  27 -3.01 -4.37 -1.98 
  28 -3.47 -4.45 -1.98 
  29 -3.29 -4.51 -1.98 
  30 -3.17 -4.46 -1.98 
  31 -3.80 -4.40 -1.98 
  32 -2.83 -4.34 -1.98 
  33 -3.33 -4.37 -1.98 
  34 -2.99 -4.33 -1.98 
  35 -3.00 -4.30 -1.98 
  36 -2.37 -4.21 -1.98 
  37 -1.55 -4.24 -1.98 
  38 -2.50 -4.31 -1.55 
  39 -0.85 -3.94 -1.55 
  40 -1.33 -4.10 -0.85 
  41 -2.17 -4.22 -0.85 
  42 -1.32 -4.10 -0.85 
  43 -2.09 -3.68 -0.85 
  44 -1.11 -3.57 -0.85 
  45 -0.96 -3.51 -0.85 
  46 -1.08 -3.59 -0.85 
  47 -1.97 -3.46 -0.85 
  48 -2.09 -3.54 -0.85 
  49 -0.26 -3.40 -0.85 
  50 -1.02 -3.74 -0.26 
  51 -1.54 -3.65 -0.26 
  52 -1.45 -3.53 -0.26 
  53 -1.18 -3.44 -0.26 
  54 -0.96 -3.57 -0.26 
  55 -0.25 -3.52 -0.26 
  56  0.13 -3.03 -0.25 
  57  0.54 -3.50  0.13 
  58  0.30 -3.60  0.54 
  59  0.11 -3.58  0.54 
  60  0.26 -3.57  0.54 
  61 -0.03 -3.49  0.54 
  62  1.75 -3.35  0.54 
  63  4.55 -3.43  1.75 
  64  0.06 -3.44  4.55 
  65  1.91 -3.34  4.55 
  66  2.05 -3.51  4.55 
  67  1.43 -3.00  4.55 
  68  3.44 -2.93  4.55 
  69  2.36 -2.03  4.55 
  70  3.51 -3.05  4.55 
  71  6.57 -0.24  4.55 
  72  3.67 -0.67  6.57 
  73  4.34 -1.02  6.57 
  74  3.52 -2.71  6.57 
  75  3.80 -0.45  6.57 
  76  5.51  1.89  6.57 
  77  4.58 -1.92  6.57 
  78  6.74 14.94  6.57 
  79  7.88 30.56  6.74 
  80 13.58 23.67  7.88 
  81  9.90 13.52 13.58 
  82  4.79  1.33 13.58 
  83  5.78  2.28 13.58 
  84  7.93  5.72 13.58 
  85  7.78  6.82 13.58 
  86  7.11 39.71 13.58 
  87  9.74 14.10 13.58 
  88 11.07  8.96 13.58 
  89 10.09  2.56 13.58 
  90  7.96  3.53 13.58 
  91 15.64 11.63 13.58 
  92 12.70 -1.59 15.64 
  93 16.73  5.58 15.64 
  94 17.30  8.07 16.73 
  95 23.23 57.53 17.30 
  96 20.39 13.57 23.23 
  97 18.03 20.32 23.23 
  98 26.88 43.87 23.23 
  99 21.99 71.83 26.88 
 100 18.01 48.45 26.88 
 101 20.36 57.18 26.88 
 102 18.47 119.98 26.88 
 103 22.16 47.23 26.88 
 104 35.80 100.95 26.88 
 105 31.33 98.61 35.80 
 106 22.80 170.32 35.80 
 107 27.05 99.54 35.80 
 108 29.76 57.71 35.80 
 109 29.54 98.25 35.80 
 110 42.53 49.49 35.80 
 111 43.59 58.17 42.53 
 112 33.41 42.18 43.59 
 113 30.70 27.36 43.59 
 114 46.20 96.00 43.59 
 115 52.13 33.15 46.20 
 116 48.75 69.94 52.13 
 117 30.99 90.08 52.13 
 118 32.21 83.79 52.13 
 119 52.50 86.95 52.13 
 120 34.32 140.84 52.50 
 121 68.08 138.91 52.50 
 122 46.52 86.19 68.08 
 123 69.72 138.30 68.08 
 124 52.57 35.99 69.72 
 125 72.47 79.67 69.72 
 126 59.79 24.60 72.47 
 127 57.22 79.81 72.47 
 128 63.67 35.82 72.47 
 129 47.02 61.44 72.47 
 130 79.77 52.16 72.47 
 131 59.94 69.63 79.77 
 132 95.03 91.94 79.77 
 133 72.33 30.94 95.03 
 134 60.95 37.73 95.03 
 135 86.15 30.57 95.03 
 136 52.91 63.78 95.03 
 137 90.55 71.04 95.03 
 138 90.30 48.48 95.03 
 139 73.00 54.48 95.03 
 140 63.03 31.61 95.03 
 141 65.30 60.87 95.03 
 142 70.52 83.12 95.03 
 143 64.94 98.46 95.03 
 144 84.16 45.11 95.03 
 145 98.52 36.21 95.03 
 146 85.09 34.25 98.52 
 147 122.09 69.72 98.52 
 148 76.93 65.47 122.09 
 149 97.60 101.52 122.09 
 150 92.11 123.83 122.09 
 151 104.18 79.55 122.09 
 152 87.04 55.91 122.09 
 153 91.60 121.97 122.09 
 154 121.77 65.05 122.09 
 155 121.44 81.22 122.09 
 156 101.60 69.22 122.09 
 157 110.67 80.99 122.09 
 158 107.44 77.68 122.09 
 159 119.88 54.00 122.09 
 160 104.43 42.32 122.09 
 161 111.67 38.43 122.09 
 162 92.77 49.16 122.09 
 163 132.48 58.58 122.09 
 164 132.17 39.86 132.48 
 165 119.50 69.82 132.48 
 166 122.25 58.80 132.48 
 167 100.10 52.12 132.48 
 168 126.52 56.76 132.48 
 169 138.81 59.18 132.48 
 170 138.02 86.22 138.81 
 171 177.23 89.16 138.81 
 172 174.66 95.53 177.23 
 173 155.10 153.60 177.23 
 174 169.60 97.48 177.23 
 175 161.86 75.74 177.23 
 176 185.34 48.66 177.23 
 177 162.72 48.28 185.34 
 178 206.99 66.94 185.34 
 179 138.28 57.56 206.99 
 180 180.15 67.92 206.99 
 181 169.19 64.13 206.99 
 182 171.44 75.10 206.99 
 183 235.06 43.89 206.99 
 184 221.37 112.55 235.06 
 185 207.68 69.18 235.06 
 186 225.05 122.50 235.06 
 187 296.61 149.75 235.06 
 188 255.03 184.33 296.61 
 189 283.21 133.43 296.61 
 190 241.58 214.95 296.61 
 191 250.89 243.78 296.61 
 192 245.37 276.18 296.61 
 193 240.75 143.54 296.61 
 194 291.00 76.99 296.61 
 195 231.05 135.68 296.61 
 196 290.29 167.40 296.61 
 197 269.25 147.56 296.61 
 198 253.25 129.35 296.61 
 199 252.71 111.67 296.61 
 200 300.76 70.98 296.61 
 201 261.39 151.47 300.76 
 202 290.48 119.67 300.76 
 203 340.60 175.96 300.76 
 204 319.50 68.59 340.60 
 205 342.35 40.71 340.60 
 206 316.27 58.74 342.35 
 207 365.70 141.84 342.35 
 208 287.03 95.16 365.70 
 209 334.94 111.83 365.70 
 210 413.35 81.69 365.70 
 211 321.02 213.48 413.35 
 212 406.98 185.08 413.35 
 213 400.95 171.89 413.35 
 214 332.01 249.76 413.35 
 215 377.14 169.43 413.35 
 216 402.79 376.17 413.35 
 217 458.40 195.45 413.35 
 218 428.57 384.56 458.40 
 219 438.13 386.17 458.40 
 220 409.73 373.13 458.40 
 221 416.61 514.04 458.40 
 222 425.19 332.48 458.40 
 223 441.03 328.49 458.40 
 224 388.38 470.94 458.40 
 225 370.49 382.30 458.40 
 226 411.74 297.58 458.40 
 227 479.93 438.21 458.40 
 228 507.16 477.45 479.93 
 229 419.02 441.53 507.16 
 230 398.76 454.82 507.16 
 231 470.68 401.18 507.16 
 232 390.54 488.61 507.16 
 233 427.90 590.29 507.16 
 234 400.02 513.28 507.16 
 235 459.04 438.56 507.16 
 236 461.78 583.88 507.16 
 237 504.57 552.16 507.16 
 238 442.30 575.65 507.16 
 239 431.70 636.69 507.16 
 240 475.52 498.17 507.16 
 241 410.74 580.00 507.16 
 242 508.33 596.28 507.16 
 243 508.81 579.72 508.33 
 244 519.01 575.76 508.81 
 245 538.90 727.90 519.01 
 246 556.23 647.73 538.90 
 247 527.36 657.59 556.23 
 248 574.69 680.48 556.23 
 249 492.66 739.08 574.69 
 250 587.30 705.91 574.69 
 251 380.94 701.31 587.30 
 252 409.88 536.34 587.30 
 253 536.85 473.37 587.30 
 254 445.01 523.90 587.30 
 255 537.30 626.21 587.30 
 256 536.74 519.73 587.30 
 257 488.54 590.15 587.30 
 258 538.97 507.65 587.30 
 259 531.09 536.76 587.30 
 260 547.21 483.93 587.30 
 261 578.84 553.90 587.30 
 262 551.47 528.13 587.30 
 263 518.92 498.13 587.30 
 264 634.04 585.47 587.30 
 265 681.08 476.30 634.04 
 266 582.23 527.67 681.08 
 267 609.14 509.64 681.08 
 268 640.36 425.98 681.08 
 269 675.75 514.02 681.08 
 270 626.49 574.72 681.08 
 271 571.92 599.59 681.08 
 272 658.14 524.70 681.08 
 273 670.80 558.30 681.08 
 274 617.88 427.76 681.08 
 275 594.13 427.98 681.08 
 276 632.43 427.07 681.08 
 277 548.70 431.44 681.08 
 278 601.53 469.94 681.08 
 279 627.12 535.16 681.08 
 280 608.38 439.98 681.08 
 281 605.08 468.13 681.08 
 282 633.19 526.41 681.08 
 283 787.96 489.25 681.08 
 284 706.92 447.43 787.96 
 285 670.37 449.21 787.96 
 286 647.43 590.10 787.96 
 287 791.37 510.45 787.96 
 288 705.85 600.49 791.37 
 289 600.76 631.16 791.37 
 290 694.51 522.41 791.37 
 291 667.64 498.42 791.37 
 292 642.95 490.82 791.37 
 293 710.18 544.00 791.37 
 294 672.86 651.85 791.37 
 295 623.60 590.38 791.37 
 296 629.12 656.78 791.37 
 297 811.98 858.42 791.37 
 298 798.32 760.14 811.98 
 299 745.18 796.67 811.98 
 276 630.37 636.59 -100000000.00 
 277 611.98 520.04 630.37 
 278 644.28 638.10 630.37 
 279 591.79 559.09 644.28 
 280 670.40 655.35 644.28 
 281 645.06 540.71 670.40 
 282 773.02 562.59 670.40 
 283 584.39 436.76 773.02 
 284 582.91 469.64 773.02 
 285 629.07 522.20 773.02 
 286 659.91 590.44 773.02 
 287 748.70 534.69 773.02 
 288 680.70 499.02 773.02 
 289 685.17 501.45 773.02 
 290 801.54 494.18 773.02 
 291 718.97 645.47 801.54 
 292 700.99 530.04 801.54 
 293 620.97 489.51 801.54 
 294 830.17 464.59 801.54 
 295 754.53 429.93 830.17 
 296 774.47 495.03 830.17 
 297 841.84 499.40 830.17 
 298 740.73 520.70 841.84 
 299 658.91 566.06 841.84 
 300 743.52 553.36 841.84 
 301 724.09 667.08 841.84 
 302 664.29 780.55 841.84 
 303 801.60 689.94 841.84 
 304 783.32 747.12 841.84 
 305 813.13 767.77 841.84 
 306 774.59 641.82 841.84 
 307 671.21 627.62 841.84 
 308 755.70 312.58 841.84 
 309 616.76 329.86 841.84 
 310 778.11 604.86 841.84 
 311 866.85 646.03 841.84 
 312 781.26 587.89 866.85 
 313 780.62 494.80 866.85 
 314 676.49 585.57 866.85 
 315 819.62 613.90 866.85 
 316 803.36 500.85 866.85 
 317 872.77 517.50 866.85 
 318 787.98 624.99 872.77 
 319 798.98 489.53 872.77 
 320 817.41 545.98 872.77 
 321 745.72 631.17 872.77 
 322 883.24 600.40 872.77 
 323 900.99 640.49 883.24 
 324 852.36 752.27 900.99 
 325 931.63 651.57 900.99 
 326 897.23 514.61 931.63 
 327 918.74 499.84 931.63 
 328 939.47 701.03 931.63 
 329 897.62 750.61 939.47 
 330 956.50 640.32 939.47 
 331 891.89 777.54 956.50 
 332 928.93 625.57 956.50 
 333 854.54 649.08 956.50 
 334 986.36 893.97 956.50 
 335 861.99 811.47 986.36 
 336 1039.02 1022.10 986.36 
 337 1001.96 837.69 1039.02 
 338 1018.50 813.10 1039.02 
 339 1014.35 793.74 1039.02 
 340 958.52 825.42 1039.02 
 341 865.43 823.97 1039.02 
 342 1007.80 908.04 1039.02 
 343 1095.44 962.24 1039.02 
 344 1150.00 979.88 1095.44 
 345 780.92 820.45 1150.00 
 346 1115.51 782.78 1150.00 
 347 942.36 918.47 1150.00 
 348 1039.91 850.76 1150.00 
 349 1072.29 833.42 1150.00 
 350 908.92 842.95 1150.00 
 351 996.13 704.34 1150.00 
 352 1046.86 721.14 1150.00 
 353 1057.80 832.98 1150.00 
 354 1043.95 871.52 1150.00 
 355 1027.65 716.14 1150.00 
 356 1049.30 727.42 1150.00 
 357 1166.29 846.08 1150.00 
 358 1099.41 944.70 1166.29 
 359 1130.03 878.41 1166.29 
 360 1242.83 1041.60 1166.29 
 361 1093.91 1000.19 1242.83 
 362 1229.88 1012.46 1242.83 
 363 1250.47 982.09 1242.83 
 364 1102.90 864.15 1250.47 
 365 1293.28 977.43 1250.47 
 366 1245.31 1017.13 1293.28 
 367 1258.87 937.95 1293.28 
 368 1162.93 1011.53 1293.28 
 369 1199.26 1087.82 1293.28 
 370 1162.43 987.23 1293.28 
 371 1307.39 1056.80 1293.28 
 372 1187.66 1142.42 1307.39 
 373 1212.81 1073.49 1307.39 
 374 1201.90 1020.56 1307.39 
 375 1253.15 975.39 1307.39 
 376 1267.57 1005.44 1307.39 
 377 1280.34 1177.59 1307.39 
 378 1260.83 1003.43 1307.39 
 379 1315.35 992.03 1307.39 
 380 1328.27 1087.30 1315.35 
 381 1319.77 963.71 1328.27 
 382 1303.98 1012.91 1328.27 
 383 1160.03 1218.25 1328.27 
 384 1320.79 1092.61 1328.27 
 385 1360.97 1130.53 1328.27 
 386 1248.21 1144.89 1360.97 
 387 1288.08 950.87 1360.97 
 388 1491.67 1039.00 1360.97 
 389 1374.80 1211.13 1491.67 
 390 1487.16 1160.36 1491.67 
 391 1360.67 1258.59 1491.67 
 392 1453.66 1386.37 1491.67 
 393 1369.57 1083.63 1491.67 
 394 1484.91 1034.67 1491.67 
 395 1377.09 1108.13 1491.67 
 396 1408.79 1088.59 1491.67 
 397 1535.70 749.78 1491.67 
 398 1309.22 974.72 1535.70 
 399 1351.81 692.36 1535.70 
 400 1473.92 1174.94 1535.70 
 401 1594.63 816.22 1535.70 
 402 1443.59 997.94 1594.63 
 403 1565.64 1059.07 1594.63 
 404 1437.88 1202.69 1594.63 
 405 1467.95 1307.23 1594.63 
 406 1522.43 937.83 1594.63 
 407 1486.91 1060.72 1594.63 
 408 1461.08 1152.42 1594.63 
 409 1309.07 924.68 1594.63 
 410 1512.03 983.92 1594.63 
 411 1556.35 1126.90 1594.63 
 412 1383.34 1184.69 1594.63 
 413 1511.27 1495.07 1594.63 
 414 1411.98 1043.40 1594.63 
 415 1478.26 1044.75 1594.63 
 416 1513.19 963.73 1594.63 
 417 1415.27 1251.47 1594.63 
 418 1425.84 1119.26 1594.63 
 419 1418.28 980.88 1594.63 
 420 1496.77 1003.37 1594.63 
 421 1615.83 1167.42 1594.63 
 422 1540.79 1050.95 1615.83 
 423 1696.86 916.17 1615.83 
 424 1729.96 915.67 1696.86 
 425 1640.47 871.17 1729.96 
 426 1634.78 982.38 1729.96 
 427 1494.96 1108.34 1729.96 
 428 1752.40 1119.39 1729.96 
 429 1394.99 1223.05 1752.40 
 430 1665.30 1201.32 1752.40 
 431 1705.34 1244.52 1752.40 
 432 1675.60 1086.43 1752.40 
 433 1579.61 1326.10 1752.40 
 434 1605.65 1230.87 1752.40 
 435 1838.67 1353.62 1752.40 
 436 1694.42 1213.28 1838.67 
 437 1613.11 1219.60 1838.67 
 438 1687.60 1274.96 1838.67 
 439 1816.41 1328.11 1838.67 
 440 1727.89 1134.07 1838.67 
 441 1653.18 1150.41 1838.67 
 442 1869.55 1264.42 1838.67 
 443 1717.88 1268.09 1869.55 
 444 1789.61 1460.09 1869.55 
 445 1623.56 1420.71 1869.55 
 446 1703.65 1511.07 1869.55 
 447 1724.05 1487.18 1869.55 
 448 1985.66 1367.56 1869.55 
 449 1728.59 1108.82 1985.66 
 450 1767.67 1269.45 1985.66 
 451 1612.64 1298.33 1985.66 
 452 1872.47 1183.20 1985.66 
 453 1935.24 1185.53 1985.66 
 454 1821.29 1380.69 1985.66 
 455 1785.73 1570.57 1985.66 
 456 1861.46 1555.67 1985.66 
 457 1892.44 1419.58 1985.66 
 458 1801.36 1455.81 1985.66 
 459 1900.73 1416.10 1985.66 
 460 1871.90 1546.49 1985.66 
 461 1820.04 1496.51 1985.66 
 462 1917.71 1474.30 1985.66 
 463 1915.04 1586.75 1985.66 
 464 1700.09 1483.67 1985.66 
 465 1951.00 1674.93 1985.66 
 466 1894.47 1464.94 1985.66 
 467 1815.18 1527.82 1985.66 
 468 1793.48 1645.23 1985.66 
 469 1813.23 1425.73 1985.66 
 470 1887.31 1497.71 1985.66 
 471 1992.38 1362.93 1985.66 
 472 1641.34 1424.19 1992.38 
 473 1768.24 1340.28 1992.38 
 474 1913.69 1700.64 1992.38 
 475 1769.28 1564.25 1992.38 
 476 1894.68 1652.06 1992.38 
 477 1881.05 1349.31 1992.38 
 478 1860.49 1350.76 1992.38 
 479 2006.42 1374.25 1992.38 
 480 1876.06 1217.23 2006.42 
 481 1961.06 1193.14 2006.42 
 482 2072.09 1471.23 2006.42 
 483 1963.32 1651.79 2072.09 
 484 1849.65 1473.83 2072.09 
 485 1973.54 1662.78 2072.09 
 486 1858.69 1605.47 2072.09 
 487 1954.46 1758.48 2072.09 
 488 2064.02 1692.75 2072.09 
 489 2045.74 1902.62 2072.09 
 490 1945.59 1660.95 2072.09 
 491 1890.51 1811.83 2072.09 
 492 1936.52 1650.29 2072.09 
 493 2151.31 1743.42 2072.09 
 494 2039.39 1624.72 2151.31 
 495 2053.08 1775.73 2151.31 
 496 2059.53 1866.28 2151.31 
 497 2005.47 1752.70 2151.31 
 498 2189.79 1808.11 2151.31 
 499 2003.25 1655.23 2189.79 
