Iter | Sampling Pol | Evaluation Pol | Best (Sampled) 
   0 -4.22 -4.54 -100000000.00 
   1 -4.08 -4.64 -4.22 
   2 -3.55 -4.59 -4.08 
   3 -4.04 -4.13 -3.55 
   4 -3.42 -4.27 -3.55 
   5 -3.49 -4.56 -3.42 
   6 -2.62 -3.66 -3.42 
   7 -3.09 -1.76 -2.62 
   8 -2.88 -0.74 -2.62 
   9 -2.21 -3.86 -2.62 
  10 -2.40 -1.70 -2.21 
  11 -1.86 -3.44 -2.21 
  12 -2.16  0.84 -1.86 
  13 -1.01  2.43 -1.86 
  14 -1.52 -3.38 -1.01 
  15 -0.75  2.53 -1.01 
  16 -1.61 -1.87 -0.75 
  17  2.97  1.14 -0.75 
  18  0.31  1.16  2.97 
  19 -0.17  4.68  2.97 
  20 -0.79  3.17  2.97 
  21 -1.59  1.27  2.97 
  22  0.13  2.90  2.97 
  23  0.68 -0.99  2.97 
  24  0.05 -3.34  2.97 
  25 -0.43 -1.38  2.97 
  26  2.42  5.22  2.97 
  27 -0.23  0.85  2.97 
  28  1.80  1.01  2.97 
  29  0.89  0.81  2.97 
  30  0.82  0.52  2.97 
  31  1.71 -1.97  2.97 
  32  2.06 -0.83  2.97 
  33  2.39 -2.33  2.97 
  34  2.13 -2.93  2.97 
  35  3.71 -0.27  2.97 
  36  8.64 -1.09  3.71 
  37  9.73 -3.63  8.64 
  38  5.79 -3.20  9.73 
  39  4.76 -2.13  9.73 
  40  6.63 -3.24  9.73 
  41  5.33 -2.82  9.73 
  42  6.67 -2.81  9.73 
  43  9.91 -3.15  9.73 
  44  8.38 -3.20  9.91 
  45  7.92 -2.87  9.91 
  46  8.12 -2.97  9.91 
  47 10.81 -0.51  9.91 
  48 20.55  1.80 10.81 
  49 19.69  2.63 20.55 
  50  9.12  2.00 20.55 
  51  5.47  3.67 20.55 
  52 15.90  5.22 20.55 
  53  9.74 -3.04 20.55 
  54  8.02 -1.67 20.55 
  55  6.51 -1.89 20.55 
  56 10.42  1.49 20.55 
  57 14.22 -0.80 20.55 
  58 16.52  0.56 20.55 
  59 17.09 -0.77 20.55 
  60 17.55  0.05 20.55 
  61 20.50 -1.58 20.55 
  62 20.89 -2.11 20.55 
  63 20.29 -3.18 20.89 
  64 28.23  0.26 20.89 
  65 22.03 69.11 28.23 
  66 33.49  7.74 28.23 
  67 30.80 15.20 33.49 
  68 31.86 22.28 33.49 
  69 12.01 -2.15 33.49 
  70 28.53 -3.01 33.49 
  71 20.54 -3.02 33.49 
  72 24.03 -1.90 33.49 
  73 25.88  0.68 33.49 
  74 28.47 -1.05 33.49 
  75 25.58  7.02 33.49 
  76 33.56  8.47 33.49 
  77 32.14 26.12 33.56 
  78 30.72  9.89 33.56 
  79 30.70 20.88 33.56 
  80 32.42 24.52 33.56 
  81 27.75 79.18 33.56 
  82 37.84 33.53 33.56 
  83 38.56 44.84 37.84 
  84 38.82 14.23 38.56 
  85 25.10 13.17 38.82 
  86 37.36 14.84 38.82 
  87 45.14  6.93 38.82 
  88 39.83 33.56 45.14 
  89 40.72 23.49 45.14 
  90 32.59 37.28 45.14 
  91 46.45 15.21 45.14 
  92 51.80 24.39 46.45 
  93 34.79 26.68 51.80 
  94 36.33 74.14 51.80 
  95 54.91 80.19 51.80 
  96 69.56 62.00 54.91 
  97 53.43 13.24 69.56 
  98 58.19 134.77 69.56 
  99 58.06 73.06 69.56 
 100 50.12 47.89 69.56 
 101 57.92 10.11 69.56 
 102 80.31 12.04 69.56 
 103 68.45 60.04 80.31 
 104 75.49 62.99 80.31 
 105 52.73 35.47 80.31 
 106 55.67 25.03 80.31 
 107 66.58 32.42 80.31 
 108 75.98 31.85 80.31 
 109 71.09 52.39 80.31 
 110 45.38 65.68 80.31 
 111 69.00 66.67 80.31 
 112 104.88 23.44 80.31 
 113 84.12 11.49 104.88 
 114 63.71 70.85 104.88 
 115 95.19 46.37 104.88 
 116 80.35 46.30 104.88 
 117 101.53 23.42 104.88 
 118 83.45 47.84 104.88 
 119 96.57 95.40 104.88 
 120 66.30 76.27 104.88 
 121 97.00 78.29 104.88 
 122 141.50 54.97 104.88 
 123 106.29 75.32 141.50 
 124 82.45 110.85 141.50 
 125 80.94 78.33 141.50 
 126 105.83 108.30 141.50 
 127 115.72 83.07 141.50 
 128 124.48 78.25 141.50 
 129 140.95 103.01 141.50 
 130 119.25 142.57 141.50 
 131 85.46 59.88 141.50 
 132 101.45 60.76 141.50 
 133 135.99 110.88 141.50 
 134 99.38 79.62 141.50 
 135 111.94 114.66 141.50 
 136 81.26 149.11 141.50 
 137 151.58 115.90 141.50 
 138 142.07 227.08 151.58 
 139 110.37 116.99 151.58 
 140 149.63 84.94 151.58 
 141 171.57 120.34 151.58 
 142 155.34 121.50 171.57 
 143 164.89 119.01 171.57 
 144 141.91 131.34 171.57 
 145 151.91 126.95 171.57 
 146 180.56 182.63 171.57 
 147 177.14 167.65 180.56 
 148 192.30 138.25 180.56 
 149 153.35 57.41 192.30 
 150 139.52 38.92 192.30 
 151 143.63 80.26 192.30 
 152 164.68 138.40 192.30 
 153 149.61 148.46 192.30 
 154 189.78 148.76 192.30 
 155 175.66 106.60 192.30 
 156 209.12 139.32 192.30 
 157 187.31 153.97 209.12 
 158 204.30 185.83 209.12 
 159 245.03 228.79 209.12 
 160 210.59 205.75 245.03 
 161 233.29 140.02 245.03 
 162 258.33 250.54 245.03 
 163 231.62 252.76 258.33 
 164 197.01 215.11 258.33 
 165 246.80 182.80 258.33 
 166 208.63 138.57 258.33 
 167 239.33 170.58 258.33 
 168 245.00 229.57 258.33 
 169 227.62 158.18 258.33 
 170 280.30 198.10 258.33 
 171 269.78 127.58 280.30 
 172 291.72 159.28 280.30 
 173 269.82 157.25 291.72 
 174 351.30 228.54 291.72 
 175 263.27 220.28 351.30 
 176 294.39 231.80 351.30 
 177 264.26 200.99 351.30 
 178 286.59 249.33 351.30 
 179 216.49 177.09 351.30 
 180 322.86 211.75 351.30 
 181 266.46 242.81 351.30 
 182 273.96 186.75 351.30 
 183 339.16 294.51 351.30 
 184 319.08 164.25 351.30 
 185 333.32 183.99 351.30 
 186 337.61 198.07 351.30 
 187 372.94 190.51 351.30 
 188 410.93 175.75 372.94 
 189 325.15 299.76 410.93 
 190 403.96 158.80 410.93 
 191 377.63 316.42 410.93 
 192 425.21 271.24 410.93 
 193 382.20 380.69 425.21 
 194 405.82 383.68 425.21 
 195 499.32 342.74 425.21 
 196 454.94 347.37 499.32 
 197 397.55 387.07 499.32 
 198 510.44 339.75 499.32 
 199 480.47 308.65 510.44 
 200 488.40 365.04 510.44 
 201 498.38 325.13 510.44 
 202 513.16 272.86 510.44 
 203 540.80 459.09 513.16 
 204 529.54 224.61 540.80 
 205 493.52 365.92 540.80 
 206 568.37 395.86 540.80 
 207 651.97 437.60 568.37 
 208 576.69 554.73 651.97 
 209 623.32 506.40 651.97 
 210 642.52 394.74 651.97 
 211 643.50 424.69 651.97 
 212 717.95 507.62 651.97 
 213 698.27 387.17 717.95 
 214 624.48 537.26 717.95 
 215 721.15 427.52 717.95 
 216 731.91 483.68 721.15 
 217 732.99 424.75 731.91 
 218 727.22 544.36 732.99 
 219 807.76 456.46 732.99 
 220 705.49 410.35 807.76 
 221 679.11 421.14 807.76 
 222 727.93 375.79 807.76 
 223 802.58 646.30 807.76 
 224 827.62 612.00 807.76 
 225 817.47 574.51 827.62 
 226 812.88 824.72 827.62 
 227 908.21 726.53 827.62 
 228 942.73 682.90 908.21 
 229 914.16 540.83 942.73 
 230 882.34 676.68 942.73 
 231 982.04 657.93 942.73 
 232 843.88 593.03 982.04 
 233 989.11 880.26 982.04 
 234 1007.03 819.81 989.11 
 235 1046.43 941.49 1007.03 
 236 978.41 761.66 1046.43 
 237 1074.12 688.42 1046.43 
 238 1001.56 906.92 1074.12 
 239 1050.83 998.83 1074.12 
 240 999.50 936.01 1074.12 
 241 920.13 1017.93 1074.12 
 242 1089.04 1134.59 1074.12 
 243 1086.17 1089.04 1089.04 
 244 1107.31 890.45 1089.04 
 245 1039.72 901.18 1107.31 
 246 993.77 962.58 1107.31 
 247 1190.29 964.56 1107.31 
 248 1196.69 895.46 1190.29 
 249 1082.44 1129.69 1196.69 
 250 1072.98 1096.56 1196.69 
 251 1202.77 762.63 1196.69 
 252 1243.44 801.18 1202.77 
 253 1220.52 1104.64 1243.44 
 254 1255.07 1104.05 1243.44 
 255 1293.35 1251.30 1255.07 
 256 1146.73 806.33 1293.35 
 257 1129.70 983.98 1293.35 
 258 1328.03 1007.92 1293.35 
 259 1298.53 902.47 1328.03 
 260 1361.24 559.54 1328.03 
 261 1203.82 874.46 1361.24 
 262 1276.46 917.04 1361.24 
 263 1199.48 737.08 1361.24 
 264 1346.02 842.39 1361.24 
 265 1281.52 531.89 1361.24 
 266 1280.84 822.92 1361.24 
 267 1282.14 816.83 1361.24 
 268 1395.95 794.71 1361.24 
 269 1362.71 814.12 1395.95 
 270 1220.12 939.26 1395.95 
 271 1328.59 718.18 1395.95 
 272 1456.83 662.62 1395.95 
 273 1606.71 864.50 1456.83 
 274 1376.70 988.17 1606.71 
 275 1437.31 955.11 1606.71 
 276 1403.90 1059.29 1606.71 
 277 1528.43 867.99 1606.71 
 278 1642.59 961.81 1606.71 
 279 1421.67 1213.39 1642.59 
 280 1393.48 960.16 1642.59 
 281 1377.65 921.78 1642.59 
 282 1632.76 932.16 1642.59 
 283 1715.70 986.05 1642.59 
 284 1658.86 935.70 1715.70 
 285 1506.20 872.93 1715.70 
 286 1563.20 1055.16 1715.70 
 287 1604.51 927.04 1715.70 
 288 1635.57 1021.84 1715.70 
 289 1608.53 991.98 1715.70 
 290 1678.80 1307.45 1715.70 
 291 1722.44 1286.87 1715.70 
 292 1587.54 1434.61 1722.44 
 293 1703.25 1259.96 1722.44 
 294 1690.47 1275.70 1722.44 
 295 1636.94 1360.89 1722.44 
 296 1529.68 1393.62 1722.44 
 297 1808.74 1458.90 1722.44 
 298 1653.03 1357.06 1808.74 
 299 1633.19 1457.00 1808.74 
