Iter | Sampling Pol | Evaluation Pol | Best (Sampled) 
   0 -4.37 -5.27 -100000000.00 
   1 -4.61 -5.03 -4.37 
   2 -4.76 -3.90 -4.37 
   3 -3.74 -4.60 -4.37 
   4 -3.63 -4.52 -3.74 
   5 -0.59 -4.49 -3.63 
   6 -2.81 -4.28 -0.59 
   7 -3.82 -4.31 -0.59 
   8 -4.04 -3.73 -0.59 
   9 -2.14 -3.19 -0.59 
  10 -1.31 -1.89 -0.59 
  11 -2.60 -3.08 -0.59 
  12  2.11 -1.15 -0.59 
  13 -0.16  3.54  2.11 
  14 -1.30  1.40  2.11 
  15 -0.84  3.37  2.11 
  16  1.23  4.78  2.11 
  17  6.44 12.39  2.11 
  18 -0.23  7.10  6.44 
  19  0.92  7.08  6.44 
  20  0.91 10.15  6.44 
  21 -2.10  7.99  6.44 
  22 -2.23  1.91  6.44 
  23  1.06  3.97  6.44 
  24  2.54 19.92  6.44 
  25 -1.45 17.02  6.44 
  26  1.74 31.69  6.44 
  27  2.10 35.60  6.44 
  28  2.68 24.83  6.44 
  29  3.45 19.76  6.44 
  30  6.53 15.19  6.44 
  31  3.53 19.61  6.53 
  32 -0.20 56.59  6.53 
  33  2.87 14.44  6.53 
  34  4.37 16.96  6.53 
  35  2.66 16.98  6.53 
  36  6.17 12.14  6.53 
  37  5.39  6.64  6.53 
  38  2.83  3.76  6.53 
  39  4.76 32.87  6.53 
  40  3.55 10.33  6.53 
  41 10.13 10.30  6.53 
  42  7.17 18.37 10.13 
  43  3.05 22.97 10.13 
  44 10.27 20.65 10.13 
  45  5.09 24.29 10.27 
  46 11.94 22.52 10.27 
  47  6.50 74.65 11.94 
  48 18.44 90.61 11.94 
  49 15.12 32.99 18.44 
  50 15.74 35.38 18.44 
  51 17.45 60.72 18.44 
  52 11.93 22.39 18.44 
  53 10.71 31.00 18.44 
  54  9.19 52.42 18.44 
  55 16.64 27.68 18.44 
  56 24.29 46.76 18.44 
  57 23.73 39.68 24.29 
  58 11.28 37.83 24.29 
  59 18.25 30.27 24.29 
  60 21.16 41.57 24.29 
  61 28.24 27.80 24.29 
  62 18.84 24.12 28.24 
  63 40.43 44.02 28.24 
  64 26.04 98.05 40.43 
  65 28.09 50.80 40.43 
  66 30.80 38.21 40.43 
  67 23.45 34.46 40.43 
  68 36.77 22.26 40.43 
  69 25.93 24.32 40.43 
  70 37.84 60.08 40.43 
  71 42.60 33.53 40.43 
  72 33.45 24.88 42.60 
  73 47.72 26.75 42.60 
  74 28.55 23.27 47.72 
  75 33.89 34.50 47.72 
  76 48.98 22.81 47.72 
  77 52.13 29.13 48.98 
  78 40.72 68.94 52.13 
  79 45.26 33.62 52.13 
  80 44.56 101.47 52.13 
  81 44.79 75.80 52.13 
  82 57.75 47.41 52.13 
  83 76.93 58.88 57.75 
  84 54.78 55.08 76.93 
  85 57.19 118.45 76.93 
  86 99.31 129.50 76.93 
  87 104.95 93.07 99.31 
  88 76.88 83.74 104.95 
  89 73.43 151.44 104.95 
  90 83.23 100.17 104.95 
  91 95.38 221.64 104.95 
  92 73.40 95.12 104.95 
  93 90.18 164.51 104.95 
  94 93.87 157.72 104.95 
  95 92.15 235.35 104.95 
  96 108.92 245.85 104.95 
  97 132.00 265.12 108.92 
  98 126.29 204.57 132.00 
  99 100.65 173.02 132.00 
 100 130.28 226.89 132.00 
 101 171.73 215.46 132.00 
 102 148.98 261.94 171.73 
 103 157.59 431.41 171.73 
 104 195.34 246.78 171.73 
 105 148.30 428.11 195.34 
 106 177.92 378.58 195.34 
 107 182.65 348.11 195.34 
 108 177.13 286.65 195.34 
 109 164.83 442.87 195.34 
 110 230.78 292.83 195.34 
 111 232.33 394.92 230.78 
 112 271.44 426.12 232.33 
 113 228.98 473.31 271.44 
 114 333.41 422.53 271.44 
 115 325.10 507.63 333.41 
 116 376.38 478.54 333.41 
 117 322.23 531.63 376.38 
 118 360.15 569.34 376.38 
 119 442.98 714.27 376.38 
 120 493.73 557.78 442.98 
 121 457.33 659.07 493.73 
 122 505.03 735.87 493.73 
 123 555.22 649.01 505.03 
 124 524.90 667.07 555.22 
 125 550.70 559.58 555.22 
 126 606.41 768.45 555.22 
 127 651.55 974.31 606.41 
 128 786.42 798.55 651.55 
 129 722.92 733.81 786.42 
 130 704.97 739.09 786.42 
 131 778.50 870.30 786.42 
 132 908.26 866.79 786.42 
 133 965.72 868.11 908.26 
 134 899.82 1016.40 965.72 
 135 1051.25 1075.24 965.72 
 136 1002.15 1124.56 1051.25 
 137 1149.96 1226.77 1051.25 
 138 1123.34 1156.41 1149.96 
 139 1156.54 880.85 1149.96 
 140 1226.87 1003.23 1156.54 
 141 1446.22 964.65 1226.87 
 142 1237.34 1138.21 1446.22 
 143 1347.20 1329.40 1446.22 
 144 1429.17 831.13 1446.22 
 145 1457.56 873.29 1446.22 
 146 1569.27 911.11 1457.56 
 147 1450.24 1082.35 1569.27 
 148 1605.46 1164.88 1569.27 
 149 1525.11 1014.97 1605.46 
 150 1686.36 1083.73 1605.46 
 151 1796.00 1097.06 1686.36 
 152 1810.79 925.64 1796.00 
 153 1720.56 1126.01 1810.79 
 154 1907.28 1166.91 1810.79 
 155 1937.40 1260.93 1907.28 
 156 2009.05 1766.71 1937.40 
 157 2043.14 1477.75 2009.05 
 158 2066.37 1528.68 2043.14 
 159 2068.13 1364.86 2066.37 
 160 2120.83 1749.57 2068.13 
 161 2077.22 1488.00 2120.83 
 162 2180.75 1366.47 2120.83 
 163 2328.97 1360.38 2180.75 
 164 2338.42 1518.24 2328.97 
 165 2374.49 1592.39 2338.42 
 166 2318.92 1462.82 2374.49 
 167 2449.74 1542.75 2374.49 
 168 2490.95 1546.54 2449.74 
 169 2239.01 1482.92 2490.95 
 170 2509.66 1624.28 2490.95 
 171 2534.78 2182.01 2509.66 
 172 2571.83 1924.28 2534.78 
 173 2648.20 1825.29 2571.83 
 174 2807.37 2166.13 2648.20 
 175 2544.12 2219.33 2807.37 
 176 2690.56 2441.16 2807.37 
 177 2708.11 2113.10 2807.37 
 178 2773.81 2163.03 2807.37 
 179 2815.20 2219.59 2807.37 
 180 2750.61 1946.78 2815.20 
 181 2850.59 1849.34 2815.20 
 182 2845.06 1973.71 2850.59 
 183 2999.19 1965.30 2850.59 
 184 2945.24 1959.06 2999.19 
 185 2992.38 2109.12 2999.19 
 186 2893.67 2081.20 2999.19 
 187 3069.79 2234.89 2999.19 
 188 3020.60 2057.18 3069.79 
 189 3171.41 2240.29 3069.79 
 190 3045.69 2370.14 3171.41 
 191 3019.15 2609.89 3171.41 
 192 3024.47 2195.66 3171.41 
 193 3102.73 2501.48 3171.41 
 194 3027.82 2371.28 3171.41 
 195 3257.36 2211.59 3171.41 
 196 3037.15 2123.47 3257.36 
 197 3079.76 2279.93 3257.36 
 198 3193.88 2690.67 3257.36 
 199 3052.56 2418.36 3257.36 
 200 3313.20 2485.18 3257.36 
 201 3260.51 2517.56 3313.20 
 202 3042.61 2227.76 3313.20 
 203 3297.18 2373.60 3313.20 
 204 3147.97 2625.24 3313.20 
 205 3306.79 2557.71 3313.20 
 206 3312.09 3050.32 3313.20 
 207 3446.91 2840.04 3313.20 
 208 3399.98 2248.86 3446.91 
 209 3190.11 2575.91 3446.91 
 210 3470.19 2991.34 3446.91 
 211 3436.41 2800.64 3470.19 
 212 3343.76 2500.92 3470.19 
 213 3471.46 2815.61 3470.19 
 214 3242.79 2486.81 3471.46 
 215 3491.28 2714.78 3471.46 
 216 3482.24 2727.96 3491.28 
 217 3395.88 2521.26 3491.28 
 218 3611.94 2750.87 3491.28 
 219 3614.40 2868.81 3611.94 
 220 3583.91 3042.17 3614.40 
 221 3594.54 2855.62 3614.40 
 222 3669.10 2926.79 3614.40 
 223 3551.71 3113.42 3669.10 
 224 3357.21 2943.72 3669.10 
 225 3456.24 3102.88 3669.10 
 226 3462.17 3048.41 3669.10 
 227 3550.55 2916.07 3669.10 
 228 3554.84 3231.83 3669.10 
 229 3630.31 3143.03 3669.10 
 230 3669.51 3159.08 3669.10 
 231 3602.80 3269.80 3669.51 
 232 3443.04 3205.35 3669.51 
 233 3573.96 3004.26 3669.51 
 234 3654.72 2937.39 3669.51 
 235 3662.70 2822.80 3669.51 
 236 3622.44 3138.21 3669.51 
 237 3785.09 3175.67 3669.51 
 238 3720.89 3235.67 3785.09 
 239 3677.30 3227.95 3785.09 
 240 3598.55 3086.15 3785.09 
 241 3697.35 3047.13 3785.09 
 242 3765.90 3184.76 3785.09 
 243 3745.91 3138.42 3785.09 
 244 3638.33 3220.22 3785.09 
 245 3637.30 3296.18 3785.09 
 246 3655.85 3328.28 3785.09 
 247 3666.29 3197.08 3785.09 
 248 3886.10 3485.40 3785.09 
 249 3802.53 3542.75 3886.10 
 250 3734.02 3552.99 3886.10 
 251 3718.03 3198.17 3886.10 
 252 3798.16 3425.47 3886.10 
 253 3804.03 3122.28 3886.10 
 254 3922.74 3502.81 3886.10 
 255 3859.71 3635.28 3922.74 
 256 3851.03 3496.83 3922.74 
 257 3816.64 3475.50 3922.74 
 258 3784.98 3566.03 3922.74 
 259 3826.00 3534.82 3922.74 
 260 3797.74 3530.35 3922.74 
 261 3829.79 3456.89 3922.74 
 262 3785.70 3229.83 3922.74 
 263 3752.13 3371.71 3922.74 
 264 3934.26 3554.53 3922.74 
 265 3828.77 3761.17 3934.26 
 266 3751.65 3712.43 3934.26 
 267 3958.19 3756.59 3934.26 
 268 3842.89 3761.05 3958.19 
 269 3947.33 3864.05 3958.19 
 270 3873.06 3878.69 3958.19 
 271 3866.42 3639.44 3958.19 
 272 3995.48 3675.90 3958.19 
 273 3994.69 3563.26 3995.48 
 274 3846.73 3793.33 3995.48 
 275 3968.72 3704.83 3995.48 
 276 3886.91 3659.86 3995.48 
 277 3828.28 3529.82 3995.48 
 278 3890.30 3669.86 3995.48 
 279 3928.29 3489.04 3995.48 
 280 3811.87 3682.05 3995.48 
 281 3822.76 3568.68 3995.48 
 282 3816.41 3699.56 3995.48 
 283 3926.27 3515.69 3995.48 
 284 3838.81 3461.98 3995.48 
 285 3992.48 3658.09 3995.48 
 286 3944.41 3401.18 3995.48 
 287 3972.63 3416.53 3995.48 
 288 3924.28 3175.00 3995.48 
 289 3885.24 3895.77 3995.48 
 290 3842.37 3563.91 3995.48 
 291 3868.73 3350.72 3995.48 
 292 3921.46 3458.70 3995.48 
 293 3764.27 3742.10 3995.48 
 294 4008.46 3866.25 3995.48 
 295 3795.43 3787.82 4008.46 
 296 3869.38 3340.67 4008.46 
 297 3982.49 3602.93 4008.46 
 298 3904.16 3946.32 4008.46 
 299 3909.54 3708.51 4008.46 
 300 3913.59 3630.03 4008.46 
 301 3944.59 3603.34 4008.46 
 302 3887.55 3669.84 4008.46 
 303 3922.44 3480.91 4008.46 
 304 3921.28 3504.67 4008.46 
 305 3860.93 3611.56 4008.46 
 306 3961.30 3686.17 4008.46 
 307 4052.44 3775.43 4008.46 
 308 3936.37 3901.49 4052.44 
 309 4042.84 3665.31 4052.44 
 310 3955.61 3586.41 4052.44 
 311 4000.42 3852.94 4052.44 
 312 4044.96 3689.70 4052.44 
 313 4006.62 3670.73 4052.44 
 314 3973.13 3921.90 4052.44 
 315 4012.12 3957.21 4052.44 
 316 4023.85 3767.42 4052.44 
 317 3989.74 3703.30 4052.44 
 318 4057.50 3750.03 4052.44 
 319 4125.89 3948.25 4057.50 
 320 4044.35 3742.23 4125.89 
 321 4050.08 3906.45 4125.89 
 322 4064.44 4015.43 4125.89 
 323 4049.05 4068.29 4125.89 
 324 4084.34 3588.80 4125.89 
 325 4072.89 3399.23 4125.89 
 326 3989.01 3708.10 4125.89 
 327 4007.59 3481.00 4125.89 
 328 4035.61 3848.89 4125.89 
 329 4036.51 4071.26 4125.89 
 330 4103.58 4030.39 4125.89 
 331 4099.32 3954.66 4125.89 
 332 4092.67 4038.63 4125.89 
 333 4054.77 3997.89 4125.89 
 334 4130.04 4210.31 4125.89 
 335 4066.64 4053.52 4130.04 
 336 4011.54 4101.70 4130.04 
 337 4075.51 4058.42 4130.04 
 338 4070.19 4127.84 4130.04 
 339 4148.85 4090.46 4130.04 
 340 4099.12 4047.34 4148.85 
 341 4075.52 4163.41 4148.85 
 342 4194.79 3910.45 4148.85 
 343 4168.11 3816.87 4194.79 
 344 4107.14 3937.49 4194.79 
 345 4158.92 4227.62 4194.79 
 346 3934.71 3989.29 4194.79 
 347 3994.29 3836.38 4194.79 
 348 4144.52 4078.38 4194.79 
 349 4208.17 4005.04 4194.79 
 350 4139.08 3968.79 4208.17 
 351 4185.99 4109.94 4208.17 
 352 4098.63 3947.01 4208.17 
 353 4067.35 3708.63 4208.17 
 354 4060.17 3880.12 4208.17 
 355 4170.89 4061.09 4208.17 
 356 4052.43 3915.18 4208.17 
 357 3981.36 3949.54 4208.17 
 358 4145.04 4026.03 4208.17 
 359 4127.95 3872.66 4208.17 
 360 4115.48 3854.68 4208.17 
 361 4201.51 3975.01 4208.17 
 362 4143.35 3978.10 4208.17 
 363 4116.42 3818.55 4208.17 
 364 4085.01 3885.15 4208.17 
 365 4027.00 4018.33 4208.17 
 366 4170.39 4022.15 4208.17 
 367 4156.11 3659.53 4208.17 
 368 4057.50 3702.66 4208.17 
 369 4097.83 3586.94 4208.17 
 370 4093.09 3680.92 4208.17 
 371 4129.29 3826.96 4208.17 
 372 4184.09 4012.90 4208.17 
 373 4002.91 3871.71 4208.17 
 374 4151.32 3589.50 4208.17 
 375 4123.66 3736.75 4208.17 
 376 4077.81 3912.20 4208.17 
 377 4089.44 3931.96 4208.17 
 378 4219.72 3615.38 4208.17 
 379 4220.66 3874.63 4219.72 
 380 4180.43 3707.90 4220.66 
 381 4158.85 3777.67 4220.66 
 382 4147.41 3870.75 4220.66 
 383 4212.19 3900.84 4220.66 
 384 4206.02 4002.31 4220.66 
 385 4196.18 3899.70 4220.66 
 386 4106.79 4062.09 4220.66 
 387 4100.52 3974.42 4220.66 
 388 4202.65 4115.43 4220.66 
 389 4081.13 3990.47 4220.66 
 390 4162.75 4094.37 4220.66 
 391 4247.30 4016.11 4220.66 
 392 4176.38 3987.28 4247.30 
 393 4203.35 3930.89 4247.30 
 394 4212.02 4082.25 4247.30 
 395 4166.64 4046.29 4247.30 
 396 4141.51 4146.60 4247.30 
 397 4205.77 4060.83 4247.30 
 398 4194.67 3770.37 4247.30 
 399 4166.52 3903.16 4247.30 
 400 4240.15 4016.26 4247.30 
 401 4142.18 4045.10 4247.30 
 402 4129.03 3810.88 4247.30 
 403 4067.58 4076.17 4247.30 
 404 4135.98 4098.03 4247.30 
 405 4084.45 4213.76 4247.30 
 406 4211.09 4093.70 4247.30 
 407 4183.99 4045.05 4247.30 
 408 4127.78 4205.06 4247.30 
 409 4148.53 4202.39 4247.30 
 410 4136.25 4070.43 4247.30 
 411 4195.32 3908.52 4247.30 
 412 4264.13 3972.20 4247.30 
 413 4181.57 3906.27 4264.13 
 414 4225.25 3778.77 4264.13 
 415 4259.77 3882.59 4264.13 
 416 4284.09 3950.45 4264.13 
 417 4296.35 4109.19 4284.09 
 418 4204.84 4135.05 4296.35 
 419 4242.04 4180.11 4296.35 
 420 4294.10 4107.82 4296.35 
 421 4272.64 4373.85 4296.35 
 422 4318.29 4221.32 4296.35 
 423 4290.08 4341.74 4318.29 
 424 4252.59 4251.19 4318.29 
 425 4239.64 4321.66 4318.29 
 426 4296.31 4377.77 4318.29 
 427 4259.96 4335.18 4318.29 
 428 4323.06 4154.51 4318.29 
 429 4209.67 4123.08 4323.06 
 430 4213.71 4211.17 4323.06 
 431 4252.05 4273.70 4323.06 
 432 4243.55 3979.27 4323.06 
 433 4314.54 4261.16 4323.06 
 434 4289.98 4118.42 4323.06 
 435 4346.58 3908.55 4323.06 
 436 4315.41 4088.74 4346.58 
 437 4307.16 4240.48 4346.58 
 438 4255.14 4204.45 4346.58 
 439 4298.35 4270.78 4346.58 
 440 4207.32 4328.20 4346.58 
 441 4270.11 4169.31 4346.58 
 442 4304.54 4374.31 4346.58 
 443 4311.27 4341.52 4346.58 
 444 4340.08 4210.29 4346.58 
 445 4281.80 4256.74 4346.58 
 446 4314.56 4340.02 4346.58 
 447 4384.52 4436.15 4346.58 
 448 4281.96 4450.02 4384.52 
 449 4336.83 4468.19 4384.52 
 450 4388.43 4366.72 4384.52 
 451 4232.94 4317.45 4388.43 
 452 4435.21 4131.19 4388.43 
 453 4199.42 4151.79 4435.21 
 454 4336.17 4205.86 4435.21 
 455 4348.52 4050.02 4435.21 
 456 4388.44 4133.01 4435.21 
 457 4297.61 3978.12 4435.21 
 458 4308.13 4119.71 4435.21 
 459 4253.02 4034.19 4435.21 
 460 4268.63 4139.60 4435.21 
 461 4292.53 4171.78 4435.21 
 462 4235.66 4016.68 4435.21 
 463 4354.06 3899.66 4435.21 
 464 4207.99 4015.06 4435.21 
 465 4409.07 4196.61 4435.21 
 466 4305.43 4054.81 4435.21 
 467 4233.46 4150.13 4435.21 
 468 4312.59 4139.44 4435.21 
 469 4325.70 4074.59 4435.21 
 470 4351.96 4008.88 4435.21 
 471 4355.17 4084.75 4435.21 
 472 4265.74 3984.15 4435.21 
 473 4349.35 4134.12 4435.21 
 474 4229.74 4109.92 4435.21 
 475 4268.72 4127.84 4435.21 
 476 4422.87 4153.84 4435.21 
 477 4263.28 4144.69 4435.21 
 478 4336.82 4238.43 4435.21 
 479 4403.38 4425.26 4435.21 
 480 4365.03 4444.69 4435.21 
 481 4307.80 4407.19 4435.21 
 482 4247.36 4296.03 4435.21 
 483 4384.90 4327.07 4435.21 
 484 4405.67 4229.46 4435.21 
 485 4426.70 4260.06 4435.21 
 486 4322.46 4337.87 4435.21 
 487 4253.37 4317.59 4435.21 
 488 4422.29 4344.19 4435.21 
 489 4378.56 4323.20 4435.21 
 490 4365.90 4293.30 4435.21 
 491 4314.53 4253.67 4435.21 
 492 4433.89 4280.69 4435.21 
 493 4368.64 4078.62 4435.21 
 494 4298.96 4225.89 4435.21 
 495 4322.18 4313.96 4435.21 
 496 4401.79 4345.54 4435.21 
 497 4470.01 4226.46 4435.21 
 498 4404.95 4095.30 4470.01 
 499 4220.28 4206.33 4470.01 
