Iter | Sampling Pol | Evaluation Pol | Best (Sampled) 
   0 -7.44 -5.46 -100000000.00 
   1 -6.43 -4.08 -7.44 
   2 -5.89 -3.16 -6.43 
   3 -5.78 -4.00 -5.89 
   4 -5.09 -3.92 -5.78 
   5 -4.79 -4.26 -5.09 
   6 -3.66 -4.68 -4.79 
   7 -3.84 -3.55 -3.66 
   8 -4.50 -3.82 -3.66 
   9 -4.25 -3.23 -3.66 
  10 -4.42 -3.79 -3.66 
  11 -4.17 -4.74 -3.66 
  12 -3.85 -4.84 -3.66 
  13 -3.66 -2.48 -3.66 
  14 -3.17 -4.62 -3.66 
  15 -4.06 -3.73 -3.17 
  16 -4.02 -3.39 -3.17 
  17 -2.50 -3.48 -3.17 
  18 -4.11 -3.17 -2.50 
  19 -3.32 -3.15 -2.50 
  20 -2.03 -1.08 -2.50 
  21 -3.43 -3.52 -2.03 
  22 -2.91 -3.99 -2.03 
  23 -3.42 -3.58 -2.03 
  24 -3.34 -3.63 -2.03 
  25 -3.21 -3.92 -2.03 
  26 -2.72 -4.10 -2.03 
  27 -2.30 -3.23 -2.03 
  28 -3.01 -3.38 -2.03 
  29 -2.34 -3.39 -2.03 
  30 -2.75 -3.00 -2.03 
  31 -2.96 -4.26 -2.03 
  32 -2.04 -4.02 -2.03 
  33 -2.17 -3.91 -2.03 
  34 -0.15 -4.03 -2.03 
  35 -1.21 -2.70 -0.15 
  36 -2.06 -1.65 -0.15 
  37 -1.98 -3.28 -0.15 
  38 -2.08 -3.32 -0.15 
  39 -2.02 -3.94 -0.15 
  40 -3.07 -1.76 -0.15 
  41 -2.93 -4.53 -0.15 
  42 -2.44 -3.91 -0.15 
  43 -2.35 -3.80 -0.15 
  44 -0.75 -4.05 -0.15 
  45 -2.51 -2.87 -0.15 
  46 -2.18 -1.97 -0.15 
  47 -1.63  0.54 -0.15 
  48 -1.03 -3.44 -0.15 
  49  0.50 -3.16 -0.15 
  50 -1.61 -4.12  0.50 
  51 -1.79 -3.36  0.50 
  52 -1.93 -3.74  0.50 
  53  0.34 -3.54  0.50 
  54 -1.02 -1.24  0.50 
  55  0.09 -2.23  0.50 
  56  0.38 -2.31  0.50 
  57  1.16 -3.69  0.50 
  58  1.32 -4.40  1.16 
  59 -0.28 -4.34  1.32 
  60 -1.70 -3.89  1.32 
  61 -0.20 -4.09  1.32 
  62  1.00 -2.82  1.32 
  63  1.74 -0.66  1.32 
  64  0.73 -0.80  1.74 
  65  9.18 -3.65  1.74 
  66  1.98 -4.09  9.18 
  67  8.58 -3.27  9.18 
  68  1.85  0.28  9.18 
  69 -0.33 -2.00  9.18 
  70  1.25  2.29  9.18 
  71  2.61  0.11  9.18 
  72  2.74 -2.14  9.18 
  73  5.97 -1.63  9.18 
  74  1.94  2.03  9.18 
  75  6.14  1.18  9.18 
  76  3.60  0.18  9.18 
  77  0.69  1.36  9.18 
  78  0.33  2.47  9.18 
  79  3.74  8.05  9.18 
  80  3.57  2.75  9.18 
  81  6.08 11.24  9.18 
  82  3.33  0.43  9.18 
  83  9.43 55.26  9.18 
  84  6.17 -2.27  9.43 
  85  5.57 -0.03  9.43 
  86  5.97  2.53  9.43 
  87  4.17 -3.33  9.43 
  88  9.72 -3.20  9.43 
  89  2.10 -3.64  9.72 
  90  8.77 -3.77  9.72 
  91  6.07 25.53  9.72 
  92  5.44 -1.00  9.72 
  93  6.92  4.47  9.72 
  94  8.27  0.55  9.72 
  95 17.69  3.36  9.72 
  96 10.32  0.16 17.69 
  97  5.53 31.17 17.69 
  98 12.75  1.54 17.69 
  99 11.29  6.31 17.69 
 100 16.13  9.15 17.69 
 101  6.15 17.00 17.69 
 102  4.81 13.91 17.69 
 103 13.40 17.34 17.69 
 104 12.04 13.80 17.69 
 105 22.30  2.71 17.69 
 106 15.07 -0.07 22.30 
 107 19.55  6.03 22.30 
 108 21.61  4.78 22.30 
 109 20.30  1.12 22.30 
 110 11.23  2.94 22.30 
 111  9.43 14.23 22.30 
 112 22.81  6.46 22.30 
 113 27.33  7.86 22.81 
 114 26.07 37.39 27.33 
 115 25.80 -0.21 27.33 
 116 30.55 -3.20 27.33 
 117 22.77  6.07 30.55 
 118 25.74  6.45 30.55 
 119 20.94 -0.01 30.55 
 120 28.31 -3.21 30.55 
 121 33.42 55.88 30.55 
 122 36.90 35.43 33.42 
 123 20.20 22.20 36.90 
 124 31.03 11.83 36.90 
 125 27.86 10.47 36.90 
 126 37.69 25.17 36.90 
 127 31.47 13.46 37.69 
 128 40.96 10.68 37.69 
 129 46.33  4.48 40.96 
 130 64.81  3.71 46.33 
 131 55.99 19.86 64.81 
 132 42.54 27.51 64.81 
 133 25.28  5.65 64.81 
 134 29.27  6.43 64.81 
 135 44.42  5.57 64.81 
 136 54.05 19.13 64.81 
 137 56.26 19.08 64.81 
 138 42.56 101.39 64.81 
 139 55.24 82.56 64.81 
 140 62.18 15.46 64.81 
 141 43.35  7.59 64.81 
 142 51.75 12.86 64.81 
 143 48.88 10.18 64.81 
 144 50.43 35.25 64.81 
 145 78.70  8.02 64.81 
 146 80.05 20.64 78.70 
 147 52.99 18.33 80.05 
 148 54.83  6.60 80.05 
 149 64.38 11.00 80.05 
 150 39.27  7.10 80.05 
 151 57.20 78.70 80.05 
 152 87.03 92.58 80.05 
 153 51.51 105.83 87.03 
 154 83.37 119.99 87.03 
 155 65.94 60.70 87.03 
 156 73.02 32.60 87.03 
 157 79.30 68.26 87.03 
 158 49.72 96.50 87.03 
 159 82.46 60.82 87.03 
 160 76.15 67.71 87.03 
 161 58.67 37.32 87.03 
 162 81.14 44.81 87.03 
 163 62.88 48.21 87.03 
 164 80.76 -2.41 87.03 
 165 97.21 12.12 87.03 
 166 87.06 70.14 97.21 
 167 85.24 90.53 97.21 
 168 100.06 186.00 97.21 
 169 89.25 75.23 100.06 
 170 141.00 96.73 100.06 
 171 98.28 72.53 141.00 
 172 119.68 34.11 141.00 
 173 92.39 83.12 141.00 
 174 141.33 158.80 141.00 
 175 101.10 24.21 141.33 
 176 129.59 30.92 141.33 
 177 112.17 35.18 141.33 
 178 87.56 104.76 141.33 
 179 100.99 90.39 141.33 
 180 97.32 96.20 141.33 
 181 120.79 39.59 141.33 
 182 120.28 127.09 141.33 
 183 85.91 171.55 141.33 
 184 114.86 121.92 141.33 
 185 122.03 110.35 141.33 
 186 128.69 200.94 141.33 
 187 182.58 274.35 141.33 
 188 155.66 269.78 182.58 
 189 139.87 234.65 182.58 
 190 159.81 200.62 182.58 
 191 164.85 177.36 182.58 
 192 150.98 248.92 182.58 
 193 206.75 317.51 182.58 
 194 182.34 242.05 206.75 
 195 208.11 243.65 206.75 
 196 232.31 146.78 208.11 
 197 167.06 139.88 232.31 
 198 183.23 107.56 232.31 
 199 191.96 199.47 232.31 
 200 129.47 349.47 232.31 
 201 209.24 480.44 232.31 
 202 187.22 490.67 232.31 
 203 191.10 415.81 232.31 
 204 159.10 341.69 232.31 
 205 194.63 207.38 232.31 
 206 321.80 394.10 232.31 
 207 204.90 391.30 321.80 
 208 189.39 329.85 321.80 
 209 266.25 479.73 321.80 
 210 259.58 373.66 321.80 
 211 250.08 317.19 321.80 
 212 330.71 246.79 321.80 
 213 279.72 356.92 330.71 
 214 249.87 455.20 330.71 
 215 268.80 372.23 330.71 
 216 312.00 365.30 330.71 
 217 332.46 400.51 330.71 
 218 370.79 446.96 332.46 
 219 271.40 332.19 370.79 
 220 325.61 129.98 370.79 
 221 359.66 292.37 370.79 
 222 317.05 330.07 370.79 
 223 326.86 390.78 370.79 
 224 249.04 273.78 370.79 
 225 321.79 327.76 370.79 
 226 280.17 341.83 370.79 
 227 307.58 381.15 370.79 
 228 354.26 367.27 370.79 
 229 371.73 314.74 370.79 
 230 292.69 389.01 371.73 
 231 357.61 379.35 371.73 
 232 302.40 339.07 371.73 
 233 393.50 397.54 371.73 
 234 304.38 267.27 393.50 
 235 434.86 412.54 393.50 
 236 287.67 510.48 434.86 
 237 381.42 470.95 434.86 
 238 289.65 575.49 434.86 
 239 336.41 524.80 434.86 
 240 344.65 638.10 434.86 
 241 369.76 651.66 434.86 
 242 433.97 663.53 434.86 
 243 460.17 626.16 434.86 
 244 405.91 584.50 460.17 
 245 383.83 617.91 460.17 
 246 397.76 785.42 460.17 
 247 408.45 725.11 460.17 
 248 359.01 745.96 460.17 
 249 375.23 749.16 460.17 
 250 427.57 590.04 460.17 
 251 345.82 532.63 460.17 
 252 367.85 662.43 460.17 
 253 468.89 518.28 460.17 
 254 389.78 670.47 468.89 
 255 466.36 759.38 468.89 
 256 425.35 800.20 468.89 
 257 418.45 576.42 468.89 
 258 503.87 810.62 468.89 
 259 534.06 835.25 503.87 
 260 607.82 660.84 534.06 
 261 646.70 941.76 607.82 
 262 486.18 791.85 646.70 
 263 409.38 712.17 646.70 
 264 558.51 801.23 646.70 
 265 478.78 805.62 646.70 
 266 361.81 681.24 646.70 
 267 495.24 730.58 646.70 
 268 572.21 882.38 646.70 
 269 550.04 748.90 646.70 
 270 499.54 817.03 646.70 
 271 652.57 508.14 646.70 
 272 589.57 605.39 652.57 
 273 604.60 710.65 652.57 
 274 563.40 485.78 652.57 
 275 427.33 518.97 652.57 
 276 517.85 586.23 652.57 
 277 439.61 299.41 652.57 
 278 508.09 712.39 652.57 
 279 585.15 393.57 652.57 
 280 498.14 593.26 652.57 
 281 510.97 482.21 652.57 
 282 578.76 870.76 652.57 
 283 692.29 558.91 652.57 
 284 479.47 697.05 692.29 
 285 455.99 681.44 692.29 
 286 554.48 543.79 692.29 
 287 608.35 715.26 692.29 
 288 552.04 728.41 692.29 
 289 618.56 580.70 692.29 
 290 642.50 386.72 692.29 
 291 577.85 745.96 692.29 
 292 590.17 693.99 692.29 
 293 520.54 496.00 692.29 
 294 653.36 454.36 692.29 
 295 596.34 635.50 692.29 
 296 687.66 918.39 692.29 
 297 706.63 871.31 692.29 
 298 540.99 1013.08 706.63 
 299 603.60 1082.06 706.63 
