Iter | Sampling Pol | Evaluation Pol | Best (Sampled) 
   0 -7.19 -7.56 -100000000.00 
   1 -6.90 -6.99 -7.19 
   2 -6.20 -6.66 -6.90 
   3 -5.85 -5.88 -6.20 
   4 -5.46 -4.96 -5.85 
   5 -5.31 -4.87 -5.46 
   6 -4.44 -4.02 -5.31 
   7 -4.41 -3.83 -4.44 
   8 -4.72 -4.36 -4.41 
   9 -4.55 -3.89 -4.41 
  10 -4.52 -4.53 -4.41 
  11 -4.27 -4.09 -4.41 
  12 -3.81 -4.05 -4.27 
  13 -3.49 -2.53 -3.81 
  14 -3.96 -3.18 -3.49 
  15 -3.36 -4.17 -3.49 
  16 -4.01 -3.14 -3.36 
  17 -3.09 -3.08 -3.36 
  18 -3.49 -3.04 -3.09 
  19 -3.60 -3.70 -3.09 
  20 -3.45 -3.64 -3.09 
  21 -2.80 -2.73 -3.09 
  22 -2.93 -4.03 -2.80 
  23 -2.71 -3.38 -2.80 
  24 -2.48 -2.89 -2.71 
  25 -2.98 -3.70 -2.48 
  26 -2.07 -3.31 -2.48 
  27 -2.35 -0.70 -2.07 
  28 -2.90 -0.60 -2.07 
  29 -1.81  0.96 -2.07 
  30 -1.98 -2.26 -1.81 
  31 -1.99 -1.17 -1.81 
  32 -1.85 -1.07 -1.81 
  33 -2.50 -0.27 -1.81 
  34 -1.91  0.13 -1.81 
  35 -0.72 -0.36 -1.81 
  36  1.09 -2.11 -0.72 
  37 -0.65 -1.56  1.09 
  38 -1.46 -2.43  1.09 
  39 -0.07 -3.02  1.09 
  40  1.39 -2.82  1.09 
  41  0.36 -2.82  1.39 
  42  1.34 -2.41  1.39 
  43  1.09 -2.61  1.39 
  44  2.38 -2.20  1.39 
  45 -0.26 -1.74  2.38 
  46  0.12 -1.49  2.38 
  47  0.16 -0.00  2.38 
  48  1.69  0.06  2.38 
  49  1.45  0.88  2.38 
  50 -0.84  0.17  2.38 
  51  1.03  1.27  2.38 
  52  0.61  1.09  2.38 
  53  2.18  1.74  2.38 
  54  7.19 -1.60  2.38 
  55  1.89  7.43  7.19 
  56  3.45  3.87  7.19 
  57  4.33  0.11  7.19 
  58  2.92  1.98  7.19 
  59  1.63  6.35  7.19 
  60  4.38  6.76  7.19 
  61  4.48  1.32  7.19 
  62  5.45  6.10  7.19 
  63  7.03 13.14  7.19 
  64  2.87  3.92  7.19 
  65  7.33  8.15  7.19 
  66  6.57  1.78  7.33 
  67  8.31  4.34  7.33 
  68  8.56  4.65  8.31 
  69  6.15  8.09  8.56 
  70  7.16 13.51  8.56 
  71  5.81  5.34  8.56 
  72 10.94  4.93  8.56 
  73 11.48  9.08 10.94 
  74 11.51 21.66 11.48 
  75 12.89  6.23 11.51 
  76  6.87 10.22 12.89 
  77 16.59  7.51 12.89 
  78 10.99  6.14 16.59 
  79  8.66  9.45 16.59 
  80 10.33 11.50 16.59 
  81 12.63  9.37 16.59 
  82 16.54 13.01 16.59 
  83 12.99  7.17 16.59 
  84 16.28 14.56 16.59 
  85 11.53 17.00 16.59 
  86 17.36  8.04 16.59 
  87  9.68  4.69 17.36 
  88 15.53 26.99 17.36 
  89  9.85  5.16 17.36 
  90 13.51  5.07 17.36 
  91 17.22  7.97 17.36 
  92 11.14  2.18 17.36 
  93 12.94  4.21 17.36 
  94 14.88 11.86 17.36 
  95 24.90 10.41 17.36 
  96 22.86  9.30 24.90 
  97 20.22 13.19 24.90 
  98 20.17 13.59 24.90 
  99 15.36  9.00 24.90 
 100 22.90 10.25 24.90 
 101 23.15  8.48 24.90 
 102 28.37 10.84 24.90 
 103 22.02 13.33 28.37 
 104 30.66 14.83 28.37 
 105 24.21 21.48 30.66 
 106 31.92 22.05 30.66 
 107 23.97 25.92 31.92 
 108 30.40 12.64 31.92 
 109 25.53 18.23 31.92 
 110 33.31 19.96 31.92 
 111 31.22 10.18 33.31 
 112 36.78 10.94 33.31 
 113 34.06 13.92 36.78 
 114 34.69 11.10 36.78 
 115 37.68 30.10 36.78 
 116 30.47 35.19 37.68 
 117 36.81 43.89 37.68 
 118 46.10 25.86 37.68 
 119 43.66 26.71 46.10 
 120 36.45 29.07 46.10 
 121 48.96 18.60 46.10 
 122 55.44 39.93 48.96 
 123 46.75 36.52 55.44 
 124 47.13 31.04 55.44 
 125 52.38 39.94 55.44 
 126 71.18 81.53 55.44 
 127 62.50 37.10 71.18 
 128 53.38 44.87 71.18 
 129 62.39 27.04 71.18 
 130 51.55 57.39 71.18 
 131 61.09 52.92 71.18 
 132 77.37 63.42 71.18 
 133 73.27 44.91 77.37 
 134 90.65 51.55 77.37 
 135 72.21 57.20 90.65 
 136 71.89 90.32 90.65 
 137 98.89 54.30 90.65 
 138 82.64 80.88 98.89 
 139 72.68 90.95 98.89 
 140 109.17 49.38 98.89 
 141 84.43 55.75 109.17 
 142 95.07 99.33 109.17 
 143 88.85 55.65 109.17 
 144 120.10 132.57 109.17 
 145 86.32 115.99 120.10 
 146 98.49 77.28 120.10 
 147 144.32 126.75 120.10 
 148 98.10 145.42 144.32 
 149 116.51 75.56 144.32 
 150 128.07 41.51 144.32 
 151 127.81 33.09 144.32 
 152 126.59 43.86 144.32 
 153 108.25 42.49 144.32 
 154 150.34 37.55 144.32 
 155 143.80 61.24 150.34 
 156 114.51 72.17 150.34 
 157 167.16 102.70 150.34 
 158 156.28 102.38 167.16 
 159 152.57 105.34 167.16 
 160 119.61 126.74 167.16 
 161 167.26 76.53 167.16 
 162 180.13 116.62 167.26 
 163 117.64 141.55 180.13 
 164 169.37 116.35 180.13 
 165 183.14 165.65 180.13 
 166 150.42 153.40 183.14 
 167 154.98 172.41 183.14 
 168 176.20 152.70 183.14 
 169 173.31 166.43 183.14 
 170 166.05 97.15 183.14 
 171 161.29 114.89 183.14 
 172 222.74 222.87 183.14 
 173 232.02 120.31 222.74 
 174 205.43 253.80 232.02 
 175 157.66 301.41 232.02 
 176 189.71 210.00 232.02 
 177 239.90 242.85 232.02 
 178 224.66 205.99 239.90 
 179 190.63 123.48 239.90 
 180 218.80 201.44 239.90 
 181 240.61 225.14 239.90 
 182 209.94 190.10 240.61 
 183 242.39 256.99 240.61 
 184 229.06 189.82 242.39 
 185 225.82 175.63 242.39 
 186 238.91 93.94 242.39 
 187 304.92 135.51 242.39 
 188 295.17 217.62 304.92 
 189 312.86 168.75 304.92 
 190 324.00 250.76 312.86 
 191 276.79 311.78 324.00 
 192 276.57 406.24 324.00 
 193 331.21 288.43 324.00 
 194 316.02 392.68 331.21 
 195 342.98 158.47 331.21 
 196 352.19 215.23 342.98 
 197 290.63 276.27 352.19 
 198 266.27 192.29 352.19 
 199 351.83 296.87 352.19 
 200 368.18 263.94 352.19 
 201 318.68 286.38 368.18 
 202 357.01 251.84 368.18 
 203 374.18 241.76 368.18 
 204 367.41 334.13 374.18 
 205 329.85 286.24 374.18 
 206 493.51 359.60 374.18 
 207 432.08 262.57 493.51 
 208 265.83 328.03 493.51 
 209 369.01 341.70 493.51 
 210 459.21 408.88 493.51 
 211 413.29 288.97 493.51 
 212 488.71 349.44 493.51 
 213 516.45 384.42 493.51 
 214 393.07 441.35 516.45 
 215 440.19 419.18 516.45 
 216 450.89 315.85 516.45 
 217 424.66 367.08 516.45 
 218 526.54 405.00 516.45 
 219 460.14 371.79 526.54 
 220 558.73 415.39 526.54 
 221 505.07 493.86 558.73 
 222 535.12 437.16 558.73 
 223 645.22 527.37 558.73 
 224 423.96 480.99 645.22 
 225 540.56 554.19 645.22 
 226 537.92 526.65 645.22 
 227 592.31 576.39 645.22 
 228 607.54 753.09 645.22 
 229 590.04 499.68 645.22 
 230 549.76 564.21 645.22 
 231 683.11 531.08 645.22 
 232 586.82 469.79 683.11 
 233 573.11 390.44 683.11 
 234 650.90 448.36 683.11 
 235 660.17 420.56 683.11 
 236 644.85 525.18 683.11 
 237 689.30 439.86 683.11 
 238 553.27 273.28 689.30 
 239 710.20 300.39 689.30 
 240 610.79 523.57 710.20 
 241 569.36 336.74 710.20 
 242 682.61 464.45 710.20 
 243 672.86 496.20 710.20 
 244 706.34 549.93 710.20 
 245 724.86 615.95 710.20 
 246 838.21 469.80 724.86 
 247 849.80 449.30 838.21 
 248 837.80 564.04 849.80 
 249 788.95 626.10 849.80 
 250 768.71 649.91 849.80 
 251 810.15 717.64 849.80 
 252 793.20 533.22 849.80 
 253 844.28 736.50 849.80 
 254 861.76 547.52 849.80 
 255 893.05 621.47 861.76 
 256 881.95 611.18 893.05 
 257 836.02 662.07 893.05 
 258 906.68 548.29 893.05 
 259 953.40 472.96 906.68 
 260 882.42 533.32 953.40 
 261 922.54 577.48 953.40 
 262 904.34 560.82 953.40 
 263 918.92 729.82 953.40 
 264 831.99 761.60 953.40 
 265 903.05 733.18 953.40 
 266 945.48 660.90 953.40 
 267 1004.01 546.44 953.40 
 268 1092.74 481.04 1004.01 
 269 862.37 748.06 1092.74 
 270 955.40 467.78 1092.74 
 271 938.05 555.08 1092.74 
 272 1057.62 704.41 1092.74 
 273 1174.50 609.61 1092.74 
 274 1009.52 642.79 1174.50 
 275 1026.83 589.84 1174.50 
 276 1074.61 729.29 1174.50 
 277 1094.60 619.30 1174.50 
 278 1101.75 782.70 1174.50 
 279 1138.43 898.00 1174.50 
 280 1037.17 1061.15 1174.50 
 281 1072.10 938.76 1174.50 
 282 1146.03 924.40 1174.50 
 283 1322.52 1053.10 1174.50 
 284 1113.59 922.79 1322.52 
 285 1145.38 816.11 1322.52 
 286 1155.16 846.56 1322.52 
 287 1251.21 935.93 1322.52 
 288 1308.29 826.91 1322.52 
 289 1190.82 924.38 1322.52 
 290 1104.44 1149.78 1322.52 
 291 1244.40 922.36 1322.52 
 292 1204.04 1087.40 1322.52 
 293 1259.26 1166.65 1322.52 
 294 1198.87 1019.59 1322.52 
 295 1128.51 810.17 1322.52 
 296 1221.52 1069.04 1322.52 
 297 1237.42 854.66 1322.52 
 298 1220.46 1000.47 1322.52 
 299 1153.52 782.39 1322.52 
 276 1061.13 678.31 -100000000.00 
 277 1076.60 606.13 1061.13 
 278 898.47 562.34 1076.60 
 279 942.23 584.26 1076.60 
 280 879.69 559.88 1076.60 
 281 855.20 742.69 1076.60 
 282 1012.77 798.05 1076.60 
 283 728.91 827.31 1076.60 
 284 894.60 753.14 1076.60 
 285 889.54 687.58 1076.60 
 286 795.13 676.67 1076.60 
 287 837.01 601.77 1076.60 
 288 933.39 600.16 1076.60 
 289 881.01 685.43 1076.60 
 290 860.07 636.10 1076.60 
 291 893.55 738.03 1076.60 
 292 874.76 610.10 1076.60 
 293 840.25 911.21 1076.60 
 294 882.86 793.24 1076.60 
 295 864.62 596.71 1076.60 
 296 981.03 618.85 1076.60 
 297 885.43 773.64 1076.60 
 298 966.28 761.01 1076.60 
 299 858.24 980.16 1076.60 
 300 1054.77 922.74 1076.60 
 301 870.46 852.46 1076.60 
 302 866.02 776.14 1076.60 
 303 1060.02 1066.05 1076.60 
 304 985.05 959.12 1076.60 
 305 938.79 1100.07 1076.60 
 306 940.34 1098.63 1076.60 
 307 971.55 1093.40 1076.60 
 308 1004.40 1030.89 1076.60 
 309 903.54 1058.93 1076.60 
 310 1041.15 1124.79 1076.60 
 311 1064.33 990.45 1076.60 
 312 1065.73 1220.13 1076.60 
 313 990.20 1047.41 1076.60 
 314 1048.19 860.97 1076.60 
 315 1068.87 1082.41 1076.60 
 316 1170.33 1026.02 1076.60 
 317 1166.74 1182.10 1170.33 
 318 1012.97 1310.21 1170.33 
 319 1086.37 1195.31 1170.33 
 320 1283.59 1242.30 1170.33 
 321 1213.76 1450.15 1283.59 
 322 1276.76 1193.92 1283.59 
 323 1074.02 1437.02 1283.59 
 324 1231.38 1208.78 1283.59 
 325 1244.60 1208.46 1283.59 
 326 1135.53 1172.34 1283.59 
 327 1267.27 1245.11 1283.59 
 328 1209.00 1203.71 1283.59 
 329 1292.07 1032.74 1283.59 
 330 1293.11 1157.58 1292.07 
 331 1351.24 1306.64 1293.11 
 332 1178.30 1245.59 1351.24 
 333 1351.59 1201.69 1351.24 
 334 1346.61 1330.97 1351.59 
 335 1235.46 1434.06 1351.59 
 336 1327.25 1366.50 1351.59 
 337 1314.30 1374.18 1351.59 
 338 1263.56 1246.00 1351.59 
 339 1439.87 1334.29 1351.59 
 340 1307.33 1264.54 1439.87 
 341 1386.93 1190.47 1439.87 
 342 1361.94 1157.57 1439.87 
 343 1382.47 1269.93 1439.87 
 344 1486.25 1140.89 1439.87 
 345 1264.59 1448.66 1486.25 
 346 1375.85 1293.86 1486.25 
 347 1497.97 1542.63 1486.25 
 348 1404.72 1440.03 1497.97 
 349 1521.64 1325.34 1497.97 
 350 1399.45 1454.74 1521.64 
 351 1525.61 1473.41 1521.64 
 352 1440.98 1512.85 1525.61 
 353 1470.37 1308.24 1525.61 
 354 1519.78 1498.16 1525.61 
 355 1518.42 1435.25 1525.61 
 356 1631.99 1668.79 1525.61 
 357 1562.90 1619.31 1631.99 
 358 1406.96 1477.43 1631.99 
 359 1527.79 1362.35 1631.99 
 360 1578.79 1644.03 1631.99 
 361 1458.46 1446.66 1631.99 
 362 1607.57 1376.41 1631.99 
 363 1697.66 1666.50 1631.99 
 364 1537.20 1710.56 1697.66 
 365 1560.84 1661.32 1697.66 
 366 1583.96 1493.14 1697.66 
 367 1719.05 1418.40 1697.66 
 368 1552.31 1619.94 1719.05 
 369 1681.39 1769.70 1719.05 
 370 1610.65 1686.73 1719.05 
 371 1691.96 1416.03 1719.05 
 372 1646.31 1690.69 1719.05 
 373 1708.96 1813.27 1719.05 
 374 1758.37 1684.99 1719.05 
 375 1591.72 1575.67 1758.37 
 376 1690.93 1591.84 1758.37 
 377 1690.37 1797.65 1758.37 
 378 1737.47 1652.53 1758.37 
 379 1823.86 1750.88 1758.37 
 380 1732.60 1636.86 1823.86 
 381 1725.34 1557.87 1823.86 
 382 1702.87 1658.33 1823.86 
 383 1567.99 1712.63 1823.86 
 384 1733.87 1839.62 1823.86 
 385 1739.26 1716.28 1823.86 
 386 1595.72 1809.89 1823.86 
 387 1778.88 1629.02 1823.86 
 388 1672.10 1624.91 1823.86 
 389 1682.24 1604.63 1823.86 
 390 1701.16 1657.76 1823.86 
 391 1625.44 1678.77 1823.86 
 392 1628.60 1570.94 1823.86 
 393 1736.03 1631.79 1823.86 
 394 1676.95 1738.90 1823.86 
 395 1725.88 1679.82 1823.86 
 396 1698.39 1694.40 1823.86 
 397 1766.71 1810.05 1823.86 
 398 1723.88 1733.61 1823.86 
 399 1814.57 1718.19 1823.86 
 400 1896.47 1645.58 1823.86 
 401 1717.51 1814.03 1896.47 
 402 1908.49 1853.38 1896.47 
 403 1963.84 1844.71 1908.49 
 404 1828.93 1567.47 1963.84 
 405 1861.60 1829.47 1963.84 
 406 1866.92 1737.20 1963.84 
 407 1801.48 1823.28 1963.84 
 408 1890.19 2146.32 1963.84 
 409 1830.09 1902.76 1963.84 
 410 1899.32 1811.47 1963.84 
 411 1853.56 1696.41 1963.84 
 412 1705.75 1728.65 1963.84 
 413 1928.82 1951.05 1963.84 
 414 1756.52 2096.17 1963.84 
 415 1918.85 2078.08 1963.84 
 416 1782.27 2136.59 1963.84 
 417 1910.48 2023.05 1963.84 
 418 1846.95 1977.22 1963.84 
 419 1893.36 2111.64 1963.84 
 420 1945.72 2200.79 1963.84 
 421 1901.86 1870.80 1963.84 
 422 1939.28 2025.37 1963.84 
 423 1968.95 2288.20 1963.84 
 424 2030.65 2204.31 1968.95 
 425 1981.88 2264.42 2030.65 
 426 2084.18 2196.62 2030.65 
 427 1799.18 2283.19 2084.18 
 428 1968.00 2278.83 2084.18 
 429 1807.98 2262.19 2084.18 
 430 2087.01 2244.71 2084.18 
 431 2001.20 2426.43 2087.01 
 432 2119.48 2325.55 2087.01 
 433 2014.67 2307.35 2119.48 
 434 2102.57 2234.75 2119.48 
 435 2192.66 2145.42 2119.48 
 436 2034.90 2139.00 2192.66 
 437 1881.64 2079.85 2192.66 
 438 2004.38 1748.84 2192.66 
 439 2015.49 1981.91 2192.66 
 440 2037.76 2027.43 2192.66 
 441 2271.36 2315.02 2192.66 
 442 2127.66 2308.63 2271.36 
 443 1878.98 2093.42 2271.36 
 444 2127.25 2178.53 2271.36 
 445 1982.66 1854.06 2271.36 
 446 1910.45 2052.53 2271.36 
 447 1956.89 2009.64 2271.36 
 448 2074.52 1912.57 2271.36 
 449 2030.20 2142.54 2271.36 
 450 2118.70 2107.45 2271.36 
 451 1872.12 1747.35 2271.36 
 452 2093.79 2056.68 2271.36 
 453 2147.54 2005.67 2271.36 
 454 2237.27 2107.64 2271.36 
 455 1930.42 1753.52 2271.36 
 456 2012.63 1959.07 2271.36 
 457 2092.33 1810.29 2271.36 
 458 1969.67 1919.98 2271.36 
 459 1911.33 1765.09 2271.36 
 460 2112.55 1792.08 2271.36 
 461 2166.13 1561.33 2271.36 
 462 2216.50 1718.72 2271.36 
 463 2120.95 1669.58 2271.36 
 464 2056.29 1821.26 2271.36 
 465 2119.22 1879.58 2271.36 
 466 2136.08 1606.55 2271.36 
 467 2076.79 1382.07 2271.36 
 468 2032.94 1811.99 2271.36 
 469 2118.09 1453.79 2271.36 
 470 1948.22 1669.29 2271.36 
 471 2170.62 1360.36 2271.36 
 472 2069.38 1733.06 2271.36 
 473 1918.85 1671.29 2271.36 
 474 2206.13 1943.97 2271.36 
 475 1977.54 1905.02 2271.36 
 476 2015.51 1980.64 2271.36 
 477 1945.24 1910.11 2271.36 
 478 2038.20 1773.76 2271.36 
 479 2208.88 1844.69 2271.36 
 480 2163.12 1807.26 2271.36 
 481 2146.90 2131.47 2271.36 
 482 2264.43 2226.39 2271.36 
 483 2107.02 2216.41 2271.36 
 484 2127.58 2262.46 2271.36 
 485 2240.30 2366.76 2271.36 
 486 2198.20 2357.65 2271.36 
 487 2236.94 2301.70 2271.36 
 488 2302.99 2070.76 2271.36 
 489 2436.59 2172.64 2302.99 
 490 2101.32 2358.09 2436.59 
 491 2286.02 2211.17 2436.59 
 492 2206.42 2219.89 2436.59 
 493 2240.81 2490.33 2436.59 
 494 2571.63 2413.25 2436.59 
 495 2261.37 2231.55 2571.63 
 496 2163.21 2050.17 2571.63 
 497 2249.60 2238.14 2571.63 
 498 2443.59 1897.86 2571.63 
 499 2159.49 2222.67 2571.63 
