Iter | Sampling Pol | Evaluation Pol | Best (Sampled) 
   0 -9.75 -11.72 -100000000.00 
   1 -9.53 -10.64 -9.75 
   2 -7.64 -10.79 -9.53 
   3 -9.73 -9.96 -7.64 
   4 -7.75 -10.24 -7.64 
   5 -8.57 -9.03 -7.64 
   6 -8.20 -8.87 -7.64 
   7 -8.00 -7.30 -7.64 
   8 -7.83 -7.16 -7.64 
   9 -6.56 -7.17 -7.64 
  10 -7.05 -7.49 -6.56 
  11 -7.20 -7.09 -6.56 
  12 -6.62 -6.36 -6.56 
  13 -6.57 -6.04 -6.56 
  14 -6.76 -6.08 -6.56 
  15 -6.16 -5.87 -6.56 
  16 -6.04 -5.47 -6.16 
  17 -6.06 -5.15 -6.04 
  18 -5.56 -5.44 -6.04 
  19 -4.27 -5.40 -5.56 
  20 -4.92 -4.96 -4.27 
  21 -5.17 -3.40 -4.27 
  22 -5.24 -5.16 -4.27 
  23 -4.44 -5.54 -4.27 
  24 -5.74 -4.62 -4.27 
  25 -5.16 -4.98 -4.27 
  26 -5.38 -4.92 -4.27 
  27 -5.12 -4.90 -4.27 
  28 -5.74 -4.41 -4.27 
  29 -5.01 -4.43 -4.27 
  30 -4.61 -4.44 -4.27 
  31 -3.87 -4.12 -4.27 
  32 -4.51 -4.78 -3.87 
  33 -4.73 -4.81 -3.87 
  34 -4.08 -5.13 -3.87 
  35 -4.45 -4.60 -3.87 
  36 -4.73 -4.57 -3.87 
  37 -3.87 -4.53 -3.87 
  38 -3.98 -5.24 -3.87 
  39 -2.98 -5.22 -3.87 
  40 -3.96 -4.31 -2.98 
  41 -2.91 -4.23 -2.98 
  42 -3.85 -4.30 -2.91 
  43 -3.60 -3.84 -2.91 
  44 -3.32 -4.42 -2.91 
  45 -3.56 -3.32 -2.91 
  46 -2.50 -3.92 -2.91 
  47 -2.83 -3.84 -2.50 
  48 -2.04 -3.82 -2.50 
  49 -2.98 -3.71 -2.04 
  50 -2.87 -3.43 -2.04 
  51 -2.34 -3.44 -2.04 
  52 -1.96 -3.47 -2.04 
  53 -2.56 -3.56 -1.96 
  54 -2.44 -3.66 -1.96 
  55 -2.12 -3.40 -1.96 
  56 -2.69 -3.32 -1.96 
  57 -2.46 -3.71 -1.96 
  58 -1.64 -3.70 -1.96 
  59 -2.13 -3.94 -1.64 
  60 -1.54 -3.98 -1.64 
  61 -2.54 -3.88 -1.54 
  62 -2.05 -4.13 -1.54 
  63 -1.95 -4.07 -1.54 
  64 -1.92 -3.94 -1.54 
  65 -1.46 -3.83 -1.54 
  66 -1.39 -3.43 -1.46 
  67 -1.63 -3.96 -1.39 
  68 -1.24 -3.92 -1.39 
  69 -1.28 -3.93 -1.24 
  70 -2.14 -3.87 -1.24 
  71 -1.14  3.68 -1.24 
  72 -2.21 -3.43 -1.14 
  73  0.17 -3.43 -1.14 
  74 -0.23 -3.30  0.17 
  75 -1.36 -2.99  0.17 
  76 -0.02 -3.37  0.17 
  77 -0.15 -3.57  0.17 
  78 -1.83 -3.37  0.17 
  79 -0.83 -3.19  0.17 
  80 -0.29 -3.19  0.17 
  81 -1.68  0.45  0.17 
  82 -0.04 -3.73  0.17 
  83 -1.21 -3.41  0.17 
  84 -1.14 -3.31  0.17 
  85 -1.35 -0.10  0.17 
  86 -0.08  1.28  0.17 
  87 -0.77 -4.62  0.17 
  88 -0.63 -3.14  0.17 
  89 -0.90 -3.77  0.17 
  90  2.03  0.42  0.17 
  91  0.57 -4.72  2.03 
  92  0.43 -2.70  2.03 
  93  1.55 -3.39  2.03 
  94  1.33 -1.79  2.03 
  95 -0.14 -3.64  2.03 
  96  0.57 -3.25  2.03 
  97  2.24 -3.45  2.03 
  98  2.44 -4.65  2.24 
  99  1.19 -4.72  2.44 
 100  1.57 -3.94  2.44 
 101  1.75  0.09  2.44 
 102  0.88 -3.67  2.44 
 103  0.25 -4.24  2.44 
 104  4.12 -3.85  2.44 
 105  3.20 -4.02  4.12 
 106  0.02 -1.35  4.12 
 107  3.89 -1.33  4.12 
 108  3.55 -1.89  4.12 
 109  3.75 -1.82  4.12 
 110  8.36 -4.05  4.12 
 111  0.89 -0.68  8.36 
 112  2.45 -0.62  8.36 
 113  2.84 -0.89  8.36 
 114  4.67 -0.93  8.36 
 115  3.08 -4.82  8.36 
 116  3.27 -2.80  8.36 
 117  3.64 -2.44  8.36 
 118  2.90 -2.59  8.36 
 119  4.58 -3.86  8.36 
 120  3.86 -3.68  8.36 
 121  5.86 -4.36  8.36 
 122  2.87 -4.24  8.36 
 123  5.66 -3.67  8.36 
 124  5.74 -0.74  8.36 
 125  5.90 -5.15  8.36 
 126  5.64 -5.29  8.36 
 127  7.40 -1.04  8.36 
 128  6.97 -4.10  8.36 
 129  6.71 -0.44  8.36 
 130  8.96  9.35  8.36 
 131  5.95  9.41  8.96 
 132  6.11  0.93  8.96 
 133 10.21  0.84  8.96 
 134  6.78 -0.98 10.21 
 135 11.26  1.95 10.21 
 136  4.18 -0.56 11.26 
 137  6.19 -0.73 11.26 
 138  6.99  7.59 11.26 
 139  5.83 -3.13 11.26 
 140  4.69 -2.64 11.26 
 141  4.53  3.95 11.26 
 142  5.17  4.89 11.26 
 143  7.13 14.36 11.26 
 144  7.64  5.24 11.26 
 145  4.83 -2.10 11.26 
 146  8.08 -2.17 11.26 
 147  9.19 -2.50 11.26 
 148 12.69 -3.64 11.26 
 149 15.90 -4.47 12.69 
 150  7.93 -4.10 15.90 
 151 10.21 -4.36 15.90 
 152  7.83  0.70 15.90 
 153 11.45 -1.82 15.90 
 154 14.00  9.33 15.90 
 155 18.72  3.62 15.90 
 156 10.27  8.43 18.72 
 157 16.81 10.12 18.72 
 158 10.37 15.36 18.72 
 159 15.27 22.05 18.72 
 160 15.59 25.76 18.72 
 161 14.30 21.33 18.72 
 162 10.76 19.62 18.72 
 163  9.42 13.34 18.72 
 164 17.98 19.96 18.72 
 165 15.21 21.60 18.72 
 166 19.52 20.12 18.72 
 167 17.10 21.41 19.52 
 168 21.49 21.19 19.52 
 169 20.46 29.34 21.49 
 170 14.98 24.94 21.49 
 171 11.68 15.04 21.49 
 172 18.72 25.67 21.49 
 173 17.69 65.89 21.49 
 174 18.54 39.08 21.49 
 175 24.29 106.73 21.49 
 176 17.87  2.48 24.29 
 177 21.83 20.27 24.29 
 178 15.57 56.81 24.29 
 179 23.60 43.69 24.29 
 180 30.98 40.09 24.29 
 181 35.36 73.85 30.98 
 182 31.70 18.79 35.36 
 183 26.48 14.29 35.36 
 184 28.58 48.84 35.36 
 185 21.43 48.84 35.36 
 186 31.19 51.36 35.36 
 187 31.84 31.63 35.36 
 188 20.31 40.46 35.36 
 189 30.39 22.07 35.36 
 190 23.13 24.79 35.36 
 191 22.61 16.75 35.36 
 192 37.66  9.13 35.36 
 193 36.96 15.91 37.66 
 194 31.38 32.14 37.66 
 195 36.30 126.23 37.66 
 196 26.04 175.43 37.66 
 197 33.36 207.36 37.66 
 198 30.43 185.86 37.66 
 199 39.76 135.09 37.66 
 200 27.57 224.89 39.76 
 201 47.16 296.35 39.76 
 202 39.90 137.09 47.16 
 203 58.23 102.63 47.16 
 204 42.07 39.35 58.23 
 205 42.42 132.74 58.23 
 206 41.28 137.56 58.23 
 207 53.36 164.01 58.23 
 208 46.82 186.54 58.23 
 209 75.67 293.78 58.23 
 210 65.92 190.57 75.67 
 211 48.81 111.00 75.67 
 212 79.91 118.18 75.67 
 213 107.13 224.92 79.91 
 214 54.26 208.47 107.13 
 215 66.53 171.64 107.13 
 216 90.47 189.27 107.13 
 217 96.94 151.01 107.13 
 218 94.30 225.59 107.13 
 219 108.56 208.66 107.13 
 220 130.57 207.49 108.56 
 221 89.01 238.05 130.57 
 222 128.10 214.29 130.57 
 223 113.41 278.42 130.57 
 224 86.29 289.16 130.57 
 225 124.39 179.68 130.57 
 226 111.16 160.72 130.57 
 227 110.61 189.58 130.57 
 228 111.55 173.14 130.57 
 229 139.80 225.11 130.57 
 230 136.23 276.27 139.80 
 231 138.98 170.15 139.80 
 232 139.22 285.80 139.80 
 233 227.02 270.47 139.80 
 234 155.11 263.13 227.02 
 235 194.22 232.91 227.02 
 236 187.29 346.27 227.02 
 237 232.93 286.18 227.02 
 238 182.72 346.21 232.93 
 239 205.10 193.48 232.93 
 240 149.12 388.93 232.93 
 241 207.94 365.75 232.93 
 242 269.09 401.73 232.93 
 243 252.78 495.26 269.09 
 244 244.71 312.63 269.09 
 245 320.14 481.99 269.09 
 246 333.03 274.26 320.14 
 247 326.19 302.67 333.03 
 248 375.80 218.01 333.03 
 249 313.99 249.39 375.80 
 250 337.96 301.39 375.80 
 251 295.08 409.79 375.80 
 252 276.27 412.28 375.80 
 253 361.98 612.16 375.80 
 254 410.75 452.43 375.80 
 255 378.85 605.09 410.75 
 256 420.10 697.38 410.75 
 257 351.00 459.00 420.10 
 258 401.50 574.99 420.10 
 259 444.48 544.61 420.10 
 260 347.93 641.46 444.48 
 261 496.85 779.45 444.48 
 262 519.26 811.74 496.85 
 263 417.98 796.53 519.26 
 264 553.26 436.51 519.26 
 265 589.17 515.66 553.26 
 266 443.05 496.11 589.17 
 267 566.14 797.38 589.17 
 268 529.16 792.73 589.17 
 269 576.64 825.33 589.17 
 270 589.51 803.27 589.17 
 271 559.74 742.82 589.51 
 272 699.86 687.16 589.51 
 273 675.67 875.46 699.86 
 274 708.20 804.73 699.86 
 275 574.58 822.76 708.20 
 276 588.76 1036.11 708.20 
 277 550.33 872.23 708.20 
 278 633.56 928.20 708.20 
 279 649.93 889.03 708.20 
 280 617.01 906.80 708.20 
 281 737.92 1209.70 708.20 
 282 678.21 1214.80 737.92 
 283 691.01 1123.18 737.92 
 284 649.71 1350.19 737.92 
 285 696.06 1220.91 737.92 
 286 777.18 1049.61 737.92 
 287 749.46 1201.03 777.18 
 288 831.53 1153.49 777.18 
 289 747.36 1116.17 831.53 
 290 787.98 1113.13 831.53 
 291 810.51 1142.85 831.53 
 292 847.50 1023.95 831.53 
 293 917.76 1358.97 847.50 
 294 850.15 922.33 917.76 
 295 857.69 971.60 917.76 
 296 963.70 1069.66 917.76 
 297 1039.79 1121.61 963.70 
 298 821.81 1025.75 1039.79 
 299 929.89 984.90 1039.79 
 276 653.69 986.29 -100000000.00 
 277 690.27 1182.60 653.69 
 278 602.76 1006.79 690.27 
 279 762.13 1216.57 690.27 
 280 588.66 889.96 762.13 
 281 627.60 833.88 762.13 
 282 816.37 1143.66 762.13 
 283 662.31 866.23 816.37 
 284 652.81 902.96 816.37 
 285 677.13 996.02 816.37 
 286 790.82 1016.64 816.37 
 287 747.96 1226.18 816.37 
 288 708.10 1118.41 816.37 
 289 770.68 1551.71 816.37 
 290 885.22 1204.90 816.37 
 291 755.76 1264.47 885.22 
 292 810.32 1395.91 885.22 
 293 723.78 1189.12 885.22 
 294 838.76 884.04 885.22 
 295 741.10 941.58 885.22 
 296 926.82 1375.25 885.22 
 297 908.55 1668.00 926.82 
 298 1022.12 1386.12 926.82 
 299 837.34 1063.46 1022.12 
 300 902.72 1540.41 1022.12 
 301 906.57 1154.68 1022.12 
 302 934.87 1317.41 1022.12 
 303 1026.76 1476.62 1022.12 
 304 986.65 1548.18 1026.76 
 305 964.42 1642.97 1026.76 
 306 1031.49 1652.43 1026.76 
 307 1091.60 1747.22 1031.49 
 308 1150.83 1450.91 1091.60 
 309 977.07 1111.66 1150.83 
 310 1041.63 1501.63 1150.83 
 311 1132.28 1532.64 1150.83 
 312 1176.94 1263.38 1150.83 
 313 1197.99 1278.12 1176.94 
 314 1121.05 1478.23 1197.99 
 315 1084.08 1247.17 1197.99 
 316 1242.66 1294.70 1197.99 
 317 1184.63 1675.11 1242.66 
 318 1186.21 1312.27 1242.66 
 319 1292.60 1456.91 1242.66 
 320 1243.10 1453.01 1292.60 
 321 1235.50 1573.97 1292.60 
 322 1526.55 1878.21 1292.60 
 323 1312.43 1407.07 1526.55 
 324 1445.62 1707.21 1526.55 
 325 1448.57 1791.92 1526.55 
 326 1451.59 1717.01 1526.55 
 327 1457.69 1853.30 1526.55 
 328 1384.13 2001.49 1526.55 
 329 1492.37 1733.42 1526.55 
 330 1487.55 1899.48 1526.55 
 331 1532.87 1877.68 1526.55 
 332 1413.04 1914.97 1532.87 
 333 1588.59 1912.55 1532.87 
 334 1686.63 1711.75 1588.59 
 335 1672.48 1982.30 1686.63 
 336 1742.39 1958.54 1686.63 
 337 1655.25 1917.59 1742.39 
 338 1603.53 2019.45 1742.39 
 339 1663.22 1894.79 1742.39 
 340 1591.48 2391.87 1742.39 
 341 1612.77 1963.22 1742.39 
 342 1507.50 2316.52 1742.39 
 343 1640.56 1899.74 1742.39 
 344 1852.91 2139.68 1742.39 
 345 1455.88 2066.99 1852.91 
 346 1802.49 2125.06 1852.91 
 347 1820.92 2319.86 1852.91 
 348 1676.97 1968.05 1852.91 
 349 1788.60 2258.89 1852.91 
 350 1715.52 2123.23 1852.91 
 351 1952.91 2262.70 1852.91 
 352 1937.53 1994.00 1952.91 
 353 1756.94 2098.57 1952.91 
 354 1983.00 2303.68 1952.91 
 355 1910.15 2147.81 1983.00 
 356 2169.44 2159.44 1983.00 
 357 2053.93 2304.14 2169.44 
 358 1950.39 2258.95 2169.44 
 359 2018.82 2427.87 2169.44 
 360 2035.89 2582.78 2169.44 
 361 2044.63 2651.81 2169.44 
 362 1863.73 2397.79 2169.44 
 363 2182.30 2284.74 2169.44 
 364 2227.17 2080.48 2182.30 
 365 2224.15 1875.26 2227.17 
 366 2078.95 2386.94 2227.17 
 367 2320.86 2366.97 2227.17 
 368 2191.73 2141.21 2320.86 
 369 2235.87 2432.64 2320.86 
 370 2257.51 2418.66 2320.86 
 371 2416.87 2768.77 2320.86 
 372 2276.55 2688.48 2416.87 
 373 2341.99 2545.78 2416.87 
 374 2229.18 2501.24 2416.87 
 375 2254.74 2102.32 2416.87 
 376 2289.16 2498.94 2416.87 
 377 2329.04 2422.37 2416.87 
 378 2352.01 2438.24 2416.87 
 379 2468.46 2608.72 2416.87 
 380 2301.08 2602.65 2468.46 
 381 2464.05 2481.17 2468.46 
 382 2494.27 2534.76 2468.46 
 383 2337.27 2695.93 2494.27 
 384 2543.02 2283.44 2494.27 
 385 2405.48 2770.03 2543.02 
 386 2432.91 2774.92 2543.02 
 387 2517.81 2705.59 2543.02 
 388 2496.33 2952.16 2543.02 
 389 2481.60 2752.87 2543.02 
 390 2389.30 2861.50 2543.02 
 391 2411.48 2911.11 2543.02 
 392 2512.30 2907.64 2543.02 
 393 2488.16 2938.19 2543.02 
 394 2365.19 2981.77 2543.02 
 395 2597.97 2710.55 2543.02 
 396 2295.76 3077.85 2597.97 
 397 2604.00 2883.82 2597.97 
 398 2546.77 2901.57 2604.00 
 399 2594.79 2761.93 2604.00 
 400 2559.23 3050.52 2604.00 
 401 2704.50 2852.56 2604.00 
 402 2645.55 3025.11 2704.50 
 403 2569.04 2778.86 2704.50 
 404 2670.51 2426.72 2704.50 
 405 2628.91 2828.64 2704.50 
 406 2668.18 2153.53 2704.50 
 407 2507.24 2840.71 2704.50 
 408 2603.56 2864.11 2704.50 
 409 2503.93 2974.91 2704.50 
 410 2696.95 2763.91 2704.50 
 411 2697.70 2954.94 2704.50 
 412 2648.81 3044.02 2704.50 
 413 2821.32 2950.39 2704.50 
 414 2787.30 2785.19 2821.32 
 415 2639.18 2665.23 2821.32 
 416 2759.00 2884.89 2821.32 
 417 2664.97 3153.95 2821.32 
 418 2544.58 2881.41 2821.32 
 419 2768.73 2639.96 2821.32 
 420 2705.60 2953.74 2821.32 
 421 2645.85 2882.59 2821.32 
 422 2877.22 2842.99 2821.32 
 423 2931.06 3052.22 2877.22 
 424 2868.11 3151.88 2931.06 
 425 2916.08 3243.36 2931.06 
 426 2970.66 3196.74 2931.06 
 427 2868.41 3057.97 2970.66 
 428 3016.99 2986.67 2970.66 
 429 2888.08 2945.27 3016.99 
 430 3046.65 3208.37 3016.99 
 431 2967.77 3167.63 3046.65 
 432 2972.58 3400.29 3046.65 
 433 2990.09 3481.63 3046.65 
 434 3078.59 3094.31 3046.65 
 435 2984.55 3417.84 3078.59 
 436 3045.20 3340.87 3078.59 
 437 2990.28 2926.23 3078.59 
 438 2972.42 3391.61 3078.59 
 439 3020.13 3036.00 3078.59 
 440 2908.75 3426.65 3078.59 
 441 3089.57 3354.22 3078.59 
 442 2973.27 3190.32 3089.57 
 443 2896.92 3542.95 3089.57 
 444 3139.74 3338.59 3089.57 
 445 2851.87 3329.24 3139.74 
 446 2908.98 3147.27 3139.74 
 447 2941.75 3212.01 3139.74 
 448 3077.54 2919.44 3139.74 
 449 2932.76 3215.97 3139.74 
 450 2953.90 3351.97 3139.74 
 451 2928.42 3363.04 3139.74 
 452 3021.94 3191.77 3139.74 
 453 3063.27 3377.09 3139.74 
 454 3053.70 3429.41 3139.74 
 455 3027.82 3430.84 3139.74 
 456 2937.52 3487.10 3139.74 
 457 3028.30 3337.68 3139.74 
 458 2974.91 3369.67 3139.74 
 459 3018.35 3468.51 3139.74 
 460 3068.01 3482.15 3139.74 
 461 3035.05 3260.94 3139.74 
 462 2962.66 3483.69 3139.74 
 463 2988.74 3475.27 3139.74 
 464 2954.92 3547.90 3139.74 
 465 3071.65 3536.04 3139.74 
 466 3188.15 3284.09 3139.74 
 467 2917.66 3520.77 3188.15 
 468 3054.19 3611.62 3188.15 
 469 3142.99 3534.80 3188.15 
 470 2998.40 3486.91 3188.15 
 471 3179.10 3636.06 3188.15 
 472 3047.81 3518.96 3188.15 
 473 2951.62 3654.76 3188.15 
 474 3155.71 3528.02 3188.15 
 475 3066.49 3606.56 3188.15 
 476 2964.41 3395.75 3188.15 
 477 3164.63 3571.82 3188.15 
 478 3009.95 3420.23 3188.15 
 479 3147.83 3408.47 3188.15 
 480 3003.42 3451.92 3188.15 
 481 3222.37 3516.67 3188.15 
 482 3143.40 3579.68 3222.37 
 483 3239.66 3451.83 3222.37 
 484 3044.49 3447.41 3239.66 
 485 3153.65 3577.08 3239.66 
 486 3275.53 3601.75 3239.66 
 487 3084.99 3631.46 3275.53 
 488 3265.91 3447.56 3275.53 
 489 3276.00 3511.51 3275.53 
 490 3057.07 3628.72 3276.00 
 491 3240.89 3617.28 3276.00 
 492 3356.58 3356.83 3276.00 
 493 3206.97 3523.93 3356.58 
 494 3201.66 3538.04 3356.58 
 495 3198.12 3460.03 3356.58 
 496 3234.66 3469.80 3356.58 
 497 3278.04 3538.91 3356.58 
 498 3278.48 3527.07 3356.58 
 499 3309.94 3518.04 3356.58 
 500 3165.35 3354.92 3356.58 
 501 3185.38 3490.87 3356.58 
 502 3298.89 3591.83 3356.58 
 503 3187.98 3486.32 3356.58 
 504 3193.93 3479.39 3356.58 
 505 3316.19 3383.83 3356.58 
 506 3303.80 3425.39 3356.58 
 507 3363.41 3507.20 3356.58 
 508 3268.28 3677.75 3363.41 
 509 3287.04 3400.12 3363.41 
 510 3219.77 3500.53 3363.41 
 511 3227.98 3491.42 3363.41 
 512 3280.83 3575.92 3363.41 
 513 3216.34 3620.07 3363.41 
 514 3286.25 3545.09 3363.41 
 515 3440.85 3583.59 3363.41 
 516 3116.58 3516.55 3440.85 
 517 3261.83 3584.02 3440.85 
 518 3439.18 3757.89 3440.85 
 519 3444.00 3309.49 3440.85 
 520 3338.26 3599.77 3444.00 
 521 3337.79 3693.90 3444.00 
 522 3296.87 3723.05 3444.00 
 523 3330.72 3503.56 3444.00 
 524 3344.93 3715.97 3444.00 
 525 3398.05 3685.88 3444.00 
 526 3283.89 3564.36 3444.00 
 527 3481.37 3451.15 3444.00 
 528 3285.75 3625.02 3481.37 
 529 3358.50 3143.29 3481.37 
 530 3469.76 3514.66 3481.37 
 531 3432.35 3220.58 3481.37 
 532 3265.67 3601.98 3481.37 
 533 3337.57 3448.75 3481.37 
 534 3291.72 3276.21 3481.37 
 535 3371.99 3463.58 3481.37 
 536 3362.01 3440.47 3481.37 
 537 3273.28 3247.35 3481.37 
 538 3320.94 3535.52 3481.37 
 539 3189.17 3768.93 3481.37 
 540 3391.11 3576.11 3481.37 
 541 3321.41 3460.68 3481.37 
 542 3255.14 3574.59 3481.37 
 543 3350.67 3785.52 3481.37 
 544 3444.84 3792.77 3481.37 
 545 3267.33 3579.09 3481.37 
 546 3367.23 3769.94 3481.37 
 547 3267.56 3833.58 3481.37 
 548 3519.84 3776.61 3481.37 
 549 3509.87 3660.27 3519.84 
 550 3197.33 3857.08 3519.84 
 551 3266.76 3852.74 3519.84 
 552 3416.94 3851.91 3519.84 
 553 3427.77 3704.62 3519.84 
 554 3326.69 3696.28 3519.84 
 555 3408.76 3750.53 3519.84 
 556 3172.00 3763.76 3519.84 
 557 3275.13 3717.95 3519.84 
 558 3342.27 3582.68 3519.84 
 559 3398.23 3718.98 3519.84 
 560 3486.61 3663.83 3519.84 
 561 3567.25 3627.15 3519.84 
 562 3450.86 3799.12 3567.25 
 563 3434.41 3680.07 3567.25 
 564 3438.67 3801.88 3567.25 
 565 3504.17 3827.00 3567.25 
 566 3396.73 3810.58 3567.25 
 567 3532.56 3810.44 3567.25 
 568 3404.56 3788.27 3567.25 
 569 3398.03 3807.76 3567.25 
 570 3501.96 3752.34 3567.25 
 571 3406.90 3747.12 3567.25 
 572 3345.39 3811.28 3567.25 
 573 3493.37 3709.91 3567.25 
 574 3427.34 3720.03 3567.25 
 575 3391.70 3784.61 3567.25 
 576 3338.19 3797.34 3567.25 
 577 3508.26 3691.73 3567.25 
 578 3424.47 3798.41 3567.25 
 579 3355.65 3850.91 3567.25 
 580 3409.48 3785.91 3567.25 
 581 3438.26 3936.46 3567.25 
 582 3625.95 3932.38 3567.25 
 583 3461.21 3832.34 3625.95 
 584 3560.92 3904.93 3625.95 
 585 3476.91 3977.35 3625.95 
 586 3466.78 3878.39 3625.95 
 587 3616.52 3855.65 3625.95 
 588 3483.12 4017.02 3625.95 
 589 3563.85 4115.76 3625.95 
 590 3581.32 3946.77 3625.95 
 591 3431.16 4045.21 3625.95 
 592 3486.02 4021.09 3625.95 
 593 3523.42 3961.10 3625.95 
 594 3578.53 4056.97 3625.95 
 595 3528.61 4069.58 3625.95 
 596 3559.50 4027.85 3625.95 
 597 3527.33 3890.84 3625.95 
 598 3581.07 4035.03 3625.95 
 599 3515.18 3925.24 3625.95 
 600 3575.68 3871.37 3625.95 
 601 3525.50 3831.12 3625.95 
 602 3427.21 3803.58 3625.95 
 603 3531.09 3757.41 3625.95 
 604 3487.03 3729.45 3625.95 
 605 3460.59 3814.76 3625.95 
 606 3421.60 3862.77 3625.95 
 607 3407.32 3981.89 3625.95 
 608 3559.27 3857.88 3625.95 
 609 3539.46 3940.86 3625.95 
 610 3598.18 3927.58 3625.95 
 611 3686.39 3860.59 3625.95 
 612 3640.17 3914.63 3686.39 
 613 3604.68 3921.81 3686.39 
 614 3438.28 3785.54 3686.39 
 615 3626.09 3814.78 3686.39 
 616 3568.14 3872.10 3686.39 
 617 3610.71 3938.08 3686.39 
 618 3649.97 3788.88 3686.39 
 619 3640.24 3784.49 3686.39 
 620 3715.69 3898.00 3686.39 
 621 3691.26 3940.81 3715.69 
 622 3670.71 3826.85 3715.69 
 623 3565.54 3834.52 3715.69 
 624 3430.82 3920.72 3715.69 
 625 3561.51 3876.02 3715.69 
 626 3619.38 3726.81 3715.69 
 627 3566.74 3694.57 3715.69 
 628 3536.94 3663.78 3715.69 
 629 3583.33 3855.42 3715.69 
 630 3474.88 3581.79 3715.69 
 631 3562.00 3715.63 3715.69 
 632 3597.08 3704.13 3715.69 
 633 3661.26 3721.33 3715.69 
 634 3657.57 3593.81 3715.69 
 635 3496.24 3778.88 3715.69 
 636 3650.61 3796.37 3715.69 
 637 3618.20 3713.92 3715.69 
 638 3569.39 3784.10 3715.69 
 639 3680.65 3713.83 3715.69 
 640 3424.71 3548.37 3715.69 
 641 3574.61 3765.64 3715.69 
 642 3561.18 3964.06 3715.69 
 643 3685.87 3833.42 3715.69 
 644 3669.67 3871.58 3715.69 
 645 3642.24 3748.43 3715.69 
 646 3667.37 3804.04 3715.69 
 647 3548.27 3847.13 3715.69 
 648 3802.20 3928.69 3715.69 
 649 3525.95 3881.74 3802.20 
 650 3750.34 3952.19 3802.20 
 651 3683.01 3921.69 3802.20 
 652 3633.58 3893.59 3802.20 
 653 3721.93 3731.13 3802.20 
 654 3692.01 3780.36 3802.20 
 655 3674.76 3804.50 3802.20 
 656 3652.82 3883.49 3802.20 
 657 3557.29 3934.78 3802.20 
 658 3530.32 3812.22 3802.20 
 659 3627.65 3818.19 3802.20 
 660 3642.97 3811.73 3802.20 
 661 3626.75 3876.21 3802.20 
 662 3708.53 3876.20 3802.20 
 663 3664.96 3901.65 3802.20 
 664 3694.44 3729.11 3802.20 
 665 3552.79 4035.44 3802.20 
 666 3605.35 3957.65 3802.20 
 667 3651.70 3857.81 3802.20 
 668 3535.25 3991.06 3802.20 
 669 3489.26 3891.69 3802.20 
 670 3693.85 3925.87 3802.20 
 671 3675.52 3974.59 3802.20 
 672 3562.69 3866.11 3802.20 
 673 3693.42 3876.58 3802.20 
 674 3573.14 3980.20 3802.20 
 675 3496.59 3973.64 3802.20 
 676 3672.04 4065.66 3802.20 
 677 3610.70 4047.72 3802.20 
 678 3618.29 3795.46 3802.20 
 679 3630.88 3815.48 3802.20 
 680 3628.50 3852.01 3802.20 
 681 3527.08 3985.22 3802.20 
 682 3730.55 3920.41 3802.20 
 683 3692.11 3948.15 3802.20 
 684 3628.07 3950.19 3802.20 
 685 3708.17 3772.20 3802.20 
 686 3594.99 4100.08 3802.20 
 687 3674.37 4117.33 3802.20 
 688 3578.82 3900.75 3802.20 
 689 3621.09 4067.48 3802.20 
 690 3714.89 3949.59 3802.20 
 691 3710.66 3998.85 3802.20 
 692 3690.30 4176.79 3802.20 
 693 3704.01 4148.80 3802.20 
 694 3749.16 4105.32 3802.20 
 695 3797.06 4076.26 3802.20 
 696 3844.44 3928.28 3802.20 
 697 3749.05 3939.19 3844.44 
 698 3680.18 3852.82 3844.44 
 699 3654.97 3819.80 3844.44 
 700 3742.26 3885.12 3844.44 
 701 3814.16 4024.27 3844.44 
 702 3687.41 4008.47 3844.44 
 703 3662.44 3796.76 3844.44 
 704 3666.56 3947.37 3844.44 
 705 3598.73 3954.83 3844.44 
 706 3599.01 3945.74 3844.44 
 707 3721.83 3906.07 3844.44 
 708 3669.75 3914.15 3844.44 
 709 3669.98 3954.83 3844.44 
 710 3578.03 3947.01 3844.44 
 711 3822.11 4046.72 3844.44 
 712 3689.78 3969.15 3844.44 
 713 3683.66 3961.52 3844.44 
 714 3732.42 3814.56 3844.44 
 715 3828.77 3904.18 3844.44 
 716 3713.03 3940.43 3844.44 
 717 3715.00 3886.62 3844.44 
 718 3678.86 4021.38 3844.44 
 719 3641.23 3945.32 3844.44 
 720 3681.87 3800.69 3844.44 
 721 3587.37 3926.44 3844.44 
 722 3754.44 3943.84 3844.44 
 723 3808.40 4030.92 3844.44 
 724 3746.12 4073.22 3844.44 
 725 3767.66 3939.24 3844.44 
 726 3757.73 4056.35 3844.44 
 727 3784.76 3934.64 3844.44 
 728 3713.16 4059.31 3844.44 
 729 3747.42 4035.47 3844.44 
 730 3768.56 4095.30 3844.44 
 731 3742.35 4030.09 3844.44 
 732 3719.46 3981.75 3844.44 
 733 3736.29 3968.19 3844.44 
 734 3760.55 3892.41 3844.44 
 735 3747.29 3945.45 3844.44 
 736 3754.04 3925.07 3844.44 
 737 3694.09 3995.05 3844.44 
 738 3662.02 3946.35 3844.44 
 739 3658.37 4031.26 3844.44 
 740 3579.48 3907.21 3844.44 
 741 3850.06 4031.91 3844.44 
 742 3680.60 4005.85 3850.06 
 743 3684.24 3913.24 3850.06 
 744 3696.31 3895.59 3850.06 
 745 3679.37 3915.16 3850.06 
 746 3700.20 3743.83 3850.06 
 747 3715.32 3674.76 3850.06 
 748 3685.61 3863.82 3850.06 
 749 3779.53 3951.99 3850.06 
 750 3800.33 3960.10 3850.06 
 751 3803.62 3962.55 3850.06 
 752 3857.92 4016.61 3850.06 
 753 3731.76 4106.23 3857.92 
 754 3718.97 3970.75 3857.92 
 755 3652.88 4056.97 3857.92 
 756 3835.58 4061.19 3857.92 
 757 3708.35 4066.87 3857.92 
 758 3889.95 4087.96 3857.92 
 759 3810.71 4116.76 3889.95 
 760 3631.42 4096.74 3889.95 
 761 3838.38 4000.15 3889.95 
 762 3763.80 4079.61 3889.95 
 763 3787.09 3871.99 3889.95 
 764 3752.01 3992.77 3889.95 
 765 3852.16 3984.11 3889.95 
 766 3765.11 4083.74 3889.95 
 767 3857.67 4029.07 3889.95 
 768 3843.58 4024.42 3889.95 
 769 3781.63 4010.53 3889.95 
 770 3796.07 4053.53 3889.95 
 771 3843.35 3951.43 3889.95 
 772 3733.53 3887.77 3889.95 
 773 3738.57 4041.40 3889.95 
 774 3749.99 4038.25 3889.95 
 775 3769.96 4008.81 3889.95 
 776 3904.26 3954.57 3889.95 
 777 3884.53 4160.91 3904.26 
 778 3851.46 4107.74 3904.26 
 779 3878.60 4037.29 3904.26 
 780 3739.45 4152.59 3904.26 
 781 3828.79 4155.84 3904.26 
 782 3759.24 4020.51 3904.26 
 783 3783.86 4124.81 3904.26 
 784 3776.38 4073.25 3904.26 
 785 3871.72 4080.10 3904.26 
 786 3754.91 4083.43 3904.26 
 787 3834.05 4078.51 3904.26 
 788 3886.53 4078.25 3904.26 
 789 3795.17 4048.21 3904.26 
 790 3892.74 3792.44 3904.26 
 791 3901.33 3935.02 3904.26 
 792 3808.50 3969.28 3904.26 
 793 3695.53 3988.56 3904.26 
 794 3824.03 3964.13 3904.26 
 795 3853.85 4004.43 3904.26 
 796 3781.45 4034.88 3904.26 
 797 3682.40 3944.73 3904.26 
 798 3883.61 3990.48 3904.26 
 799 3881.60 3895.32 3904.26 
