Iter | Sampling Pol | Evaluation Pol | Best (Sampled) 
   0 -5.70 -6.20 -100000000.00 
   1 -5.07 -5.23 -5.70 
   2 -4.48 -5.13 -5.07 
   3 -5.24 -4.87 -4.48 
   4 -4.72 -4.63 -4.48 
   5 -4.05 -4.72 -4.48 
   6 -4.01 -4.43 -4.05 
   7 -3.92 -4.51 -4.01 
   8 -4.04 -4.25 -3.92 
   9 -4.08 -4.09 -3.92 
  10 -3.77 -3.63 -3.92 
  11 -3.45 -4.17 -3.77 
  12 -3.98 -4.13 -3.45 
  13 -2.73 -3.66 -3.45 
  14 -2.14 -3.88 -2.73 
  15 -2.50 -3.95 -2.14 
  16 -2.26 -4.05 -2.14 
  17 -2.79 -4.00 -2.14 
  18 -2.63 -3.03 -2.14 
  19 -1.30 -3.95 -2.14 
  20 -1.08 -3.90 -1.30 
  21 -1.93 -3.76 -1.08 
  22 -0.46 -3.48 -1.08 
  23 -1.04 -3.27 -0.46 
  24 -0.63 -3.13 -0.46 
  25 -2.01 -3.43 -0.46 
  26 -0.45  1.72 -0.46 
  27  0.06 -1.75 -0.45 
  28 -0.08 -3.41  0.06 
  29 -0.56 -3.75  0.06 
  30 -0.15 -3.70  0.06 
  31  0.01  0.02  0.06 
  32  2.51  1.35  0.06 
  33  0.69  2.74  2.51 
  34  2.42 -1.60  2.51 
  35  1.99 -1.83  2.51 
  36  3.30  5.52  2.51 
  37  3.17 -1.88  3.30 
  38  4.38 -2.28  3.30 
  39  4.86 -0.85  4.38 
  40 11.62 -2.09  4.86 
  41  4.77 -1.26 11.62 
  42  7.43 -0.91 11.62 
  43  4.81  2.03 11.62 
  44  6.61  2.78 11.62 
  45  7.81  4.35 11.62 
  46 12.42  3.96 11.62 
  47 11.46  6.31 12.42 
  48  9.93  3.88 12.42 
  49 26.05  5.86 12.42 
  50 15.23  4.40 26.05 
  51 17.53  3.97 26.05 
  52 17.02 11.28 26.05 
  53 26.12 33.42 26.05 
  54 17.85  3.58 26.12 
  55 20.14  3.31 26.12 
  56 13.57 10.96 26.12 
  57 22.90 -0.20 26.12 
  58 24.80  4.68 26.12 
  59 22.80 17.51 26.12 
  60 29.90 15.54 26.12 
  61 25.93 63.32 29.90 
  62 38.14 25.71 29.90 
  63 52.49 18.94 38.14 
  64 27.15 53.01 52.49 
  65 41.41 46.48 52.49 
  66 30.74 39.88 52.49 
  67 59.79 64.51 52.49 
  68 57.68 57.60 59.79 
  69 53.16 18.31 59.79 
  70 67.75 49.97 59.79 
  71 63.28 61.32 67.75 
  72 44.86 108.89 67.75 
  73 77.74 47.55 67.75 
  74 53.31 101.54 77.74 
  75 79.41 236.46 77.74 
  76 70.18 162.02 79.41 
  77 65.28 228.56 79.41 
  78 90.58 302.30 79.41 
  79 69.79 326.54 90.58 
  80 78.55 209.18 90.58 
  81 110.56 297.33 90.58 
  82 85.59 196.71 110.56 
  83 85.86 130.48 110.56 
  84 119.65 116.96 110.56 
  85 95.76 105.54 119.65 
  86 129.78 130.74 119.65 
  87 96.61 227.44 129.78 
  88 130.31 288.57 129.78 
  89 125.27 254.74 130.31 
  90 127.75 187.82 130.31 
  91 139.42 253.65 130.31 
  92 130.93 237.67 139.42 
  93 160.15 273.10 139.42 
  94 121.09 373.46 160.15 
  95 174.12 215.28 160.15 
  96 215.81 293.90 174.12 
  97 172.63 429.82 215.81 
  98 191.02 221.56 215.81 
  99 133.49 246.52 215.81 
 100 231.88 315.84 215.81 
 101 193.30 249.55 231.88 
 102 198.53 252.05 231.88 
 103 203.64 305.38 231.88 
 104 249.83 322.42 231.88 
 105 202.17 280.19 249.83 
 106 236.73 332.22 249.83 
 107 234.90 258.01 249.83 
 108 271.52 418.83 249.83 
 109 289.64 287.21 271.52 
 110 233.58 325.91 289.64 
 111 252.20 328.60 289.64 
 112 288.70 405.63 289.64 
 113 244.07 475.62 289.64 
 114 257.88 356.47 289.64 
 115 356.21 314.01 289.64 
 116 339.14 466.96 356.21 
 117 312.38 480.27 356.21 
 118 315.37 494.83 356.21 
 119 416.08 311.97 356.21 
 120 361.37 562.24 416.08 
 121 376.84 418.49 416.08 
 122 375.82 551.61 416.08 
 123 423.73 681.12 416.08 
 124 429.38 549.88 423.73 
 125 465.03 389.66 429.38 
 126 404.30 481.48 465.03 
 127 458.25 459.08 465.03 
 128 523.87 437.46 465.03 
 129 374.35 454.18 523.87 
 130 555.41 324.25 523.87 
 131 447.94 387.29 555.41 
 132 551.83 457.91 555.41 
 133 506.47 418.23 555.41 
 134 544.93 411.68 555.41 
 135 617.94 340.57 555.41 
 136 461.61 330.45 617.94 
 137 622.53 576.03 617.94 
 138 575.79 298.04 622.53 
 139 584.76 418.26 622.53 
 140 582.10 598.54 622.53 
 141 605.02 583.78 622.53 
 142 577.22 441.79 622.53 
 143 604.59 549.91 622.53 
 144 672.23 477.29 622.53 
 145 638.07 516.76 672.23 
 146 709.57 426.51 672.23 
 147 657.00 506.27 709.57 
 148 773.57 546.45 709.57 
 149 657.17 428.05 773.57 
 150 755.94 509.63 773.57 
 151 690.48 518.20 773.57 
 152 691.55 478.78 773.57 
 153 718.78 455.55 773.57 
 154 793.59 666.57 773.57 
 155 779.46 650.40 793.59 
 156 922.11 683.91 793.59 
 157 845.86 589.92 922.11 
 158 869.47 661.79 922.11 
 159 1002.32 947.20 922.11 
 160 959.65 839.38 1002.32 
 161 809.16 1000.83 1002.32 
 162 1056.78 849.38 1002.32 
 163 939.14 909.63 1056.78 
 164 1011.16 782.90 1056.78 
 165 971.84 887.79 1056.78 
 166 1066.37 812.04 1056.78 
 167 951.62 694.34 1066.37 
 168 1101.52 661.10 1066.37 
 169 1071.49 560.19 1101.52 
 170 1050.85 591.47 1101.52 
 171 984.51 502.64 1101.52 
 172 1122.24 646.29 1101.52 
 173 1031.40 665.85 1122.24 
 174 1046.36 752.35 1122.24 
 175 1103.81 664.09 1122.24 
 176 1289.75 795.14 1122.24 
 177 1360.51 894.85 1289.75 
 178 1293.29 707.78 1360.51 
 179 1200.70 777.07 1360.51 
 180 1296.27 737.24 1360.51 
 181 1328.47 925.23 1360.51 
 182 1253.33 884.11 1360.51 
 183 1225.37 838.62 1360.51 
 184 1450.53 1373.33 1360.51 
 185 1247.17 1362.23 1450.53 
 186 1420.69 1562.37 1450.53 
 187 1437.05 1557.93 1450.53 
 188 1453.01 1330.76 1450.53 
 189 1348.65 1405.14 1453.01 
 190 1560.42 1614.23 1453.01 
 191 1407.37 1780.25 1560.42 
 192 1416.12 1787.08 1560.42 
 193 1586.88 1393.48 1560.42 
 194 1434.95 1683.68 1586.88 
 195 1561.29 1662.82 1586.88 
 196 1585.45 1562.72 1586.88 
 197 1447.07 1196.58 1586.88 
 198 1461.82 1265.75 1586.88 
 199 1551.51 1218.84 1586.88 
 200 1598.92 1623.91 1586.88 
 201 1470.50 1457.84 1598.92 
 202 1667.33 1622.66 1598.92 
 203 1718.39 1605.90 1667.33 
 204 1622.45 1771.75 1718.39 
 205 1696.49 1362.09 1718.39 
 206 1711.13 1558.33 1718.39 
 207 1686.03 1597.05 1718.39 
 208 1661.53 1314.71 1718.39 
 209 1728.91 1134.74 1718.39 
 210 1780.67 1474.78 1728.91 
 211 1763.49 1655.21 1780.67 
 212 1809.37 1781.88 1780.67 
 213 1882.12 1865.07 1809.37 
 214 1644.25 1896.90 1882.12 
 215 1686.01 1924.66 1882.12 
 216 1797.32 1895.78 1882.12 
 217 1772.07 1898.53 1882.12 
 218 1968.92 1873.08 1882.12 
 219 1837.22 2215.04 1968.92 
 220 1953.40 2187.56 1968.92 
 221 1945.81 2069.43 1968.92 
 222 1919.71 2215.23 1968.92 
 223 1956.92 2131.24 1968.92 
 224 1830.02 2263.02 1968.92 
 225 1846.68 2409.26 1968.92 
 226 1923.98 2159.61 1968.92 
 227 1913.34 2203.07 1968.92 
 228 1951.16 2242.97 1968.92 
 229 2131.62 2236.83 1968.92 
 230 1950.03 1958.32 2131.62 
 231 2080.78 1959.00 2131.62 
 232 1947.43 2176.31 2131.62 
 233 2027.09 2012.47 2131.62 
 234 2058.10 2233.13 2131.62 
 235 2186.71 2119.44 2131.62 
 236 1976.47 2273.25 2186.71 
 237 2200.04 2383.43 2186.71 
 238 2153.87 2451.46 2200.04 
 239 2182.89 2250.22 2200.04 
 240 2045.97 2310.75 2200.04 
 241 2007.14 2029.17 2200.04 
 242 2192.43 2017.08 2200.04 
 243 2127.85 1856.62 2200.04 
 244 2131.05 2097.41 2200.04 
 245 2161.78 2207.68 2200.04 
 246 2191.78 2141.42 2200.04 
 247 2258.47 2390.57 2200.04 
 248 2249.31 2324.83 2258.47 
 249 2111.25 2524.98 2258.47 
 250 2241.12 2069.63 2258.47 
 251 2211.88 2421.53 2258.47 
 252 2212.43 2075.68 2258.47 
 253 2256.42 2262.86 2258.47 
 254 2332.08 2330.84 2258.47 
 255 2308.60 2528.88 2332.08 
 256 2390.83 2357.70 2332.08 
 257 2233.95 2053.68 2390.83 
 258 2316.03 2033.50 2390.83 
 259 2312.81 1979.28 2390.83 
 260 2328.58 2390.29 2390.83 
 261 2456.62 2408.11 2390.83 
 262 2296.66 2122.85 2456.62 
 263 2250.56 2466.60 2456.62 
 264 2473.47 2792.05 2456.62 
 265 2341.45 2723.19 2473.47 
 266 2234.52 2779.16 2473.47 
 267 2420.01 2435.16 2473.47 
 268 2411.76 2919.13 2473.47 
 269 2271.80 2752.90 2473.47 
 270 2365.00 2711.19 2473.47 
 271 2357.78 2767.61 2473.47 
 272 2484.57 2570.86 2473.47 
 273 2444.84 2710.11 2484.57 
 274 2538.27 2827.27 2484.57 
 275 2296.68 2625.60 2538.27 
 276 2458.60 2684.82 2538.27 
 277 2495.91 2744.73 2538.27 
 278 2629.43 2817.43 2538.27 
 279 2510.05 2854.06 2629.43 
 280 2323.77 2727.59 2629.43 
 281 2357.59 2841.97 2629.43 
 282 2432.91 2796.23 2629.43 
 283 2454.86 2611.78 2629.43 
 284 2373.20 2604.86 2629.43 
 285 2462.07 2509.53 2629.43 
 286 2426.85 2841.48 2629.43 
 287 2721.63 2710.49 2629.43 
 288 2484.28 2539.15 2721.63 
 289 2520.38 2615.70 2721.63 
 290 2563.23 2586.83 2721.63 
 291 2514.11 2451.12 2721.63 
 292 2546.27 2549.10 2721.63 
 293 2604.59 2829.19 2721.63 
 294 2651.93 2487.90 2721.63 
 295 2430.84 2281.53 2721.63 
 296 2406.78 2427.55 2721.63 
 297 2595.82 2635.37 2721.63 
 298 2549.90 2538.42 2721.63 
 299 2518.25 2455.27 2721.63 
