Iter | Sampling Pol | Evaluation Pol | Best (Sampled) 
   0 -6.11 -5.19 -100000000.00 
   1 -5.37 -4.89 -6.11 
   2 -5.09 -2.51 -5.37 
   3 -4.89 -4.38 -5.09 
   4 -4.25 -4.29 -4.89 
   5 -4.22 -4.55 -4.25 
   6 -4.16 -4.07 -4.22 
   7 -3.69 -4.15 -4.16 
   8 -3.87 -4.20 -3.69 
   9 -3.53 -3.87 -3.69 
  10 -2.64 -3.89 -3.53 
  11 -3.25 -3.72 -2.64 
  12 -3.26 -3.81 -2.64 
  13 -3.47 -3.85 -2.64 
  14 -2.98 -4.35 -2.64 
  15 -1.83 -4.57 -2.64 
  16 -3.28 -4.24 -1.83 
  17 -1.08 -4.38 -1.83 
  18 -2.56 -3.90 -1.08 
  19 -2.10 -3.76 -1.08 
  20 -2.33 -3.89 -1.08 
  21 -3.04 -3.94 -1.08 
  22 -2.24 -3.82 -1.08 
  23 -2.54 -4.22 -1.08 
  24 -1.93 -3.35 -1.08 
  25 -1.89 -3.85 -1.08 
  26 -0.56 -2.51 -1.08 
  27 -1.71 -3.67 -0.56 
  28 -2.14 -4.16 -0.56 
  29 -2.02 -3.38 -0.56 
  30 -2.39 -3.75 -0.56 
  31 -2.24 -4.17 -0.56 
  32 -1.84 -3.12 -0.56 
  33 -2.16 -5.29 -0.56 
  34 -1.82 -4.85 -0.56 
  35 -0.94 -5.02 -0.56 
  36 -1.34 -3.38 -0.56 
  37 -1.07 -2.27 -0.56 
  38 -1.56 -3.22 -0.56 
  39 -0.38 -2.95 -0.56 
  40 -0.88 -3.33 -0.38 
  41  0.18 -4.01 -0.38 
  42 -1.17 -3.43  0.18 
  43  0.62 -2.85  0.18 
  44  3.52 -3.58  0.62 
  45 -0.99 -4.25  3.52 
  46  0.91  0.93  3.52 
  47 -0.55 -3.11  3.52 
  48  2.99 -2.99  3.52 
  49  1.10 -2.10  3.52 
  50  1.39 -2.85  3.52 
  51  4.03 -1.87  3.52 
  52  1.51 -3.76  4.03 
  53  2.20 -3.71  4.03 
  54  5.59 -3.54  4.03 
  55  2.49 -3.52  5.59 
  56  0.91  1.15  5.59 
  57  2.48 -3.54  5.59 
  58  5.46 -0.04  5.59 
  59  3.07 -0.60  5.59 
  60  1.42  2.65  5.59 
  61  2.66 -1.28  5.59 
  62  5.56 -0.30  5.59 
  63  4.39  1.74  5.59 
  64  3.64 -3.59  5.59 
  65  2.99 -1.69  5.59 
  66  9.61  5.51  5.59 
  67  2.50 -0.10  9.61 
  68  5.58  2.26  9.61 
  69  2.76 -1.71  9.61 
  70  4.42 -1.77  9.61 
  71  7.36 18.48  9.61 
  72  8.41 21.59  9.61 
  73  5.47 -1.56  9.61 
  74  6.20  5.56  9.61 
  75  7.38 14.66  9.61 
  76 10.17  8.72  9.61 
  77 11.21  2.86 10.17 
  78  9.81  1.59 11.21 
  79 13.20  3.46 11.21 
  80 14.25  5.84 13.20 
  81  9.74  2.25 14.25 
  82  6.97 -0.79 14.25 
  83 15.21  1.15 14.25 
  84 20.01  3.27 15.21 
  85 14.46 -0.80 20.01 
  86 15.76 -2.76 20.01 
  87  9.70 -3.49 20.01 
  88 15.70  3.07 20.01 
  89 10.14 28.06 20.01 
  90 21.82 16.85 20.01 
  91 18.15  7.88 21.82 
  92 12.12 34.44 21.82 
  93 28.72 36.95 21.82 
  94 17.87  7.11 28.72 
  95 17.12  5.27 28.72 
  96 18.67 13.50 28.72 
  97 18.95 13.06 28.72 
  98 17.60 10.46 28.72 
  99 13.99 23.09 28.72 
 100 21.79 21.69 28.72 
 101 25.15  4.67 28.72 
 102 16.91 26.55 28.72 
 103 23.47 32.33 28.72 
 104 25.95  3.50 28.72 
 105 18.09  2.90 28.72 
 106 16.57 -0.47 28.72 
 107 25.99 15.03 28.72 
 108 27.04 -1.80 28.72 
 109 38.79  0.69 28.72 
 110 14.40  7.39 38.79 
 111 30.99 -2.38 38.79 
 112 23.61 -2.71 38.79 
 113 29.37  1.74 38.79 
 114 22.67 -0.20 38.79 
 115 22.09  4.86 38.79 
 116 25.30  2.89 38.79 
 117 25.07  2.85 38.79 
 118 30.73  2.45 38.79 
 119 40.60 11.05 38.79 
 120 25.08 19.41 40.60 
 121 26.45 31.55 40.60 
 122 18.61 21.80 40.60 
 123 20.98 13.64 40.60 
 124 29.14 13.17 40.60 
 125 34.37 13.52 40.60 
 126 31.45 51.22 40.60 
 127 38.00 21.00 40.60 
 128 25.57 73.82 40.60 
 129 28.29  8.48 40.60 
 130 29.25 11.30 40.60 
 131 20.20 12.23 40.60 
 132 34.35 33.40 40.60 
 133 37.84 48.31 40.60 
 134 24.95 29.20 40.60 
 135 27.21 22.43 40.60 
 136 27.92 43.95 40.60 
 137 41.69 11.64 40.60 
 138 31.32 52.53 41.69 
 139 43.67 35.45 41.69 
 140 50.16 24.59 43.67 
 141 33.86 45.91 50.16 
 142 52.88 41.43 50.16 
 143 43.29 34.33 52.88 
 144 40.21 58.24 52.88 
 145 32.61 25.06 52.88 
 146 44.34 39.76 52.88 
 147 52.05 51.73 52.88 
 148 46.28 21.56 52.88 
 149 34.40 45.54 52.88 
 150 33.12 42.64 52.88 
 151 17.96 50.72 52.88 
 152 47.62 51.44 52.88 
 153 35.64 34.56 52.88 
 154 43.03 35.76 52.88 
 155 35.39 38.32 52.88 
 156 35.47 35.66 52.88 
 157 38.79 33.85 52.88 
 158 31.11 44.80 52.88 
 159 60.81 33.55 52.88 
 160 29.23 39.24 60.81 
 161 29.66 24.42 60.81 
 162 33.72 29.44 60.81 
 163 38.82 36.29 60.81 
 164 35.16 79.04 60.81 
 165 46.48 49.72 60.81 
 166 42.25 59.03 60.81 
 167 30.30 40.41 60.81 
 168 38.95 72.99 60.81 
 169 52.21 84.71 60.81 
 170 28.76 27.40 60.81 
 171 35.45 142.73 60.81 
 172 43.75 80.97 60.81 
 173 40.69 96.37 60.81 
 174 55.35 102.02 60.81 
 175 40.21 49.05 60.81 
 176 49.41 36.45 60.81 
 177 36.64 44.60 60.81 
 178 54.10 77.74 60.81 
 179 53.60 13.24 60.81 
 180 51.52 40.47 60.81 
 181 42.94 86.85 60.81 
 182 40.64 45.46 60.81 
 183 47.05 46.49 60.81 
 184 61.27 36.05 60.81 
 185 40.46 30.95 61.27 
 186 46.04 40.77 61.27 
 187 58.30 50.45 61.27 
 188 67.42 35.80 61.27 
 189 68.26 50.07 67.42 
 190 55.48 91.68 68.26 
 191 41.28 86.14 68.26 
 192 61.91 158.04 68.26 
 193 51.32 142.94 68.26 
 194 54.06 82.88 68.26 
 195 59.22 48.75 68.26 
 196 89.19 58.96 68.26 
 197 60.00 50.46 89.19 
 198 72.13 91.37 89.19 
 199 70.36 67.69 89.19 
 200 64.66 153.26 89.19 
 201 47.48 72.56 89.19 
 202 55.65 179.21 89.19 
 203 79.49 74.35 89.19 
 204 73.62 103.03 89.19 
 205 48.90 82.30 89.19 
 206 67.39 136.19 89.19 
 207 55.52 43.03 89.19 
 208 71.39 88.07 89.19 
 209 56.21 131.03 89.19 
 210 52.08 93.87 89.19 
 211 68.18 82.22 89.19 
 212 99.33 95.35 89.19 
 213 83.86 95.12 99.33 
 214 71.18 169.33 99.33 
 215 62.86 124.05 99.33 
 216 82.11 65.48 99.33 
 217 69.95 50.27 99.33 
 218 115.01 82.11 99.33 
 219 100.36 106.04 115.01 
 220 80.21 174.74 115.01 
 221 67.29 78.67 115.01 
 222 65.17 120.62 115.01 
 223 75.95 191.68 115.01 
 224 57.83 183.51 115.01 
 225 78.86 203.14 115.01 
 226 48.73 72.03 115.01 
 227 103.13 139.15 115.01 
 228 73.79 144.59 115.01 
 229 108.25 46.16 115.01 
 230 106.08 82.69 115.01 
 231 85.68 80.53 115.01 
 232 67.25 133.99 115.01 
 233 93.49 37.90 115.01 
 234 87.14 67.19 115.01 
 235 105.59 78.92 115.01 
 236 68.92 101.93 115.01 
 237 123.44 114.32 115.01 
 238 122.24 119.69 123.44 
 239 114.39 209.62 123.44 
 240 105.74 76.46 123.44 
 241 109.77 79.79 123.44 
 242 115.17 115.92 123.44 
 243 153.94 165.56 123.44 
 244 133.82 243.43 153.94 
 245 118.95 103.03 153.94 
 246 141.38 211.28 153.94 
 247 82.52 138.15 153.94 
 248 114.95 209.99 153.94 
 249 120.92 126.87 153.94 
 250 132.56 120.93 153.94 
 251 121.91 47.03 153.94 
 252 114.23 33.65 153.94 
 253 158.07 50.21 153.94 
 254 206.72 44.03 158.07 
 255 148.08 58.21 206.72 
 256 176.21 78.35 206.72 
 257 123.18 64.43 206.72 
 258 172.67 46.24 206.72 
 259 163.24 88.23 206.72 
 260 133.14 78.41 206.72 
 261 149.31 153.60 206.72 
 262 108.90 63.47 206.72 
 263 118.10 159.71 206.72 
 264 183.17 202.10 206.72 
 265 189.47 189.63 206.72 
 266 154.67 211.59 206.72 
 267 152.03 199.93 206.72 
 268 151.12 200.69 206.72 
 269 179.69 259.97 206.72 
 270 200.03 248.20 206.72 
 271 192.05 245.11 206.72 
 272 177.09 239.62 206.72 
 273 218.62 214.09 206.72 
 274 173.50 208.34 218.62 
 275 214.63 302.37 218.62 
 276 192.68 242.58 218.62 
 277 177.20 250.84 218.62 
 278 188.37 187.92 218.62 
 279 207.79 280.85 218.62 
 280 189.95 291.75 218.62 
 281 167.79 264.18 218.62 
 282 213.66 229.37 218.62 
 283 170.74 241.39 218.62 
 284 201.27 268.52 218.62 
 285 143.90 280.05 218.62 
 286 300.97 185.15 218.62 
 287 211.19 277.63 300.97 
 288 215.85 298.74 300.97 
 289 216.42 129.42 300.97 
 290 201.36 319.71 300.97 
 291 196.89 341.31 300.97 
 292 279.09 410.43 300.97 
 293 225.18 402.49 300.97 
 294 301.12 293.80 300.97 
 295 198.65 332.33 301.12 
 296 240.02 169.12 301.12 
 297 292.27 357.02 301.12 
 298 287.11 353.58 301.12 
 299 179.41 347.59 301.12 
