Iter | Sampling Pol | Evaluation Pol | Best (Sampled) 
   0 -10.16 -11.22 -100000000.00 
   1 -8.98 -11.40 -10.16 
   2 -9.54 -10.66 -8.98 
   3 -9.86 -10.44 -8.98 
   4 -9.21 -10.41 -8.98 
   5 -7.71 -10.50 -8.98 
   6 -8.53 -10.33 -7.71 
   7 -8.90 -10.10 -7.71 
   8 -8.19 -10.68 -7.71 
   9 -8.05 -10.53 -7.71 
  10 -7.46 -10.22 -7.71 
  11 -8.24 -9.19 -7.46 
  12 -8.69 -8.72 -7.46 
  13 -8.28 -7.94 -7.46 
  14 -8.37 -7.24 -7.46 
  15 -7.66 -7.21 -7.46 
  16 -6.90 -6.24 -7.46 
  17 -6.69 -6.72 -6.90 
  18 -6.97 -6.47 -6.69 
  19 -7.61 -6.62 -6.69 
  20 -5.73 -6.38 -6.69 
  21 -6.77 -6.21 -5.73 
  22 -5.24 -6.08 -5.73 
  23 -6.40 -5.97 -5.24 
  24 -5.99 -5.55 -5.24 
  25 -6.43 -5.35 -5.24 
  26 -5.90 -5.23 -5.24 
  27 -5.33 -5.15 -5.24 
  28 -5.53 -5.49 -5.24 
  29 -6.02 -5.53 -5.24 
  30 -6.40 -5.55 -5.24 
  31 -6.56 -5.46 -5.24 
  32 -5.92 -5.50 -5.24 
  33 -5.99 -5.44 -5.24 
  34 -5.59 -5.26 -5.24 
  35 -5.66 -5.22 -5.24 
  36 -5.91 -5.52 -5.24 
  37 -4.99 -5.46 -5.24 
  38 -5.91 -5.42 -4.99 
  39 -4.64 -5.18 -4.99 
  40 -4.87 -4.98 -4.64 
  41 -4.28 -5.47 -4.64 
  42 -5.00 -5.32 -4.28 
  43 -5.20 -5.68 -4.28 
  44 -4.04 -5.94 -4.28 
  45 -5.36 -5.83 -4.04 
  46 -4.99 -5.50 -4.04 
  47 -4.79 -5.50 -4.04 
  48 -3.42 -5.32 -4.04 
  49 -3.57 -3.92 -3.42 
  50 -4.97 -5.77 -3.42 
  51 -3.97 -5.46 -3.42 
  52 -3.86 -5.46 -3.42 
  53 -4.56 -5.52 -3.42 
  54 -4.18 -5.43 -3.42 
  55 -4.17 -5.49 -3.42 
  56 -4.06 -5.47 -3.42 
  57 -2.89 -5.59 -3.42 
  58 -4.50 -5.48 -2.89 
  59 -4.43 -5.40 -2.89 
  60 -3.60 -5.21 -2.89 
  61 -3.29 -5.42 -2.89 
  62 -2.36 -5.41 -2.89 
  63 -3.91 -5.28 -2.36 
  64 -3.83 -4.89 -2.36 
  65 -3.06 -4.65 -2.36 
  66 -4.02 -4.68 -2.36 
  67 -2.50 -4.56 -2.36 
  68 -0.55 -4.60 -2.36 
  69 -2.27 -4.67 -0.55 
  70 -2.28 -4.79 -0.55 
  71 -2.31 -4.54 -0.55 
  72 -2.26 -4.37 -0.55 
  73 -1.94 -4.33 -0.55 
  74 -1.96 -4.15 -0.55 
  75 -1.08 -4.06 -0.55 
  76 -2.80 -4.08 -0.55 
  77 -0.90 -2.42 -0.55 
  78 -0.70 -3.87 -0.55 
  79 -2.09 -3.67 -0.55 
  80 -0.79 -3.74 -0.55 
  81 -0.61 -3.89 -0.55 
  82 -0.50 -3.75 -0.55 
  83 -2.10 -3.77 -0.50 
  84  0.09 -3.76 -0.50 
  85 -0.82 -3.95  0.09 
  86 -0.03 -3.97  0.09 
  87  0.27 -4.19  0.09 
  88 -1.67 -4.38  0.27 
  89 -0.44 -4.30  0.27 
  90  1.05 -4.53  0.27 
  91 -0.55 -4.04  1.05 
  92 -0.07 -4.13  1.05 
  93  1.18 -4.10  1.05 
  94 -0.57 -3.82  1.18 
  95  1.82 -2.09  1.18 
  96  1.77 -4.12  1.82 
  97 -0.11 -4.25  1.82 
  98 -0.28 -4.08  1.82 
  99  2.11 -4.05  1.82 
 100  1.21 -3.99  2.11 
 101  0.54 -3.97  2.11 
 102  1.68 -3.98  2.11 
 103  1.67 -4.05  2.11 
 104  1.37 -4.12  2.11 
 105  4.04 -4.07  2.11 
 106 -0.13 -4.01  4.04 
 107  1.80 -3.96  4.04 
 108  1.75 -3.71  4.04 
 109  2.80 -3.71  4.04 
 110  4.13 -3.54  4.04 
 111  5.53 -3.74  4.13 
 112  2.27 -3.43  5.53 
 113  3.00 -3.38  5.53 
 114  3.73 -3.12  5.53 
 115  2.76 -3.15  5.53 
 116  1.95 -2.97  5.53 
 117  1.50 -2.77  5.53 
 118  2.78 -0.53  5.53 
 119  1.76  2.78  5.53 
 120  3.27 -1.11  5.53 
 121  4.38  0.19  5.53 
 122  4.67 -1.43  5.53 
 123  5.04  0.85  5.53 
 124  4.93 -2.12  5.53 
 125  7.65  4.15  5.53 
 126  7.16  2.32  7.65 
 127  5.71  0.03  7.65 
 128  9.99  0.79  7.65 
 129  7.17  9.01  9.99 
 130  7.66 10.60  9.99 
 131  7.12  4.04  9.99 
 132 10.64  2.28  9.99 
 133  7.07  1.98 10.64 
 134 12.59  4.25 10.64 
 135 11.32  5.57 12.59 
 136 12.63 -1.17 12.59 
 137  9.12  2.21 12.63 
 138 10.88  7.75 12.63 
 139 12.53  8.06 12.63 
 140 11.18  2.74 12.63 
 141 10.29  9.89 12.63 
 142 10.96  5.86 12.63 
 143 13.06  6.72 12.63 
 144 13.14  2.59 13.06 
 145  9.92  5.19 13.14 
 146 12.48  0.94 13.14 
 147 14.73 -1.52 13.14 
 148 14.56  0.36 14.73 
 149 18.12  9.78 14.73 
 150 11.59  6.03 18.12 
 151 11.85  4.59 18.12 
 152 15.49  4.59 18.12 
 153 14.81  9.89 18.12 
 154 13.94 11.46 18.12 
 155 20.35 11.57 18.12 
 156 18.06  6.86 20.35 
 157 23.86 10.09 20.35 
 158 20.49 25.56 23.86 
 159 19.93 10.04 23.86 
 160 12.11  9.58 23.86 
 161 13.94  7.23 23.86 
 162 19.04  5.94 23.86 
 163 19.03  6.45 23.86 
 164 22.89  7.46 23.86 
 165 25.43  0.21 23.86 
 166 25.58  4.54 25.43 
 167 16.98 10.40 25.58 
 168 22.86  6.11 25.58 
 169 22.90 10.75 25.58 
 170 21.00  2.86 25.58 
 171 22.57  2.32 25.58 
 172 40.67  2.46 25.58 
 173 40.42  4.25 40.67 
 174 29.13  3.77 40.67 
 175 25.32  8.16 40.67 
 176 26.84  6.42 40.67 
 177 39.39 12.86 40.67 
 178 34.82 10.31 40.67 
 179 34.57  7.74 40.67 
 180 33.16 20.42 40.67 
 181 49.63 11.64 40.67 
 182 35.89 19.28 49.63 
 183 47.76 15.19 49.63 
 184 42.61  7.23 49.63 
 185 43.37 12.98 49.63 
 186 51.16 16.64 49.63 
 187 46.47 10.81 51.16 
 188 40.80  4.42 51.16 
 189 47.34  8.78 51.16 
 190 49.35  8.26 51.16 
 191 47.14 13.21 51.16 
 192 44.30 20.37 51.16 
 193 48.57 16.26 51.16 
 194 45.16 16.10 51.16 
 195 43.04  9.76 51.16 
 196 62.08  7.74 51.16 
 197 51.44 13.90 62.08 
 198 53.69 11.67 62.08 
 199 54.67 17.61 62.08 
 200 45.43 19.06 62.08 
 201 77.36 15.10 62.08 
 202 50.33  9.09 77.36 
 203 58.65  7.73 77.36 
 204 78.14 14.62 77.36 
 205 60.82 16.39 78.14 
 206 78.84 20.12 78.14 
 207 68.46 23.66 78.84 
 208 62.59 18.54 78.84 
 209 80.59 22.04 78.84 
 210 82.67 25.26 80.59 
 211 60.12 13.48 82.67 
 212 78.93  9.94 82.67 
 213 87.89 10.27 82.67 
 214 72.73  9.04 87.89 
 215 76.32  3.76 87.89 
 216 92.75 11.96 87.89 
 217 90.27  6.40 92.75 
 218 103.61 11.60 92.75 
 219 115.49 11.07 103.61 
 220 99.33 13.86 115.49 
 221 97.35 11.10 115.49 
 222 144.60  8.52 115.49 
 223 96.65 11.97 144.60 
 224 105.47  2.87 144.60 
 225 112.74  9.03 144.60 
 226 98.97 18.42 144.60 
 227 119.03 21.38 144.60 
 228 145.51 22.42 144.60 
 229 106.13 27.21 145.51 
 230 137.66 21.69 145.51 
 231 127.98 20.13 145.51 
 232 132.50 65.32 145.51 
 233 148.06 14.49 145.51 
 234 117.09  9.39 148.06 
 235 217.13  0.48 148.06 
 236 156.69  2.59 217.13 
 237 180.65  3.14 217.13 
 238 180.48  5.84 217.13 
 239 213.89 33.36 217.13 
 240 214.12  3.66 217.13 
 241 157.35 20.92 217.13 
 242 209.81  6.75 217.13 
 243 240.97 25.33 217.13 
 244 216.87  5.07 240.97 
 245 238.56 35.21 240.97 
 246 215.51  5.79 240.97 
 247 249.02 12.25 240.97 
 248 272.15 12.44 249.02 
 249 261.25  8.65 272.15 
 250 234.60 28.31 272.15 
 251 252.75  4.40 272.15 
 252 272.46 27.12 272.15 
 253 274.96 26.80 272.46 
 254 317.27 13.42 274.96 
 255 376.60 49.16 317.27 
 256 336.49 71.48 376.60 
 257 295.94 32.77 376.60 
 258 303.82 37.81 376.60 
 259 335.85 66.30 376.60 
 260 370.63 47.87 376.60 
 261 396.29 48.47 376.60 
 262 438.75 23.48 396.29 
 263 405.00 38.14 438.75 
 264 363.84 74.49 438.75 
 265 451.33 78.30 438.75 
 266 346.30 82.80 451.33 
 267 436.62 108.13 451.33 
 268 409.04 54.58 451.33 
 269 496.31 41.80 451.33 
 270 455.47 23.17 496.31 
 271 572.43 26.26 496.31 
 272 484.83 72.46 572.43 
 273 591.82 26.32 572.43 
 274 524.49 17.94 591.82 
 275 572.60 41.27 591.82 
 276 507.71 55.98 591.82 
 277 491.30 18.08 591.82 
 278 585.63 22.79 591.82 
 279 537.88 69.56 591.82 
 280 551.22 44.43 591.82 
 281 565.86 33.88 591.82 
 282 639.97 34.20 591.82 
 283 651.48 43.70 639.97 
 284 634.04 22.71 651.48 
 285 535.51 23.99 651.48 
 286 685.58 83.79 651.48 
 287 742.11 154.03 685.58 
 288 723.59 71.59 742.11 
 289 684.81 159.21 742.11 
 290 781.69 39.85 742.11 
 291 683.89 102.54 781.69 
 292 708.93 87.42 781.69 
 293 713.10 14.40 781.69 
 294 822.76 39.01 781.69 
 295 766.48 12.98 822.76 
 296 810.48 12.55 822.76 
 297 890.51 58.78 822.76 
 298 663.81 85.06 890.51 
 299 684.92 26.83 890.51 
 276 531.18 81.99 -100000000.00 
 277 584.55 125.52 531.18 
 278 462.47 75.04 584.55 
 279 480.09 118.71 584.55 
 280 506.01 105.21 584.55 
 281 489.19 156.00 584.55 
 282 603.93 179.45 584.55 
 283 434.47 265.15 603.93 
 284 489.70 208.78 603.93 
 285 503.34 304.16 603.93 
 286 528.69 217.59 603.93 
 287 612.55 348.61 603.93 
 288 602.93 279.05 612.55 
 289 610.75 219.94 612.55 
 290 591.55 340.02 612.55 
 291 502.32 415.59 612.55 
 292 584.11 303.63 612.55 
 293 597.97 292.66 612.55 
 294 727.60 218.93 612.55 
 295 632.31 294.92 727.60 
 296 710.67 208.06 727.60 
 297 637.36 393.61 727.60 
 298 611.36 280.68 727.60 
 299 713.19 299.97 727.60 
 300 652.96 224.51 727.60 
 301 746.74 228.21 727.60 
 302 689.70 120.99 746.74 
 303 709.27 233.65 746.74 
 304 705.80 372.05 746.74 
 305 685.80 172.50 746.74 
 306 727.04 249.98 746.74 
 307 732.73 250.83 746.74 
 308 743.38 378.23 746.74 
 309 730.21 407.40 746.74 
 310 805.27 206.38 746.74 
 311 818.08 110.89 805.27 
 312 889.85 175.52 818.08 
 313 919.03 372.80 889.85 
 314 844.15 317.95 919.03 
 315 943.45 412.36 919.03 
 316 1018.53 273.40 943.45 
 317 1083.59 407.88 1018.53 
 318 996.73 423.59 1083.59 
 319 1102.58 393.16 1083.59 
 320 1053.70 295.87 1102.58 
 321 961.65 437.44 1102.58 
 322 1162.93 374.95 1102.58 
 323 1021.99 488.58 1162.93 
 324 1059.87 451.55 1162.93 
 325 1204.62 358.06 1162.93 
 326 1212.77 608.21 1204.62 
 327 1201.02 327.77 1212.77 
 328 1086.20 482.27 1212.77 
 329 1007.23 508.99 1212.77 
 330 1297.56 453.79 1212.77 
 331 1109.60 628.66 1297.56 
 332 1109.63 639.09 1297.56 
 333 1284.40 731.85 1297.56 
 334 1265.50 734.46 1297.56 
 335 1319.68 691.21 1297.56 
 336 1196.66 859.89 1319.68 
 337 1153.21 743.02 1319.68 
 338 1308.88 914.71 1319.68 
 339 1338.72 964.02 1319.68 
 340 1374.88 1044.87 1338.72 
 341 1396.81 846.67 1374.88 
 342 1320.78 772.33 1396.81 
 343 1303.06 690.79 1396.81 
 344 1507.30 789.92 1396.81 
 345 1215.85 849.35 1507.30 
 346 1383.81 1166.29 1507.30 
 347 1333.81 952.32 1507.30 
 348 1387.75 991.69 1507.30 
 349 1224.17 860.08 1507.30 
 350 1367.41 901.17 1507.30 
 351 1388.84 939.57 1507.30 
 352 1369.82 759.35 1507.30 
 353 1350.23 787.12 1507.30 
 354 1511.00 800.77 1507.30 
 355 1283.56 972.89 1511.00 
 356 1388.15 1053.15 1511.00 
 357 1545.56 1121.19 1511.00 
 358 1413.96 983.31 1545.56 
 359 1472.26 1294.92 1545.56 
 360 1488.05 1093.08 1545.56 
 361 1431.88 907.63 1545.56 
 362 1660.98 1236.91 1545.56 
 363 1690.96 1260.22 1660.98 
 364 1592.06 1179.15 1690.96 
 365 1554.49 1570.67 1690.96 
 366 1714.10 1629.49 1690.96 
 367 1615.37 1367.99 1714.10 
 368 1485.24 1712.10 1714.10 
 369 1586.23 1626.87 1714.10 
 370 1649.48 1593.56 1714.10 
 371 1728.60 1281.09 1714.10 
 372 1585.19 1535.42 1728.60 
 373 1711.13 1835.95 1728.60 
 374 1686.01 1667.06 1728.60 
 375 1484.28 1451.35 1728.60 
 376 1765.62 1303.77 1728.60 
 377 1882.26 1713.61 1765.62 
 378 1771.59 1777.62 1882.26 
 379 1786.62 1792.65 1882.26 
 380 1829.92 1910.74 1882.26 
 381 1811.70 1888.50 1882.26 
 382 1806.85 2063.19 1882.26 
 383 1833.67 2550.59 1882.26 
 384 1921.19 2613.66 1882.26 
 385 1892.03 2390.35 1921.19 
 386 1786.74 2553.39 1921.19 
 387 1920.51 2315.25 1921.19 
 388 1833.29 2228.36 1921.19 
 389 1948.16 2169.22 1921.19 
 390 1832.92 1944.99 1948.16 
 391 1869.33 2227.55 1948.16 
 392 1778.12 2324.95 1948.16 
 393 1936.63 1756.77 1948.16 
 394 1900.27 1826.50 1948.16 
 395 1818.00 1848.71 1948.16 
 396 1924.44 2023.54 1948.16 
 397 2038.50 2092.76 1948.16 
 398 2002.15 1699.98 2038.50 
 399 2084.51 1292.85 2038.50 
 400 1869.84 1050.77 2084.51 
 401 2134.56 1511.69 2084.51 
 402 2110.59 1435.37 2134.56 
 403 1906.61 1365.44 2134.56 
 404 2219.26 1533.61 2134.56 
 405 2101.98 1442.00 2219.26 
 406 2192.31 1145.01 2219.26 
 407 2030.09 1118.26 2219.26 
 408 2371.13 895.48 2219.26 
 409 2092.72 959.81 2371.13 
 410 2200.72 987.50 2371.13 
 411 2030.42 1368.81 2371.13 
 412 2052.27 1486.75 2371.13 
 413 2186.92 1456.59 2371.13 
 414 2268.80 1242.20 2371.13 
 415 2300.82 1108.29 2371.13 
 416 2257.93 1388.95 2371.13 
 417 2198.22 1352.00 2371.13 
 418 2394.09 1548.01 2371.13 
 419 2213.29 1490.65 2394.09 
 420 2168.67 1258.99 2394.09 
 421 2130.38 1363.58 2394.09 
 422 2394.19 1402.91 2394.09 
 423 2363.59 1477.77 2394.19 
 424 2176.06 1614.16 2394.19 
 425 2284.33 1519.64 2394.19 
 426 2391.41 1289.52 2394.19 
 427 2261.51 1080.52 2394.19 
 428 2183.39 1429.99 2394.19 
 429 2246.02 1391.29 2394.19 
 430 2548.82 1630.85 2394.19 
 431 2326.76 1386.57 2548.82 
 432 2242.00 1439.23 2548.82 
 433 2197.88 1434.48 2548.82 
 434 2266.99 1572.59 2548.82 
 435 2451.65 1398.13 2548.82 
 436 2239.41 1278.86 2548.82 
 437 2179.71 1492.53 2548.82 
 438 2195.72 1418.13 2548.82 
 439 2258.49 1292.54 2548.82 
 440 2057.01 1409.53 2548.82 
 441 2271.10 1445.06 2548.82 
 442 2436.72 1087.37 2548.82 
 443 2380.08 1203.16 2548.82 
 444 2555.30 1162.91 2548.82 
 445 2217.99 975.34 2555.30 
 446 2441.77 958.11 2555.30 
 447 2405.51 1442.29 2555.30 
 448 2685.07 2007.61 2555.30 
 449 2402.43 1538.56 2685.07 
 450 2490.20 742.85 2685.07 
 451 2307.06 1298.90 2685.07 
 452 2470.73 1143.14 2685.07 
 453 2657.92 732.84 2685.07 
 454 2484.97 793.58 2685.07 
 455 2423.45 1111.11 2685.07 
 456 2501.17 1157.05 2685.07 
 457 2485.06 994.93 2685.07 
 458 2275.88 1238.75 2685.07 
 459 2648.06 1196.44 2685.07 
 460 2479.51 1165.31 2685.07 
 461 2515.83 1383.58 2685.07 
 462 2583.53 1381.47 2685.07 
 463 2721.20 1477.15 2685.07 
 464 2527.32 1520.06 2721.20 
 465 2597.30 1699.66 2721.20 
 466 2595.86 2156.50 2721.20 
 467 2434.10 2348.70 2721.20 
 468 2364.44 2226.78 2721.20 
 469 2454.64 1722.04 2721.20 
 470 2532.67 1358.74 2721.20 
 471 2439.27 1522.78 2721.20 
 472 2401.52 1274.94 2721.20 
 473 2348.50 1778.77 2721.20 
 474 2635.81 2004.90 2721.20 
 475 2674.43 1907.32 2721.20 
 476 2475.52 1630.90 2721.20 
 477 2647.04 1774.31 2721.20 
 478 2493.57 2288.15 2721.20 
 479 2606.89 1651.21 2721.20 
 480 2491.45 1944.20 2721.20 
 481 2690.51 2130.85 2721.20 
 482 2672.33 1788.46 2721.20 
 483 2688.26 1184.86 2721.20 
 484 2453.01 1261.99 2721.20 
 485 2597.15 959.11 2721.20 
 486 2599.38 1482.91 2721.20 
 487 2538.02 1252.18 2721.20 
 488 2670.88 1013.94 2721.20 
 489 2539.41 1026.61 2721.20 
 490 2618.00 2034.98 2721.20 
 491 2549.18 2088.94 2721.20 
 492 2688.60 1906.40 2721.20 
 493 2605.29 1450.52 2721.20 
 494 2649.02 1176.72 2721.20 
 495 2577.32 1313.01 2721.20 
 496 2795.61 1593.33 2721.20 
 497 2635.63 1632.94 2795.61 
 498 2841.34 1848.34 2795.61 
 499 2598.07 1486.54 2841.34 
 500 2572.76 1529.73 2841.34 
 501 2780.01 1229.95 2841.34 
 502 2534.10 657.16 2841.34 
 503 2674.34 1087.25 2841.34 
 504 2607.58 1080.68 2841.34 
 505 2703.07 1719.98 2841.34 
 506 2778.46 1320.17 2841.34 
 507 2905.65 1305.04 2841.34 
 508 2705.67 1288.39 2905.65 
 509 2720.30 1637.22 2905.65 
 510 2786.67 1854.47 2905.65 
 511 2772.65 1762.75 2905.65 
 512 2655.80 1207.74 2905.65 
 513 2894.16 1431.98 2905.65 
 514 2887.46 682.46 2905.65 
 515 2951.67 1179.19 2905.65 
 516 2775.32 1171.39 2951.67 
 517 2750.53 1510.57 2951.67 
 518 2871.05 1973.05 2951.67 
 519 2844.97 1853.59 2951.67 
 520 2773.45 1845.67 2951.67 
 521 2719.06 1821.47 2951.67 
 522 2855.48 1172.53 2951.67 
 523 2880.89 1599.36 2951.67 
 524 2872.00 1869.73 2951.67 
 525 2865.80 1837.01 2951.67 
 526 2706.43 1609.34 2951.67 
 527 2872.94 1407.42 2951.67 
 528 2837.35 1733.44 2951.67 
 529 2853.19 1631.34 2951.67 
 530 2911.03 1723.38 2951.67 
 531 2818.11 1020.93 2951.67 
 532 2795.28 1000.67 2951.67 
 533 2779.65 1792.36 2951.67 
 534 2875.09 1689.93 2951.67 
 535 2810.86 1702.47 2951.67 
 536 2805.28 1942.68 2951.67 
 537 2763.80 2067.06 2951.67 
 538 2728.13 2005.61 2951.67 
 539 2820.42 1722.28 2951.67 
 540 2900.49 1940.56 2951.67 
 541 2775.97 1666.52 2951.67 
 542 2818.85 1496.43 2951.67 
 543 3014.19 1547.12 2951.67 
 544 2735.89 1163.27 3014.19 
 545 2823.16 1335.15 3014.19 
 546 2803.37 1123.03 3014.19 
 547 2859.64 1093.97 3014.19 
 548 2916.79 989.03 3014.19 
 549 2979.54 1200.59 3014.19 
 550 2932.90 1253.40 3014.19 
 551 2768.09 1145.18 3014.19 
 552 2922.09 994.59 3014.19 
 553 2771.21 1202.09 3014.19 
 554 2705.86 1036.29 3014.19 
 555 2743.54 1116.14 3014.19 
 556 2877.66 1361.01 3014.19 
 557 2826.59 1065.60 3014.19 
 558 3002.84 1448.40 3014.19 
 559 2871.10 1217.57 3014.19 
 560 2981.38 873.28 3014.19 
 561 3075.02 1026.73 3014.19 
 562 3097.44 1406.96 3075.02 
 563 3083.63 1497.77 3097.44 
 564 2999.44 1839.87 3097.44 
 565 2948.14 1453.84 3097.44 
 566 2898.81 1504.13 3097.44 
 567 2704.46 1535.36 3097.44 
 568 2936.44 1735.44 3097.44 
 569 2950.62 2186.66 3097.44 
 570 3015.22 1791.43 3097.44 
 571 2978.52 1591.21 3097.44 
 572 2936.28 1427.37 3097.44 
 573 3075.86 2245.31 3097.44 
 574 2940.41 1765.94 3097.44 
 575 3017.50 1994.47 3097.44 
 576 3076.41 1874.31 3097.44 
 577 2941.09 1496.77 3097.44 
 578 2979.53 1093.14 3097.44 
 579 2938.86 1515.91 3097.44 
 580 2919.17 1673.08 3097.44 
 581 2804.53 2143.56 3097.44 
 582 2977.38 1949.33 3097.44 
 583 2876.29 2348.62 3097.44 
 584 3098.33 2133.98 3097.44 
 585 2965.57 2082.52 3098.33 
 586 2901.06 1974.97 3098.33 
 587 2889.86 2257.79 3098.33 
 588 3082.82 2296.10 3098.33 
 589 3032.63 1985.14 3098.33 
 590 2911.26 2068.77 3098.33 
 591 2850.28 2115.27 3098.33 
 592 3046.92 2225.44 3098.33 
 593 3033.71 2434.04 3098.33 
 594 3132.39 2599.12 3098.33 
 595 3174.24 2017.57 3132.39 
 596 3108.99 2430.96 3174.24 
 597 3059.61 2317.28 3174.24 
 598 3112.51 2468.85 3174.24 
 599 2972.46 2353.45 3174.24 
 600 2985.16 2577.92 3174.24 
 601 3079.92 2359.76 3174.24 
 602 3149.77 1703.45 3174.24 
 603 3098.51 1954.21 3174.24 
 604 2975.75 2066.34 3174.24 
 605 3087.32 2188.27 3174.24 
 606 2999.73 2138.85 3174.24 
 607 3207.68 2129.63 3174.24 
 608 3059.71 2099.89 3207.68 
 609 3113.58 1680.07 3207.68 
 610 3027.76 1414.17 3207.68 
 611 3130.10 1846.13 3207.68 
 612 3209.77 1780.98 3207.68 
 613 2906.52 1928.08 3209.77 
 614 3079.90 2002.14 3209.77 
 615 3093.41 2037.59 3209.77 
 616 2925.02 2102.79 3209.77 
 617 3040.77 2575.31 3209.77 
 618 3132.62 2440.92 3209.77 
 619 3043.53 2311.05 3209.77 
 620 3104.01 2194.95 3209.77 
 621 3080.50 2189.25 3209.77 
 622 3000.52 2229.13 3209.77 
 623 2964.04 2238.87 3209.77 
 624 2975.65 2482.59 3209.77 
 625 3058.66 2556.00 3209.77 
 626 3115.97 2683.41 3209.77 
 627 3067.92 2678.32 3209.77 
 628 3105.99 3060.73 3209.77 
 629 3116.84 3116.88 3209.77 
 630 3293.03 3080.07 3209.77 
 631 3089.36 3395.15 3293.03 
 632 3164.38 3376.44 3293.03 
 633 3082.30 3059.49 3293.03 
 634 3037.84 2987.72 3293.03 
 635 2982.61 3002.52 3293.03 
 636 3188.02 3075.84 3293.03 
 637 3082.25 2808.13 3293.03 
 638 2980.74 3037.87 3293.03 
 639 3245.72 2795.64 3293.03 
 640 2975.20 3084.20 3293.03 
 641 2979.29 2990.45 3293.03 
 642 3096.67 3195.60 3293.03 
 643 3142.50 3320.28 3293.03 
 644 3266.87 3305.23 3293.03 
 645 3089.54 3462.65 3293.03 
 646 3110.59 3391.09 3293.03 
 647 3170.00 3379.82 3293.03 
 648 3103.46 3211.47 3293.03 
 649 3117.75 2896.23 3293.03 
 650 3288.34 2956.48 3293.03 
 651 3145.69 2984.76 3293.03 
 652 3033.64 2936.98 3293.03 
 653 2902.29 2694.42 3293.03 
 654 3064.63 2840.96 3293.03 
 655 3281.61 2983.48 3293.03 
 656 3122.81 2865.01 3293.03 
 657 3110.60 3238.56 3293.03 
 658 2951.33 3345.51 3293.03 
 659 3134.70 3215.81 3293.03 
 660 3107.58 3109.63 3293.03 
 661 2996.87 2849.95 3293.03 
 662 3218.42 3329.34 3293.03 
 663 3258.14 3401.58 3293.03 
 664 3349.25 3210.11 3293.03 
 665 3111.58 3168.37 3349.25 
 666 3235.04 3164.69 3349.25 
 667 3328.50 3398.73 3349.25 
 668 2966.25 3195.16 3349.25 
 669 3086.87 2932.47 3349.25 
 670 3305.54 2998.71 3349.25 
 671 3010.98 3176.62 3349.25 
 672 3145.36 3394.00 3349.25 
 673 3261.13 2909.30 3349.25 
 674 3141.14 2939.68 3349.25 
 675 3253.17 3260.10 3349.25 
 676 3178.82 3245.87 3349.25 
 677 3207.41 3074.90 3349.25 
 678 3309.71 3101.75 3349.25 
 679 3432.41 3209.47 3349.25 
 680 3172.12 3148.74 3432.41 
 681 3407.61 3241.87 3432.41 
 682 3405.12 2890.52 3432.41 
 683 3145.38 3114.20 3432.41 
 684 3257.79 2975.81 3432.41 
 685 3252.73 3370.21 3432.41 
 686 3197.29 3470.91 3432.41 
 687 3185.23 3232.29 3432.41 
 688 3057.68 3296.41 3432.41 
 689 3130.94 3331.03 3432.41 
 690 3138.37 3360.95 3432.41 
 691 3212.12 3343.91 3432.41 
 692 3117.56 3412.37 3432.41 
 693 3115.79 3287.72 3432.41 
 694 3252.61 3362.38 3432.41 
 695 3352.52 3400.46 3432.41 
 696 3155.03 3268.65 3432.41 
 697 3251.18 3035.94 3432.41 
 698 3242.40 3431.53 3432.41 
 699 3203.00 3458.62 3432.41 
 700 3331.39 3272.47 3432.41 
 701 3274.13 3076.45 3432.41 
 702 3226.13 3064.40 3432.41 
 703 3397.80 3103.20 3432.41 
 704 3264.71 2831.05 3432.41 
 705 3367.94 2981.86 3432.41 
 706 3230.18 3111.42 3432.41 
 707 3253.18 3245.50 3432.41 
 708 3302.07 3424.77 3432.41 
 709 3254.81 2899.89 3432.41 
 710 3318.22 3082.48 3432.41 
 711 3361.73 3201.72 3432.41 
 712 3282.57 3577.91 3432.41 
 713 3325.54 3063.91 3432.41 
 714 3373.51 3088.72 3432.41 
 715 3378.80 2849.36 3432.41 
 716 3358.74 2787.67 3432.41 
 717 3316.61 3154.72 3432.41 
 718 3284.67 3504.61 3432.41 
 719 3359.52 3478.78 3432.41 
 720 3384.19 2654.82 3432.41 
 721 3253.81 2495.98 3432.41 
 722 3331.79 2725.73 3432.41 
 723 3384.52 2876.77 3432.41 
 724 3448.24 3192.40 3432.41 
 725 3397.68 3005.92 3448.24 
 726 3625.36 3127.81 3448.24 
 727 3393.75 3382.32 3625.36 
 728 3444.34 3467.10 3625.36 
 729 3366.93 3376.14 3625.36 
 730 3489.05 3417.07 3625.36 
 731 3424.48 3217.65 3625.36 
 732 3474.50 2859.34 3625.36 
 733 3314.25 3157.45 3625.36 
 734 3317.18 3169.98 3625.36 
 735 3327.17 3086.39 3625.36 
 736 3393.68 3309.09 3625.36 
 737 3448.81 3291.77 3625.36 
 738 3436.47 3290.13 3625.36 
 739 3448.22 3231.24 3625.36 
 740 3216.64 3413.92 3625.36 
 741 3509.56 3343.92 3625.36 
 742 3364.82 3534.76 3625.36 
 743 3479.79 3422.16 3625.36 
 744 3337.04 3422.81 3625.36 
 745 3496.49 3481.79 3625.36 
 746 3359.48 3561.76 3625.36 
 747 3388.43 3357.57 3625.36 
 748 3276.40 3032.89 3625.36 
 749 3316.56 3115.29 3625.36 
 750 3527.76 3226.83 3625.36 
 751 3407.90 3320.93 3625.36 
 752 3464.51 3284.86 3625.36 
 753 3499.91 3244.86 3625.36 
 754 3495.97 3211.74 3625.36 
 755 3554.65 3234.92 3625.36 
 756 3506.23 3829.66 3625.36 
 757 3350.11 3746.68 3625.36 
 758 3452.99 3600.62 3625.36 
 759 3502.70 3424.31 3625.36 
 760 3510.96 3419.55 3625.36 
 761 3515.23 3444.64 3625.36 
 762 3294.91 3190.85 3625.36 
 763 3582.82 3286.83 3625.36 
 764 3558.90 3278.39 3625.36 
 765 3405.92 3115.08 3625.36 
 766 3566.89 3409.54 3625.36 
 767 3388.41 3341.70 3625.36 
 768 3415.14 3225.60 3625.36 
 769 3471.56 3348.11 3625.36 
 770 3397.95 3346.30 3625.36 
 771 3465.04 3564.52 3625.36 
 772 3366.17 3150.70 3625.36 
 773 3420.30 3144.60 3625.36 
 774 3454.00 3476.94 3625.36 
 775 3460.33 3503.75 3625.36 
 776 3513.44 3536.42 3625.36 
 777 3577.31 3369.13 3625.36 
 778 3386.22 3501.04 3625.36 
 779 3503.26 3236.39 3625.36 
 780 3391.34 3295.65 3625.36 
 781 3425.57 3313.86 3625.36 
 782 3522.51 3233.88 3625.36 
 783 3471.33 3280.36 3625.36 
 784 3291.80 2994.72 3625.36 
 785 3374.64 3062.01 3625.36 
 786 3530.74 3314.92 3625.36 
 787 3411.59 3443.33 3625.36 
 788 3383.42 3356.75 3625.36 
 789 3501.65 3388.92 3625.36 
 790 3437.43 3496.43 3625.36 
 791 3340.25 3555.04 3625.36 
 792 3351.94 3617.01 3625.36 
 793 3436.84 3656.36 3625.36 
 794 3384.67 3748.65 3625.36 
 795 3336.71 3500.15 3625.36 
 796 3500.14 3326.14 3625.36 
 797 3498.57 3724.17 3625.36 
 798 3549.93 3674.81 3625.36 
 799 3520.21 3634.47 3625.36 
