Iter | Sampling Pol | Evaluation Pol | Best (Sampled) 
   0 -7.61 -9.22 -100000000.00 
   1 -7.77 -9.91 -7.61 
   2 -7.61 -9.39 -7.61 
   3 -7.38 -8.57 -7.61 
   4 -7.21 -7.70 -7.38 
   5 -7.61 -7.73 -7.21 
   6 -6.61 -7.81 -7.21 
   7 -6.59 -7.59 -6.61 
   8 -6.83 -7.43 -6.59 
   9 -6.77 -7.14 -6.59 
  10 -6.32 -6.58 -6.59 
  11 -6.32 -4.28 -6.32 
  12 -5.84 -5.59 -6.32 
  13 -5.82 -5.03 -5.84 
  14 -6.26 -4.65 -5.82 
  15 -4.72 -4.86 -5.82 
  16 -6.20 -4.94 -4.72 
  17 -5.48 -4.40 -4.72 
  18 -5.35 -4.63 -4.72 
  19 -5.40 -5.04 -4.72 
  20 -5.16 -4.76 -4.72 
  21 -5.18 -4.34 -4.72 
  22 -4.15 -4.69 -4.72 
  23 -4.85 -4.57 -4.15 
  24 -4.00 -5.09 -4.15 
  25 -4.34 -4.79 -4.00 
  26 -4.99 -4.50 -4.00 
  27 -4.10 -4.40 -4.00 
  28 -3.76 -4.64 -4.00 
  29 -3.00 -4.44 -3.76 
  30 -3.52 -4.36 -3.00 
  31 -3.66 -3.54 -3.00 
  32 -2.26 -3.51 -3.00 
  33 -3.73 -4.56 -2.26 
  34 -2.62 -5.21 -2.26 
  35 -1.67 -5.42 -2.26 
  36 -3.43 -4.60 -1.67 
  37 -2.62 -5.04 -1.67 
  38 -2.99 -5.83 -1.67 
  39 -3.55 -5.69 -1.67 
  40 -2.24 -4.93 -1.67 
  41 -2.76 -5.06 -1.67 
  42 -2.04 -6.02 -1.67 
  43 -1.99 -6.22 -1.67 
  44 -0.86 -5.46 -1.67 
  45 -1.27 -5.92 -0.86 
  46 -2.17 -5.72 -0.86 
  47 -2.37 -4.63 -0.86 
  48 -1.84 -5.64 -0.86 
  49  0.28 -5.46 -0.86 
  50 -1.64 -4.42  0.28 
  51  0.14 -5.70  0.28 
  52 -0.59 -4.01  0.28 
  53 -0.97 -4.76  0.28 
  54 -2.24 -5.70  0.28 
  55  0.08 -3.83  0.28 
  56  1.44 -4.67  0.28 
  57  1.42 -3.98  1.44 
  58 -0.20 -3.70  1.44 
  59  2.68 -4.02  1.44 
  60 -0.65 -4.84  2.68 
  61  1.25 -4.80  2.68 
  62  0.08 -2.56  2.68 
  63  0.62 -4.91  2.68 
  64  2.30 -5.61  2.68 
  65  0.92 -4.75  2.68 
  66  0.79 -6.13  2.68 
  67  0.80 -6.27  2.68 
  68  0.93 -4.07  2.68 
  69 -0.87 -4.23  2.68 
  70  1.14 -0.99  2.68 
  71  2.88 -4.56  2.68 
  72  0.17 -4.48  2.88 
  73 -0.78 -5.53  2.88 
  74  1.68  0.98  2.88 
  75  2.08 -3.01  2.88 
  76  1.96 -2.54  2.88 
  77  0.43 -2.78  2.88 
  78  2.59 -2.95  2.88 
  79  0.70 -2.62  2.88 
  80  4.86 -0.99  2.88 
  81  6.14 -1.31  4.86 
  82  4.49 -1.19  6.14 
  83  1.36 -2.46  6.14 
  84  2.99 -1.22  6.14 
  85  3.32 -5.31  6.14 
  86  1.92 -2.54  6.14 
  87  4.19 -7.99  6.14 
  88  9.23 -4.12  6.14 
  89  4.03 -5.82  9.23 
  90  4.94 -3.83  9.23 
  91  0.85 -0.65  9.23 
  92  2.59  1.35  9.23 
  93  8.44  0.58  9.23 
  94  4.76  1.61  9.23 
  95  3.99  1.42  9.23 
  96  6.11  3.48  9.23 
  97  9.63  3.50  9.23 
  98  5.87  4.54  9.63 
  99  9.68 10.70  9.63 
 100  5.10  9.78  9.68 
 101  6.31 21.74  9.68 
 102  5.90  4.58  9.68 
 103  9.40 36.99  9.68 
 104  6.48 20.36  9.68 
 105  7.11 29.76  9.68 
 106  6.80 19.78  9.68 
 107  5.86  8.04  9.68 
 108  3.97 35.04  9.68 
 109  4.69 13.38  9.68 
 110  6.36 49.05  9.68 
 111  9.74 10.77  9.68 
 112  6.86  7.81  9.74 
 113  9.72 12.33  9.74 
 114 11.66 25.82  9.74 
 115  9.30 20.45 11.66 
 116 11.17  7.69 11.66 
 117 11.64 10.84 11.66 
 118 14.34  9.36 11.66 
 119 11.56 18.12 14.34 
 120 13.50 14.04 14.34 
 121 10.21 22.15 14.34 
 122 10.20 31.28 14.34 
 123 13.69 23.32 14.34 
 124 11.80 23.85 14.34 
 125  8.67 33.40 14.34 
 126  9.25 16.72 14.34 
 127  9.92 24.47 14.34 
 128 15.41 36.49 14.34 
 129 13.50 44.45 15.41 
 130 11.33 41.54 15.41 
 131 13.62 52.62 15.41 
 132 14.55 33.02 15.41 
 133 13.42 36.70 15.41 
 134 16.92 35.08 15.41 
 135 17.55 33.49 16.92 
 136 18.49 29.14 17.55 
 137 15.06 25.63 18.49 
 138 13.56 43.71 18.49 
 139 13.43 36.67 18.49 
 140 14.31 35.14 18.49 
 141 17.04 36.94 18.49 
 142 15.58 42.57 18.49 
 143 18.58 45.29 18.49 
 144 22.01 34.96 18.58 
 145 18.63 47.49 22.01 
 146 16.00 52.79 22.01 
 147 20.02 56.64 22.01 
 148 19.98 53.25 22.01 
 149 13.88 55.48 22.01 
 150 18.48 39.13 22.01 
 151 20.50 49.70 22.01 
 152 14.00 43.00 22.01 
 153 14.61 42.64 22.01 
 154 14.13 35.32 22.01 
 155 18.51 43.16 22.01 
 156 18.20 42.60 22.01 
 157 22.81 34.19 22.01 
 158 17.70 50.31 22.81 
 159 23.68 26.17 22.81 
 160 15.61 32.05 23.68 
 161 18.77 26.69 23.68 
 162 15.13 34.43 23.68 
 163 17.77 22.25 23.68 
 164 19.23 33.97 23.68 
 165 18.50 27.06 23.68 
 166 25.79 29.59 23.68 
 167 18.77 49.92 25.79 
 168 16.74 19.53 25.79 
 169 21.64 34.38 25.79 
 170 23.49 20.33 25.79 
 171 19.31 28.20 25.79 
 172 28.47 54.99 25.79 
 173 24.92 32.28 28.47 
 174 32.14 35.55 28.47 
 175 26.54 60.00 32.14 
 176 28.85 32.58 32.14 
 177 26.72 23.43 32.14 
 178 31.21 13.61 32.14 
 179 35.60 11.93 32.14 
 180 28.97 16.11 35.60 
 181 30.10 42.31 35.60 
 182 16.35 28.65 35.60 
 183 26.63 50.13 35.60 
 184 28.16 60.41 35.60 
 185 20.72 52.87 35.60 
 186 30.31 55.79 35.60 
 187 40.28 60.62 35.60 
 188 27.87 41.42 40.28 
 189 31.63 38.19 40.28 
 190 35.15 53.83 40.28 
 191 30.48 30.70 40.28 
 192 29.97 59.53 40.28 
 193 28.27 76.82 40.28 
 194 35.29 58.08 40.28 
 195 34.99 85.49 40.28 
 196 38.09 58.81 40.28 
 197 25.99 67.12 40.28 
 198 28.71 53.77 40.28 
 199 32.17 72.99 40.28 
 200 48.08 54.07 40.28 
 201 27.69 79.98 48.08 
 202 36.03 87.10 48.08 
 203 45.87 54.55 48.08 
 204 37.75 102.12 48.08 
 205 34.29 105.05 48.08 
 206 44.25 119.65 48.08 
 207 35.40 90.89 48.08 
 208 47.04 140.36 48.08 
 209 50.45 130.40 48.08 
 210 35.18 120.62 50.45 
 211 46.15 92.70 50.45 
 212 45.63 150.99 50.45 
 213 43.92 100.46 50.45 
 214 54.88 122.36 50.45 
 215 40.98 147.84 54.88 
 216 51.82 115.33 54.88 
 217 45.66 142.50 54.88 
 218 45.02 89.98 54.88 
 219 50.12 97.21 54.88 
 220 59.13 103.65 54.88 
 221 48.57 145.26 59.13 
 222 51.32 160.85 59.13 
 223 51.31 170.72 59.13 
 224 54.89 132.12 59.13 
 225 51.43 159.08 59.13 
 226 47.14 208.34 59.13 
 227 53.11 199.63 59.13 
 228 48.29 156.00 59.13 
 229 50.22 160.35 59.13 
 230 62.84 262.81 59.13 
 231 78.52 219.98 62.84 
 232 54.54 262.05 78.52 
 233 59.83 217.62 78.52 
 234 48.83 217.73 78.52 
 235 52.70 225.15 78.52 
 236 51.62 158.67 78.52 
 237 78.63 183.97 78.52 
 238 67.62 150.69 78.63 
 239 77.39 259.62 78.63 
 240 67.59 120.02 78.63 
 241 92.25 137.32 78.63 
 242 73.85 165.91 92.25 
 243 71.63 106.52 92.25 
 244 79.24 102.89 92.25 
 245 84.99 120.09 92.25 
 246 90.16 105.78 92.25 
 247 94.79 110.19 92.25 
 248 82.41 148.19 94.79 
 249 72.44 142.04 94.79 
 250 91.29 176.55 94.79 
 251 70.47 154.29 94.79 
 252 76.14 186.96 94.79 
 253 97.16 183.29 94.79 
 254 88.04 143.18 97.16 
 255 77.08 152.72 97.16 
 256 85.53 113.12 97.16 
 257 78.01 128.84 97.16 
 258 98.26 82.14 97.16 
 259 88.13 128.67 98.26 
 260 93.08 106.41 98.26 
 261 100.51 99.45 98.26 
 262 122.09 85.60 100.51 
 263 102.56 92.36 122.09 
 264 107.35 114.03 122.09 
 265 97.33 83.40 122.09 
 266 87.20 104.41 122.09 
 267 124.82 90.80 122.09 
 268 122.80 106.45 124.82 
 269 132.43 101.14 124.82 
 270 127.60 209.06 132.43 
 271 129.54 169.88 132.43 
 272 113.58 156.59 132.43 
 273 138.81 126.17 132.43 
 274 126.68 109.19 138.81 
 275 103.59 118.62 138.81 
 276 131.84 149.44 138.81 
 277 122.95 140.95 138.81 
 278 150.99 155.13 138.81 
 279 156.64 218.38 150.99 
 280 127.64 219.36 156.64 
 281 131.55 180.26 156.64 
 282 180.75 198.85 156.64 
 283 142.69 298.83 180.75 
 284 110.69 250.95 180.75 
 285 148.01 228.19 180.75 
 286 153.70 271.00 180.75 
 287 165.27 310.57 180.75 
 288 164.53 320.55 180.75 
 289 192.96 208.83 180.75 
 290 171.17 360.64 192.96 
 291 157.82 297.68 192.96 
 292 163.03 412.79 192.96 
 293 137.43 401.61 192.96 
 294 173.82 240.57 192.96 
 295 162.24 296.29 192.96 
 296 154.30 246.86 192.96 
 297 200.60 135.81 192.96 
 298 178.46 346.69 200.60 
 299 171.09 301.70 200.60 
 300 170.12 237.79 200.60 
 301 176.51 203.92 200.60 
 302 220.75 312.94 200.60 
 303 240.83 372.46 220.75 
 304 273.55 212.42 240.83 
 305 178.95 210.87 273.55 
 306 216.08 174.96 273.55 
 307 262.23 321.71 273.55 
 308 227.88 358.70 273.55 
 309 214.00 313.99 273.55 
 310 253.65 312.89 273.55 
 311 313.51 408.81 273.55 
 312 292.53 282.56 313.51 
 313 322.22 198.87 313.51 
 314 301.08 238.08 322.22 
 315 246.05 190.51 322.22 
 316 280.94 211.74 322.22 
 317 367.87 163.27 322.22 
 318 268.19 133.89 367.87 
 319 342.28 144.86 367.87 
 320 258.61 181.74 367.87 
 321 332.30 198.92 367.87 
 322 355.10 218.79 367.87 
 323 298.54 335.59 367.87 
 324 375.66 234.72 367.87 
 325 294.88 282.77 375.66 
 326 422.62 258.63 375.66 
 327 356.16 223.20 422.62 
 328 400.09 293.72 422.62 
 329 360.59 352.70 422.62 
 330 306.35 301.57 422.62 
 331 403.03 328.89 422.62 
 332 500.08 214.29 422.62 
 333 444.13 265.44 500.08 
 334 431.66 225.36 500.08 
 335 455.00 335.05 500.08 
 336 505.37 297.43 500.08 
 337 511.40 227.16 505.37 
 338 478.10 246.89 511.40 
 339 431.97 270.50 511.40 
 340 432.64 287.74 511.40 
 341 540.88 236.21 511.40 
 342 460.72 205.42 540.88 
 343 509.76 160.92 540.88 
 344 455.89 289.08 540.88 
 345 490.99 328.05 540.88 
 346 467.41 433.14 540.88 
 347 463.21 362.61 540.88 
 348 451.49 288.35 540.88 
 349 514.43 350.20 540.88 
 350 493.53 384.84 540.88 
 351 518.68 477.80 540.88 
 352 476.85 532.13 540.88 
 353 575.55 260.06 540.88 
 354 591.17 462.53 575.55 
 355 622.44 406.54 591.17 
 356 580.82 465.67 622.44 
 357 503.24 634.53 622.44 
 358 585.86 636.40 622.44 
 359 611.02 688.17 622.44 
 360 608.63 676.98 622.44 
 361 618.04 646.33 622.44 
 362 672.07 560.74 622.44 
 363 617.22 546.49 672.07 
 364 734.45 547.06 672.07 
 365 772.17 951.07 734.45 
 366 728.52 844.35 772.17 
 367 773.76 756.45 772.17 
 368 737.16 594.42 773.76 
 369 908.41 892.23 773.76 
 370 734.56 593.63 908.41 
 371 778.19 790.27 908.41 
 372 845.59 702.47 908.41 
 373 755.86 716.57 908.41 
 374 913.91 544.04 908.41 
 375 879.90 610.15 913.91 
 376 947.32 580.67 913.91 
 377 984.22 491.73 947.32 
 378 958.65 500.53 984.22 
 379 882.45 556.49 984.22 
 380 1066.06 424.94 984.22 
 381 971.78 616.07 1066.06 
 382 1009.24 604.39 1066.06 
 383 889.20 711.10 1066.06 
 384 991.85 608.05 1066.06 
 385 976.63 548.17 1066.06 
 386 1177.12 574.24 1066.06 
 387 970.04 737.35 1177.12 
 388 1057.86 671.50 1177.12 
 389 970.09 594.74 1177.12 
 390 1006.03 787.48 1177.12 
 391 976.61 900.36 1177.12 
 392 952.96 1108.22 1177.12 
 393 1014.47 1056.07 1177.12 
 394 1132.59 898.45 1177.12 
 395 1077.53 776.64 1177.12 
 396 973.15 855.83 1177.12 
 397 1017.01 829.78 1177.12 
 398 1089.03 758.50 1177.12 
 399 967.20 862.60 1177.12 
 400 1249.69 644.42 1177.12 
 401 1167.97 714.43 1249.69 
 402 1134.66 794.61 1249.69 
 403 1099.67 1086.67 1249.69 
 404 1120.61 712.36 1249.69 
 405 1322.09 921.26 1249.69 
 406 1252.16 1215.28 1322.09 
 407 1192.34 1112.15 1322.09 
 408 1087.72 1026.39 1322.09 
 409 1239.55 905.77 1322.09 
 410 1175.22 1031.43 1322.09 
 411 1265.95 1198.51 1322.09 
 412 1349.75 884.66 1322.09 
 413 1078.12 1107.22 1349.75 
 414 1348.53 966.24 1349.75 
 415 1407.56 1229.68 1349.75 
 416 1385.57 1157.35 1407.56 
 417 1371.22 1454.51 1407.56 
 418 1323.03 1130.51 1407.56 
 419 1340.57 1110.72 1407.56 
 420 1413.90 878.67 1407.56 
 421 1319.95 994.82 1413.90 
 422 1365.32 1338.54 1413.90 
 423 1336.59 1239.34 1413.90 
 424 1454.58 811.01 1413.90 
 425 1223.10 1158.29 1454.58 
 426 1416.88 1199.59 1454.58 
 427 1512.97 1430.11 1454.58 
 428 1538.31 925.88 1512.97 
 429 1329.21 1331.00 1538.31 
 430 1408.75 1125.38 1538.31 
 431 1555.01 1302.54 1538.31 
 432 1537.98 1427.29 1555.01 
 433 1635.82 1343.16 1555.01 
 434 1577.32 1062.32 1635.82 
 435 1531.88 984.57 1635.82 
 436 1674.97 1153.76 1635.82 
 437 1585.08 1388.09 1674.97 
 438 1585.71 1379.78 1674.97 
 439 1752.56 1457.45 1674.97 
 440 1675.28 1504.50 1752.56 
 441 1690.94 1638.92 1752.56 
 442 1770.38 1570.80 1752.56 
 443 1636.92 1771.24 1770.38 
 444 1787.67 1687.50 1770.38 
 445 1543.54 1866.35 1787.67 
 446 1744.48 1956.70 1787.67 
 447 1766.51 1618.52 1787.67 
 448 1761.85 1141.63 1787.67 
 449 1822.98 1519.62 1787.67 
 450 1791.05 1437.89 1822.98 
 451 1842.45 1825.96 1822.98 
 452 1867.12 1848.28 1842.45 
 453 1859.72 1421.77 1867.12 
 454 1775.52 1487.78 1867.12 
 455 1787.00 1985.18 1867.12 
 456 2108.10 1574.34 1867.12 
 457 1810.80 1567.76 2108.10 
 458 1872.77 1765.13 2108.10 
 459 1935.00 1568.92 2108.10 
 460 2104.98 2194.88 2108.10 
 461 1798.83 2270.15 2108.10 
 462 1823.88 2250.99 2108.10 
 463 1866.01 2110.38 2108.10 
 464 1905.74 2357.80 2108.10 
 465 1924.06 2123.72 2108.10 
 466 1938.99 2116.60 2108.10 
 467 1690.58 2088.17 2108.10 
 468 2100.57 2095.22 2108.10 
 469 1901.71 1947.31 2108.10 
 470 2094.91 2117.49 2108.10 
 471 1923.35 2011.74 2108.10 
 472 1855.28 1980.77 2108.10 
 473 1885.68 1873.57 2108.10 
 474 1995.80 2196.26 2108.10 
 475 2019.96 2335.61 2108.10 
 476 2055.67 2198.55 2108.10 
 477 2056.84 2553.50 2108.10 
 478 2075.73 2481.79 2108.10 
 479 2122.48 2342.15 2108.10 
 480 2202.18 2313.57 2122.48 
 481 1986.19 2352.17 2202.18 
 482 2286.81 2519.22 2202.18 
 483 2225.75 2492.85 2286.81 
 484 2120.54 2275.30 2286.81 
 485 2317.60 2320.29 2286.81 
 486 2135.65 2425.66 2317.60 
 487 2211.27 2301.89 2317.60 
 488 2119.89 2676.36 2317.60 
 489 2241.85 2064.19 2317.60 
 490 2303.14 2331.65 2317.60 
 491 2136.52 2459.83 2317.60 
 492 2376.78 2596.35 2317.60 
 493 2261.19 2720.07 2376.78 
 494 2257.30 2423.13 2376.78 
 495 2438.99 2279.14 2376.78 
 496 2139.24 2575.05 2438.99 
 497 2288.02 2398.43 2438.99 
 498 2179.63 2601.66 2438.99 
 499 2229.79 2712.64 2438.99 
 500 2232.26 2711.91 2438.99 
 501 2212.11 2550.95 2438.99 
 502 2178.79 2782.82 2438.99 
 503 2379.83 2649.80 2438.99 
 504 2231.39 2596.19 2438.99 
 505 2261.97 2228.85 2438.99 
 506 2309.76 2503.91 2438.99 
 507 2367.35 2622.02 2438.99 
 508 2349.87 2573.81 2438.99 
 509 2475.39 2475.17 2438.99 
 510 2567.76 2730.10 2475.39 
 511 2394.39 2702.87 2567.76 
 512 2298.61 2450.37 2567.76 
 513 2190.84 2888.26 2567.76 
 514 2600.46 2538.68 2567.76 
 515 2398.67 2735.96 2600.46 
 516 2362.10 2731.13 2600.46 
 517 2313.04 2583.32 2600.46 
 518 2569.54 2623.86 2600.46 
 519 2635.41 2763.71 2600.46 
 520 2562.07 2591.79 2635.41 
 521 2421.21 2587.82 2635.41 
 522 2613.21 2502.89 2635.41 
 523 2627.15 2804.09 2635.41 
 524 2489.84 2648.35 2635.41 
 525 2402.25 2462.18 2635.41 
 526 2608.98 2645.29 2635.41 
 527 2676.73 2194.78 2635.41 
 528 2393.01 2803.30 2676.73 
 529 2571.28 2734.80 2676.73 
 530 2443.70 2886.93 2676.73 
 531 2606.99 2717.84 2676.73 
 532 2443.20 2816.65 2676.73 
 533 2652.95 2890.35 2676.73 
 534 2592.49 2721.49 2676.73 
 535 2519.94 2843.02 2676.73 
 536 2562.22 2566.76 2676.73 
 537 2525.62 2608.95 2676.73 
 538 2563.56 2651.37 2676.73 
 539 2597.92 3042.28 2676.73 
 540 2672.02 2730.33 2676.73 
 541 2604.48 2744.38 2676.73 
 542 2609.72 2927.97 2676.73 
 543 2591.27 2772.02 2676.73 
 544 2684.42 3012.11 2676.73 
 545 2714.88 2825.32 2684.42 
 546 2550.01 2940.82 2714.88 
 547 2878.18 2952.69 2714.88 
 548 2666.24 2964.50 2878.18 
 549 2457.09 3028.11 2878.18 
 550 2672.96 2967.28 2878.18 
 551 2835.51 3031.33 2878.18 
 552 2735.10 2969.52 2878.18 
 553 2759.56 3161.20 2878.18 
 554 2633.38 3142.32 2878.18 
 555 2817.82 2968.62 2878.18 
 556 2874.41 3039.00 2878.18 
 557 2835.84 2857.87 2878.18 
 558 2774.01 2900.57 2878.18 
 559 2791.28 3160.31 2878.18 
 560 2714.69 3149.80 2878.18 
 561 2768.63 3126.05 2878.18 
 562 2869.46 3059.38 2878.18 
 563 2952.26 2998.41 2878.18 
 564 2513.14 3035.19 2952.26 
 565 2865.46 3142.51 2952.26 
 566 2996.75 3044.56 2952.26 
 567 2806.00 3106.38 2996.75 
 568 2903.06 3153.27 2996.75 
 569 2901.74 2776.65 2996.75 
 570 2857.26 3087.95 2996.75 
 571 2860.53 3042.58 2996.75 
 572 2894.26 3114.03 2996.75 
 573 2933.93 2879.61 2996.75 
 574 2879.21 3109.08 2996.75 
 575 2986.40 3303.44 2996.75 
 576 2834.84 3101.65 2996.75 
 577 2908.14 2779.12 2996.75 
 578 2903.98 3248.57 2996.75 
 579 2992.10 3051.92 2996.75 
 580 2933.22 2908.26 2996.75 
 581 2798.23 2889.51 2996.75 
 582 2879.89 3014.12 2996.75 
 583 2988.60 2610.85 2996.75 
 584 2862.89 3131.02 2996.75 
 585 2930.34 3220.85 2996.75 
 586 2614.88 3182.25 2996.75 
 587 2967.88 3194.40 2996.75 
 588 2914.03 3072.44 2996.75 
 589 2811.36 3038.90 2996.75 
 590 2948.48 3277.37 2996.75 
 591 3010.03 3009.88 2996.75 
 592 2762.28 3064.28 3010.03 
 593 2939.38 3159.96 3010.03 
 594 3044.41 2774.33 3010.03 
 595 2962.26 2973.98 3044.41 
 596 3152.55 3097.76 3044.41 
 597 2915.01 3184.72 3152.55 
 598 2872.50 3186.17 3152.55 
 599 3030.84 3405.14 3152.55 
 600 3046.75 3402.15 3152.55 
 601 3058.87 3251.36 3152.55 
 602 3096.82 3381.05 3152.55 
 603 3072.44 3324.82 3152.55 
 604 3184.65 3245.33 3152.55 
 605 2969.46 3448.38 3184.65 
 606 3193.87 3474.63 3184.65 
 607 2950.67 3374.74 3193.87 
 608 3090.60 2981.62 3193.87 
 609 2969.34 3097.74 3193.87 
 610 2948.74 3463.30 3193.87 
 611 2926.10 3067.28 3193.87 
 612 2898.34 3486.62 3193.87 
 613 3250.21 3252.65 3193.87 
 614 2973.18 3325.08 3250.21 
 615 2885.93 3570.44 3250.21 
 616 3087.18 3444.57 3250.21 
 617 3055.71 3466.64 3250.21 
 618 3128.17 3434.80 3250.21 
 619 2849.14 3533.88 3250.21 
 620 3082.98 3349.80 3250.21 
 621 3093.97 3476.93 3250.21 
 622 2983.20 3488.30 3250.21 
 623 3042.06 3299.25 3250.21 
 624 3110.56 3135.69 3250.21 
 625 3038.94 3352.95 3250.21 
 626 3097.43 3188.96 3250.21 
 627 3007.96 3177.54 3250.21 
 628 2970.64 3323.37 3250.21 
 629 2947.42 3281.29 3250.21 
 630 3002.65 3459.17 3250.21 
 631 3128.79 3322.27 3250.21 
 632 3096.04 3319.26 3250.21 
 633 2922.91 3415.54 3250.21 
 634 3001.11 3416.23 3250.21 
 635 3146.14 3270.50 3250.21 
 636 3072.40 3407.58 3250.21 
 637 2993.93 3386.18 3250.21 
 638 3047.84 3446.51 3250.21 
 639 2955.73 3424.76 3250.21 
 640 3090.43 3362.09 3250.21 
 641 3173.12 3436.93 3250.21 
 642 3268.50 3526.07 3250.21 
 643 3180.74 3394.35 3268.50 
 644 3147.44 3583.61 3268.50 
 645 3333.40 3469.77 3268.50 
 646 3226.35 3482.47 3333.40 
 647 3133.11 3482.33 3333.40 
 648 3238.59 3234.21 3333.40 
 649 3141.53 3382.02 3333.40 
 650 3332.72 3293.96 3333.40 
 651 3190.96 3493.41 3333.40 
 652 3336.95 3483.90 3333.40 
 653 3222.41 3465.57 3336.95 
 654 3381.52 3290.73 3336.95 
 655 3148.97 3485.11 3381.52 
 656 3356.79 3543.34 3381.52 
 657 3325.19 3328.88 3381.52 
 658 3073.81 3491.03 3381.52 
 659 3455.98 3486.90 3381.52 
 660 3199.29 3488.10 3455.98 
 661 3138.04 3387.90 3455.98 
 662 3268.72 3491.74 3455.98 
 663 3132.32 3291.32 3455.98 
 664 3055.43 3260.32 3455.98 
 665 3173.44 3343.12 3455.98 
 666 3198.50 3689.67 3455.98 
 667 3129.18 3477.48 3455.98 
 668 3166.44 3376.53 3455.98 
 669 3295.02 3360.22 3455.98 
 670 3344.47 3372.38 3455.98 
 671 3199.72 3220.58 3455.98 
 672 3295.21 3545.19 3455.98 
 673 3304.86 3422.86 3455.98 
 674 3201.95 3623.59 3455.98 
 675 3237.23 3729.73 3455.98 
 676 3236.37 3709.83 3455.98 
 677 3182.25 3719.76 3455.98 
 678 3230.00 3565.05 3455.98 
 679 3452.83 3738.83 3455.98 
 680 3425.10 3708.50 3455.98 
 681 3336.70 3331.40 3455.98 
 682 3259.03 3562.62 3455.98 
 683 3467.77 3542.46 3455.98 
 684 3271.83 3418.22 3467.77 
 685 3142.63 3629.02 3467.77 
 686 3350.70 3531.51 3467.77 
 687 3365.79 3536.96 3467.77 
 688 3373.36 3610.60 3467.77 
 689 3249.52 3437.44 3467.77 
 690 3432.73 3388.67 3467.77 
 691 3305.26 3591.49 3467.77 
 692 3199.86 3467.78 3467.77 
 693 3386.87 3685.05 3467.77 
 694 3381.89 3530.22 3467.77 
 695 3436.68 3679.86 3467.77 
 696 3442.63 3751.53 3467.77 
 697 3249.96 3584.46 3467.77 
 698 3391.21 3738.57 3467.77 
 699 3291.22 3578.99 3467.77 
 700 3467.08 3718.34 3467.77 
 701 3397.05 3770.22 3467.77 
 702 3410.66 3506.81 3467.77 
 703 3276.57 3764.86 3467.77 
 704 3508.64 3859.84 3467.77 
 705 3569.44 3638.87 3508.64 
 706 3524.20 3622.68 3569.44 
 707 3439.78 3624.51 3569.44 
 708 3313.56 3764.38 3569.44 
 709 3270.10 3574.90 3569.44 
 710 3319.73 3597.59 3569.44 
 711 3471.24 3836.77 3569.44 
 712 3487.91 3673.11 3569.44 
 713 3373.10 3700.15 3569.44 
 714 3654.83 3831.93 3569.44 
 715 3456.11 3713.26 3654.83 
 716 3500.53 3814.23 3654.83 
 717 3675.77 3986.22 3654.83 
 718 3311.19 3793.57 3675.77 
 719 3350.74 3813.73 3675.77 
 720 3422.52 3741.86 3675.77 
 721 3362.48 3823.44 3675.77 
 722 3517.37 3790.42 3675.77 
 723 3361.93 3794.01 3675.77 
 724 3424.35 3915.73 3675.77 
 725 3441.80 3495.62 3675.77 
 726 3413.07 3789.32 3675.77 
 727 3464.12 3626.72 3675.77 
 728 3516.62 3730.85 3675.77 
 729 3441.97 3785.73 3675.77 
 730 3433.84 3853.10 3675.77 
 731 3447.15 3764.53 3675.77 
 732 3499.76 3798.40 3675.77 
 733 3521.59 3716.96 3675.77 
 734 3234.27 3633.80 3675.77 
 735 3442.00 3840.44 3675.77 
 736 3454.39 3677.36 3675.77 
 737 3585.99 3479.14 3675.77 
 738 3447.68 3726.54 3675.77 
 739 3388.32 3681.03 3675.77 
 740 3371.57 3704.09 3675.77 
 741 3372.49 3541.60 3675.77 
 742 3536.75 3663.57 3675.77 
 743 3515.81 3647.48 3675.77 
 744 3419.46 3791.76 3675.77 
 745 3536.10 3734.59 3675.77 
 746 3560.80 3407.08 3675.77 
 747 3385.02 3718.74 3675.77 
 748 3366.06 3617.33 3675.77 
 749 3401.23 3628.52 3675.77 
 750 3465.63 3631.72 3675.77 
 751 3513.19 3764.99 3675.77 
 752 3421.20 3742.96 3675.77 
 753 3451.97 3628.23 3675.77 
 754 3565.60 3690.49 3675.77 
 755 3631.25 3689.90 3675.77 
 756 3542.09 3635.84 3675.77 
 757 3623.80 3574.52 3675.77 
 758 3482.65 3741.67 3675.77 
 759 3552.38 3683.22 3675.77 
 760 3592.54 3801.53 3675.77 
 761 3596.92 3812.60 3675.77 
 762 3675.28 3719.19 3675.77 
 763 3497.80 3833.46 3675.77 
 764 3612.66 3864.74 3675.77 
 765 3625.19 3891.64 3675.77 
 766 3509.08 3730.37 3675.77 
 767 3614.35 3674.09 3675.77 
 768 3678.05 3601.44 3675.77 
 769 3677.90 3452.91 3678.05 
 770 3487.87 3723.84 3678.05 
 771 3567.77 3814.84 3678.05 
 772 3546.27 3828.44 3678.05 
 773 3607.83 3843.56 3678.05 
 774 3536.17 3835.84 3678.05 
 775 3677.17 3884.65 3678.05 
 776 3752.69 3865.86 3678.05 
 777 3651.55 3917.81 3752.69 
 778 3637.01 3897.06 3752.69 
 779 3762.44 3936.67 3752.69 
 780 3546.46 3748.04 3762.44 
 781 3503.40 3627.43 3762.44 
 782 3596.49 3723.74 3762.44 
 783 3461.44 3750.71 3762.44 
 784 3555.78 3884.74 3762.44 
 785 3467.74 3932.14 3762.44 
 786 3635.22 3963.73 3762.44 
 787 3580.21 3666.99 3762.44 
 788 3539.35 3733.79 3762.44 
 789 3657.86 3894.63 3762.44 
 790 3769.92 3941.36 3762.44 
 791 3625.64 3982.67 3769.92 
 792 3656.48 3824.38 3769.92 
 793 3665.50 3735.70 3769.92 
 794 3592.66 3924.20 3769.92 
 795 3613.48 3903.96 3769.92 
 796 3540.77 3773.21 3769.92 
 797 3579.59 3851.37 3769.92 
 798 3657.64 3821.30 3769.92 
 799 3745.18 3765.86 3769.92 
