Iter | Sampling Pol | Evaluation Pol | Best (Sampled) 
   0 -5.65 -6.46 -100000000.00 
   1 -4.96 -5.69 -5.65 
   2 -4.71 -5.30 -4.96 
   3 -4.36 -5.55 -4.71 
   4 -4.12 -4.40 -4.36 
   5 -3.70 -4.61 -4.12 
   6 -4.04 -3.89 -3.70 
   7 -3.49 -4.42 -3.70 
   8 -3.48  3.91 -3.49 
   9 -1.95 -2.20 -3.48 
  10 -3.12 -0.17 -1.95 
  11 -2.86  0.17 -1.95 
  12 -2.64  0.17 -1.95 
  13 -3.13  1.01 -1.95 
  14 -2.77 -3.11 -1.95 
  15 -2.15 -2.21 -1.95 
  16 -2.34  1.80 -1.95 
  17 -2.36 -2.16 -1.95 
  18 -1.44 -2.64 -1.95 
  19 -1.45  6.08 -1.44 
  20 -0.43  7.31 -1.44 
  21 -1.40 -1.93 -0.43 
  22 -0.94 -1.81 -0.43 
  23  0.32 -2.23 -0.43 
  24 -1.15 -0.45  0.32 
  25 -1.55 -0.60  0.32 
  26 -0.13 -2.58  0.32 
  27 -0.49 -2.27  0.32 
  28 -1.28  0.15  0.32 
  29 -0.20 -0.60  0.32 
  30  0.71 -1.95  0.32 
  31 -1.38 -2.25  0.71 
  32 -0.16 -1.38  0.71 
  33  0.66 -2.54  0.71 
  34  0.87 -2.81  0.71 
  35  1.50 -1.49  0.87 
  36  0.56 -0.56  1.50 
  37  3.20  0.07  1.50 
  38  3.63  4.66  3.20 
  39  2.77 -3.04  3.63 
  40  1.39 -2.17  3.63 
  41  3.76 -0.29  3.63 
  42  2.15 -2.61  3.76 
  43  4.28 -0.90  3.76 
  44  6.62 -0.76  4.28 
  45  1.35 -2.88  6.62 
  46  3.56 -3.18  6.62 
  47  4.34 -3.31  6.62 
  48  5.99 -2.61  6.62 
  49  6.02 -2.19  6.62 
  50  8.44 -2.52  6.62 
  51  4.40  0.86  8.44 
  52  2.14 -1.45  8.44 
  53  6.87 -2.27  8.44 
  54  8.56 -0.32  8.44 
  55  7.79 -1.79  8.56 
  56  5.06 -0.79  8.56 
  57  6.30 -0.95  8.56 
  58  6.96 -0.12  8.56 
  59  3.68  2.15  8.56 
  60  7.48  2.43  8.56 
  61  5.42  2.58  8.56 
  62  8.34  2.33  8.56 
  63  5.64  3.35  8.56 
  64  7.46 -0.24  8.56 
  65  6.41 14.00  8.56 
  66 12.29 12.45  8.56 
  67  6.94  4.00 12.29 
  68 10.64  2.03 12.29 
  69 10.42  7.52 12.29 
  70 12.79 22.01 12.29 
  71  5.30 37.14 12.79 
  72  8.15 44.10 12.79 
  73 14.16 18.81 12.79 
  74  7.83 39.03 14.16 
  75 11.53 14.62 14.16 
  76 12.61  2.67 14.16 
  77 12.70 -3.99 14.16 
  78 18.73  2.73 14.16 
  79 16.70  5.24 18.73 
  80 13.24 12.99 18.73 
  81 17.47  9.99 18.73 
  82 19.54 22.49 18.73 
  83 17.67  1.78 19.54 
  84 21.55  3.38 19.54 
  85 12.81 19.42 21.55 
  86 22.02  6.59 21.55 
  87 16.57 25.03 22.02 
  88 20.41  9.14 22.02 
  89 26.58 31.36 22.02 
  90 24.32 22.15 26.58 
  91 33.92 56.54 26.58 
  92 24.75 53.49 33.92 
  93 30.95 74.97 33.92 
  94 30.62 65.93 33.92 
  95 19.30 66.72 33.92 
  96 29.79 81.27 33.92 
  97 30.77 52.59 33.92 
  98 40.34 64.13 33.92 
  99 36.32 46.18 40.34 
 100 23.69 72.32 40.34 
 101 27.26 39.81 40.34 
 102 30.73 29.44 40.34 
 103 36.87 31.81 40.34 
 104 36.43 97.10 40.34 
 105 38.94 81.91 40.34 
 106 29.85 71.61 40.34 
 107 42.76 39.75 40.34 
 108 35.06 67.30 42.76 
 109 45.63 86.45 42.76 
 110 46.93 127.55 45.63 
 111 49.91 144.67 46.93 
 112 40.06 115.11 49.91 
 113 56.98 118.85 49.91 
 114 38.38 131.53 56.98 
 115 49.49 90.11 56.98 
 116 38.89 205.30 56.98 
 117 35.12 140.35 56.98 
 118 55.05 148.76 56.98 
 119 43.96 111.69 56.98 
 120 58.25 166.31 56.98 
 121 48.50 119.04 58.25 
 122 62.39 216.95 58.25 
 123 53.09 142.54 62.39 
 124 64.62 129.50 62.39 
 125 64.28 127.65 64.62 
 126 61.70 98.44 64.62 
 127 66.58 126.95 64.62 
 128 69.30 152.74 66.58 
 129 67.28 120.93 69.30 
 130 94.45 159.10 69.30 
 131 79.88 196.42 94.45 
 132 83.18 135.17 94.45 
 133 90.51 170.38 94.45 
 134 76.66 158.40 94.45 
 135 88.85 220.90 94.45 
 136 98.07 182.36 94.45 
 137 108.44 220.39 98.07 
 138 86.96 180.04 108.44 
 139 99.74 172.99 108.44 
 140 96.52 193.35 108.44 
 141 120.87 186.98 108.44 
 142 97.37 139.91 120.87 
 143 91.87 202.60 120.87 
 144 101.70 148.04 120.87 
 145 112.70 171.82 120.87 
 146 150.50 318.55 120.87 
 147 115.05 460.87 150.50 
 148 127.68 322.44 150.50 
 149 107.09 430.98 150.50 
 150 115.08 199.93 150.50 
 151 148.17 137.83 150.50 
 152 126.71 259.16 150.50 
 153 139.97 235.40 150.50 
 154 153.24 214.77 150.50 
 155 144.77 224.34 153.24 
 156 128.46 353.69 153.24 
 157 153.05 284.19 153.24 
 158 123.71 247.10 153.24 
 159 131.10 262.98 153.24 
 160 162.32 322.68 153.24 
 161 135.04 355.63 162.32 
 162 176.86 439.34 162.32 
 163 172.25 509.64 176.86 
 164 195.28 367.99 176.86 
 165 148.29 609.10 195.28 
 166 179.41 499.24 195.28 
 167 182.23 637.81 195.28 
 168 198.28 724.27 195.28 
 169 178.59 683.83 198.28 
 170 187.07 579.70 198.28 
 171 204.89 404.88 198.28 
 172 228.09 351.29 204.89 
 173 206.96 370.79 228.09 
 174 238.44 603.27 228.09 
 175 241.64 662.92 238.44 
 176 255.87 672.95 241.64 
 177 237.76 580.52 255.87 
 178 288.88 787.88 255.87 
 179 300.71 592.86 288.88 
 180 317.11 592.84 300.71 
 181 374.51 708.98 317.11 
 182 277.84 651.33 374.51 
 183 363.83 571.09 374.51 
 184 370.59 611.40 374.51 
 185 406.83 650.03 374.51 
 186 432.48 648.38 406.83 
 187 477.53 655.79 432.48 
 188 491.94 621.43 477.53 
 189 468.37 482.83 491.94 
 190 524.16 642.36 491.94 
 191 508.16 655.79 524.16 
 192 544.69 705.11 524.16 
 193 602.75 569.58 544.69 
 194 563.91 356.39 602.75 
 195 653.11 257.50 602.75 
 196 711.20 321.09 653.11 
 197 623.72 459.16 711.20 
 198 692.20 394.78 711.20 
 199 652.07 478.75 711.20 
 200 706.02 418.79 711.20 
 201 744.70 510.53 711.20 
 202 690.67 599.19 744.70 
 203 750.98 658.05 744.70 
 204 771.88 799.54 750.98 
 205 738.31 805.55 771.88 
 206 902.97 983.21 771.88 
 207 888.38 1039.00 902.97 
 208 802.04 1020.86 902.97 
 209 875.28 1032.75 902.97 
 210 1067.57 1212.20 902.97 
 211 866.05 1088.30 1067.57 
 212 1014.75 1012.84 1067.57 
 213 1156.42 1152.36 1067.57 
 214 898.63 1627.27 1156.42 
 215 980.27 1208.04 1156.42 
 216 1126.04 1258.51 1156.42 
 217 970.65 1556.55 1156.42 
 218 1204.62 1205.23 1156.42 
 219 1073.95 1148.78 1204.62 
 220 1197.18 1203.75 1204.62 
 221 1310.40 1455.25 1204.62 
 222 1283.90 1486.92 1310.40 
 223 1227.27 1340.83 1310.40 
 224 1122.03 1530.38 1310.40 
 225 1264.25 1269.90 1310.40 
 226 1253.12 1195.60 1310.40 
 227 1189.06 1301.02 1310.40 
 228 1296.03 1309.34 1310.40 
 229 1366.62 1011.21 1310.40 
 230 1310.86 1387.67 1366.62 
 231 1404.41 1400.07 1366.62 
 232 1293.15 1552.04 1404.41 
 233 1388.14 1484.08 1404.41 
 234 1390.80 1543.28 1404.41 
 235 1456.78 1546.00 1404.41 
 236 1435.55 1324.33 1456.78 
 237 1397.84 1547.99 1456.78 
 238 1516.28 2003.81 1456.78 
 239 1605.40 1434.55 1516.28 
 240 1487.74 1713.77 1605.40 
 241 1404.70 1704.56 1605.40 
 242 1639.30 1771.49 1605.40 
 243 1767.62 1676.22 1639.30 
 244 1703.18 1933.85 1767.62 
 245 1593.61 1984.69 1767.62 
 246 1643.86 1767.66 1767.62 
 247 1658.49 1647.83 1767.62 
 248 1730.95 1809.78 1767.62 
 249 1789.68 1759.56 1767.62 
 250 1857.48 1902.04 1789.68 
 251 1822.16 1744.60 1857.48 
 252 1862.33 2017.86 1857.48 
 253 1800.29 1846.49 1862.33 
 254 1889.26 1854.25 1862.33 
 255 1957.39 2112.46 1889.26 
 256 2040.63 1815.83 1957.39 
 257 1914.62 2266.57 2040.63 
 258 2150.43 2037.78 2040.63 
 259 2092.65 2024.47 2150.43 
 260 2058.57 2188.96 2150.43 
 261 2088.85 1969.76 2150.43 
 262 2024.23 2025.14 2150.43 
 263 1982.06 1634.00 2150.43 
 264 2187.95 1799.30 2150.43 
 265 2185.85 1519.53 2187.95 
 266 1971.44 2085.65 2187.95 
 267 2165.72 2111.57 2187.95 
 268 2273.87 2464.27 2187.95 
 269 2248.42 2046.09 2273.87 
 270 2056.14 1962.22 2273.87 
 271 2177.94 2019.11 2273.87 
 272 2389.97 1712.68 2273.87 
 273 2318.18 2023.52 2389.97 
 274 2321.89 1708.31 2389.97 
 275 2198.76 1676.85 2389.97 
 276 2375.17 1470.33 2389.97 
 277 2182.33 1664.59 2389.97 
 278 2383.63 1706.80 2389.97 
 279 2420.07 1874.46 2389.97 
 280 2270.04 1822.27 2420.07 
 281 2381.66 1713.57 2420.07 
 282 2408.93 1622.84 2420.07 
 283 2351.36 1965.43 2420.07 
 284 2451.00 1837.66 2420.07 
 285 2516.55 1903.23 2451.00 
 286 2624.99 2176.31 2516.55 
 287 2493.33 1577.04 2624.99 
 288 2398.42 1813.92 2624.99 
 289 2417.94 2190.41 2624.99 
 290 2491.80 2054.72 2624.99 
 291 2589.21 2189.38 2624.99 
 292 2392.75 2377.42 2624.99 
 293 2620.90 2232.02 2624.99 
 294 2614.55 2305.83 2624.99 
 295 2434.14 2287.98 2624.99 
 296 2569.87 2356.15 2624.99 
 297 2566.26 2428.89 2624.99 
 298 2324.19 2398.20 2624.99 
 299 2547.17 2124.09 2624.99 
