Iter | Sampling Pol | Evaluation Pol | Best (Sampled) 
   0 -7.71 -8.15 -100000000.00 
   1 -7.45 -6.98 -7.71 
   2 -7.01 -6.46 -7.45 
   3 -6.83 -5.86 -7.01 
   4 -6.27 -5.05 -6.83 
   5 -5.92 -4.82 -6.27 
   6 -5.48 -4.17 -5.92 
   7 -5.42 -5.17 -5.48 
   8 -4.93 -5.00 -5.42 
   9 -4.84 -5.45 -4.93 
  10 -5.70 -5.02 -4.84 
  11 -4.86 -3.19 -4.84 
  12 -4.72 -4.28 -4.84 
  13 -4.41 -2.62 -4.72 
  14 -4.23 -3.62 -4.41 
  15 -4.02 -4.10 -4.23 
  16 -4.21 -3.42 -4.02 
  17 -4.83 -2.62 -4.02 
  18 -3.25 -3.20 -4.02 
  19 -2.58 -1.80 -3.25 
  20 -3.69  1.82 -2.58 
  21 -2.63 -3.57 -2.58 
  22 -2.54 -0.65 -2.58 
  23 -2.67 -1.27 -2.54 
  24 -3.42 -4.62 -2.54 
  25 -2.82 -2.96 -2.54 
  26 -2.70 -3.26 -2.54 
  27 -3.03 -3.29 -2.54 
  28 -2.90 -5.04 -2.54 
  29 -2.97 -1.03 -2.54 
  30 -3.09 -4.73 -2.54 
  31 -2.12 -5.28 -2.54 
  32 -3.26 -5.01 -2.12 
  33 -4.08 -4.88 -2.12 
  34 -2.40 -4.84 -2.12 
  35 -2.57 -3.69 -2.12 
  36 -3.19 -2.21 -2.12 
  37 -3.80 -4.75 -2.12 
  38 -2.11 -4.61 -2.12 
  39 -2.65  1.88 -2.11 
  40 -2.82 -5.57 -2.11 
  41 -1.22  1.04 -2.11 
  42  1.52 -3.94 -1.22 
  43 -3.32 -2.90  1.52 
  44 -2.47 -4.10  1.52 
  45 -2.02 -4.88  1.52 
  46 -2.27 -3.63  1.52 
  47 -2.02 -3.38  1.52 
  48 -0.58 -3.24  1.52 
  49 -0.74 -3.77  1.52 
  50 -2.03 -3.46  1.52 
  51 -1.87 -3.43  1.52 
  52 -0.65 -0.28  1.52 
  53 -2.75  1.00  1.52 
  54 -2.63 -4.10  1.52 
  55 -0.10 -4.72  1.52 
  56  0.10 -2.08  1.52 
  57 -1.81 -3.99  1.52 
  58 -1.50 -1.54  1.52 
  59 -1.16 -1.36  1.52 
  60 -0.93 -3.52  1.52 
  61 -1.86 -4.14  1.52 
  62 -0.09 -3.56  1.52 
  63  0.51 -2.76  1.52 
  64 -1.76 -4.75  1.52 
  65  0.46 -5.29  1.52 
  66  4.18 -4.60  1.52 
  67 -1.85 -4.29  4.18 
  68 -0.65 -4.39  4.18 
  69  0.08 -3.00  4.18 
  70 -0.31 -4.91  4.18 
  71 -1.43 -4.29  4.18 
  72  1.03 -4.76  4.18 
  73  1.44 -3.16  4.18 
  74  0.38 -4.98  4.18 
  75  1.76 -4.75  4.18 
  76  2.50 -5.02  4.18 
  77  0.81 -5.10  4.18 
  78  1.48 -4.82  4.18 
  79  0.79 -4.81  4.18 
  80  2.28 -4.54  4.18 
  81  1.96 -5.08  4.18 
  82  4.61 -5.04  4.18 
  83  3.39 -3.41  4.61 
  84  0.96 -4.25  4.61 
  85  0.32 -3.56  4.61 
  86  1.96 -3.29  4.61 
  87  0.66 -3.62  4.61 
  88  4.85 -3.43  4.61 
  89 10.51 -3.05  4.85 
  90  0.53 -3.55 10.51 
  91  3.70 -3.54 10.51 
  92  2.78 -4.19 10.51 
  93  5.07 -3.46 10.51 
  94  5.63 -4.18 10.51 
  95  3.21 -4.90 10.51 
  96  4.96 -4.70 10.51 
  97  2.97 -4.43 10.51 
  98  1.82 -4.02 10.51 
  99  5.03 -1.82 10.51 
 100  3.16 -3.51 10.51 
 101  7.38 -3.31 10.51 
 102  6.42 -2.68 10.51 
 103  5.92 -3.19 10.51 
 104  5.00 -2.90 10.51 
 105 15.89 -3.97 10.51 
 106  8.85 -0.78 15.89 
 107  4.82 -3.13 15.89 
 108  6.54 -3.71 15.89 
 109 10.95 -3.62 15.89 
 110  6.55 -2.40 15.89 
 111  9.01 -3.84 15.89 
 112 12.14 -4.30 15.89 
 113  8.12 -3.75 15.89 
 114 12.88 -4.33 15.89 
 115  4.86 -1.47 15.89 
 116  6.80 -4.50 15.89 
 117 12.40 -4.75 15.89 
 118  8.68 -4.89 15.89 
 119 11.93 -3.30 15.89 
 120 13.80 -4.68 15.89 
 121  6.25 -4.42 15.89 
 122 15.38 -3.71 15.89 
 123  5.50 -3.70 15.89 
 124  8.54 -2.47 15.89 
 125 10.91 -3.81 15.89 
 126  8.33 -4.12 15.89 
 127  9.74 -3.60 15.89 
 128  8.84 -2.56 15.89 
 129 10.71 -0.06 15.89 
 130 13.41  3.85 15.89 
 131  6.63 -3.69 15.89 
 132  9.69 -1.91 15.89 
 133 13.88 -1.12 15.89 
 134 11.79 -4.55 15.89 
 135 19.51 -4.50 15.89 
 136 10.28 -4.10 19.51 
 137 13.06 -3.08 19.51 
 138 15.02 -3.96 19.51 
 139 12.98 -4.54 19.51 
 140 16.32 -4.77 19.51 
 141 16.93 -4.99 19.51 
 142 20.09 -2.34 19.51 
 143 17.77 -2.87 20.09 
 144 12.81 -3.08 20.09 
 145 19.71 -0.43 20.09 
 146 16.10 -4.59 20.09 
 147 16.24 -5.10 20.09 
 148 15.18 -2.19 20.09 
 149 18.99 -3.39 20.09 
 150 16.90 -1.76 20.09 
 151 22.40 -2.86 20.09 
 152 19.68 -3.68 22.40 
 153 14.89 -4.88 22.40 
 154 15.56 -4.89 22.40 
 155 23.17 -4.59 22.40 
 156 23.40 -3.39 23.17 
 157 15.42 -3.55 23.40 
 158 13.93 -1.92 23.40 
 159 23.69 -0.91 23.40 
 160 15.33 -4.46 23.69 
 161 21.95 -1.09 23.69 
 162 23.20 -1.44 23.69 
 163 19.70 -2.35 23.69 
 164 22.91 -0.95 23.69 
 165 18.87  7.30 23.69 
 166 21.46  2.66 23.69 
 167 21.44  2.77 23.69 
 168 24.26  4.12 23.69 
 169 17.49 10.44 24.26 
 170 26.53  8.14 24.26 
 171 19.13  4.43 26.53 
 172 16.38 17.25 26.53 
 173 18.10 23.60 26.53 
 174 25.90  9.38 26.53 
 175 21.26 66.24 26.53 
 176 26.22  2.89 26.53 
 177 26.27 40.52 26.53 
 178 26.13 39.65 26.53 
 179 26.53 28.95 26.53 
 180 24.98 31.93 26.53 
 181 28.33 67.59 26.53 
 182 45.14 55.64 28.33 
 183 24.63 44.31 45.14 
 184 22.56 49.32 45.14 
 185 31.52 27.01 45.14 
 186 42.04 20.27 45.14 
 187 22.97 27.96 45.14 
 188 31.12 28.85 45.14 
 189 23.32 21.20 45.14 
 190 32.80 26.83 45.14 
 191 22.01 11.80 45.14 
 192 38.03 25.19 45.14 
 193 32.56 25.06 45.14 
 194 36.03 28.11 45.14 
 195 37.11 29.96 45.14 
 196 36.00 21.18 45.14 
 197 24.05 55.15 45.14 
 198 39.37 68.78 45.14 
 199 41.08 63.39 45.14 
 200 36.66 50.37 45.14 
 201 35.33 53.38 45.14 
 202 52.48 53.20 45.14 
 203 48.11 46.95 52.48 
 204 32.60 46.37 52.48 
 205 32.25 41.10 52.48 
 206 57.58 34.78 52.48 
 207 45.09 80.31 57.58 
 208 40.40 57.63 57.58 
 209 48.02 37.75 57.58 
 210 40.07 34.42 57.58 
 211 57.26 35.39 57.58 
 212 27.88 29.31 57.58 
 213 35.23 28.38 57.58 
 214 40.87 27.99 57.58 
 215 48.96 57.34 57.58 
 216 50.62 49.85 57.58 
 217 43.14 74.67 57.58 
 218 41.12 32.55 57.58 
 219 39.07 36.87 57.58 
 220 42.72 33.22 57.58 
 221 55.70 27.46 57.58 
 222 48.05 37.84 57.58 
 223 44.05 40.69 57.58 
 224 48.96 40.60 57.58 
 225 66.88 34.43 57.58 
 226 45.90 33.56 66.88 
 227 63.37 44.76 66.88 
 228 40.44 48.87 66.88 
 229 58.56 52.98 66.88 
 230 64.76 43.08 66.88 
 231 57.25 54.80 66.88 
 232 63.67 57.56 66.88 
 233 54.64 88.85 66.88 
 234 37.96 61.27 66.88 
 235 58.13 47.05 66.88 
 236 59.46 85.07 66.88 
 237 81.86 51.67 66.88 
 238 70.17 80.52 81.86 
 239 60.22 56.39 81.86 
 240 55.55 70.10 81.86 
 241 64.37 50.39 81.86 
 242 71.61 78.42 81.86 
 243 49.18 43.67 81.86 
 244 47.40 83.55 81.86 
 245 46.03 60.54 81.86 
 246 57.24 69.79 81.86 
 247 103.69 59.96 81.86 
 248 82.91 88.79 103.69 
 249 66.96 70.75 103.69 
 250 70.39 40.00 103.69 
 251 61.45 59.74 103.69 
 252 65.40 68.07 103.69 
 253 63.19 46.55 103.69 
 254 91.86 68.62 103.69 
 255 69.61 149.91 103.69 
 256 54.87 49.37 103.69 
 257 54.92 32.97 103.69 
 258 65.50 52.29 103.69 
 259 66.25 108.19 103.69 
 260 81.95 31.63 103.69 
 261 68.63 45.20 103.69 
 262 69.74 65.96 103.69 
 263 78.36 40.44 103.69 
 264 76.40 32.85 103.69 
 265 87.50 27.41 103.69 
 266 59.91 74.53 103.69 
 267 72.93 124.34 103.69 
 268 57.13 62.69 103.69 
 269 55.00 61.50 103.69 
 270 65.50 89.65 103.69 
 271 88.20 98.82 103.69 
 272 82.72 92.18 103.69 
 273 75.81 88.57 103.69 
 274 67.80 52.67 103.69 
 275 81.81 54.48 103.69 
 276 78.89 42.13 103.69 
 277 66.55 83.50 103.69 
 278 74.64 40.70 103.69 
 279 83.55 38.48 103.69 
 280 82.46 51.73 103.69 
 281 80.19 75.29 103.69 
 282 87.27 49.16 103.69 
 283 119.80 37.32 103.69 
 284 95.06 32.04 119.80 
 285 98.67 28.74 119.80 
 286 89.83 33.70 119.80 
 287 105.44 47.92 119.80 
 288 103.99 50.54 119.80 
 289 110.20 42.81 119.80 
 290 85.87 105.29 119.80 
 291 148.03 100.89 119.80 
 292 118.04 133.47 148.03 
 293 119.13 61.12 148.03 
 294 127.78 122.33 148.03 
 295 108.59 63.17 148.03 
 296 116.11 41.42 148.03 
 297 109.19 34.51 148.03 
 298 109.70 51.25 148.03 
 299 120.33 101.40 148.03 
 300 150.22 61.24 148.03 
 301 141.37 65.02 150.22 
 302 133.35 97.91 150.22 
 303 143.01 75.70 150.22 
 304 123.88 87.21 150.22 
 305 86.89 83.07 150.22 
 306 151.30 70.70 150.22 
 307 174.68 119.83 151.30 
 308 136.21 89.06 174.68 
 309 123.24 68.68 174.68 
 310 114.92 66.92 174.68 
 311 220.35 77.76 174.68 
 312 169.35 110.75 220.35 
 313 147.10 97.88 220.35 
 314 147.42 55.29 220.35 
 315 149.74 20.64 220.35 
 316 155.13 67.89 220.35 
 317 123.53 52.08 220.35 
 318 146.56 85.85 220.35 
 319 177.10 81.18 220.35 
 320 155.34 30.20 220.35 
 321 149.99 70.76 220.35 
 322 162.67 45.48 220.35 
 323 165.30 41.37 220.35 
 324 176.96 62.00 220.35 
 325 169.74 38.60 220.35 
 326 143.41 119.30 220.35 
 327 143.71 55.66 220.35 
 328 156.81 69.59 220.35 
 329 174.00 116.25 220.35 
 330 161.78 78.43 220.35 
 331 140.86 131.18 220.35 
 332 176.22 91.36 220.35 
 333 166.13 118.41 220.35 
 334 264.18 142.66 220.35 
 335 261.24 148.29 264.18 
 336 235.04 171.11 264.18 
 337 229.46 180.42 264.18 
 338 211.12 159.71 264.18 
 339 198.51 175.24 264.18 
 340 180.06 149.50 264.18 
 341 229.17 206.78 264.18 
 342 197.80 179.03 264.18 
 343 195.65 144.06 264.18 
 344 208.38 176.83 264.18 
 345 247.64 204.80 264.18 
 346 252.85 173.93 264.18 
 347 205.61 191.78 264.18 
 348 182.89 180.46 264.18 
 349 239.40 177.03 264.18 
 350 268.22 228.60 264.18 
 351 196.75 294.76 268.22 
 352 191.62 219.01 268.22 
 353 204.31 192.77 268.22 
 354 261.29 208.85 268.22 
 355 226.52 215.85 268.22 
 356 297.29 136.98 268.22 
 357 309.06 128.46 297.29 
 358 231.80 148.94 309.06 
 359 262.78 198.48 309.06 
 360 302.04 210.85 309.06 
 361 275.71 125.29 309.06 
 362 267.66 113.55 309.06 
 363 243.60 117.05 309.06 
 364 253.81 117.54 309.06 
 365 247.05 128.11 309.06 
 366 270.85 161.66 309.06 
 367 276.89 132.87 309.06 
 368 317.36 156.59 309.06 
 369 254.44 117.27 317.36 
 370 318.52 181.68 317.36 
 371 331.79 123.04 318.52 
 372 362.87 37.01 331.79 
 373 340.84 23.14 362.87 
 374 355.44 33.69 362.87 
 375 424.95 72.83 362.87 
 376 351.96 39.29 424.95 
 377 302.02 26.60 424.95 
 378 312.49 109.41 424.95 
 379 288.95 84.33 424.95 
 380 340.32 77.20 424.95 
 381 449.41 58.98 424.95 
 382 386.62 65.04 449.41 
 383 324.50 55.17 449.41 
 384 424.47 43.26 449.41 
 385 458.99 47.65 449.41 
 386 402.02 62.92 458.99 
 387 314.24 20.91 458.99 
 388 374.86 40.10 458.99 
 389 467.75 63.26 458.99 
 390 359.07 76.95 467.75 
 391 465.87 48.70 467.75 
 392 353.85 53.65 467.75 
 393 451.91 104.75 467.75 
 394 521.57 134.83 467.75 
 395 475.33 72.52 521.57 
 396 442.34 145.36 521.57 
 397 486.73 96.50 521.57 
 398 406.66 79.15 521.57 
 399 550.03 93.16 521.57 
 400 552.07 95.44 550.03 
 401 408.97 71.48 552.07 
 402 618.41 101.46 552.07 
 403 515.81 160.21 618.41 
 404 541.37 287.49 618.41 
 405 517.54 292.86 618.41 
 406 484.62 212.96 618.41 
 407 528.29 179.66 618.41 
 408 531.12 189.69 618.41 
 409 563.70 188.65 618.41 
 410 505.72 270.80 618.41 
 411 515.51 88.22 618.41 
 412 620.94 105.08 618.41 
 413 524.90 220.74 620.94 
 414 490.12 252.82 620.94 
 415 542.43 213.45 620.94 
 416 631.65 306.30 620.94 
 417 489.76 135.88 631.65 
 418 513.77 142.62 631.65 
 419 576.71 110.65 631.65 
 420 521.04 184.68 631.65 
 421 633.85 268.14 631.65 
 422 624.98 409.17 633.85 
 423 555.97 204.64 633.85 
 424 675.48 246.53 633.85 
 425 651.74 173.66 675.48 
 426 609.48 333.36 675.48 
 427 666.12 374.39 675.48 
 428 623.90 227.99 675.48 
 429 697.79 363.50 675.48 
 430 635.19 288.69 697.79 
 431 648.16 270.23 697.79 
 432 724.67 218.75 697.79 
 433 765.98 356.68 724.67 
 434 659.07 331.74 765.98 
 435 708.51 466.34 765.98 
 436 663.98 288.81 765.98 
 437 710.17 239.88 765.98 
 438 715.70 241.21 765.98 
 439 802.17 262.82 765.98 
 440 702.56 270.66 802.17 
 441 786.34 234.81 802.17 
 442 711.64 247.43 802.17 
 443 757.39 422.81 802.17 
 444 806.16 307.36 802.17 
 445 811.99 236.35 806.16 
 446 815.11 520.67 811.99 
 447 868.76 333.66 815.11 
 448 793.31 354.86 868.76 
 449 814.88 286.29 868.76 
 450 788.67 326.60 868.76 
 451 821.59 232.97 868.76 
 452 934.09 404.58 868.76 
 453 867.02 416.34 934.09 
 454 765.18 289.48 934.09 
 455 908.97 337.81 934.09 
 456 849.45 523.21 934.09 
 457 765.71 359.14 934.09 
 458 888.99 475.94 934.09 
 459 785.32 672.85 934.09 
 460 879.76 456.90 934.09 
 461 875.15 458.39 934.09 
 462 855.85 466.45 934.09 
 463 821.99 574.22 934.09 
 464 959.87 643.15 934.09 
 465 1001.66 308.52 959.87 
 466 904.02 685.79 1001.66 
 467 887.97 604.38 1001.66 
 468 970.58 237.53 1001.66 
 469 1061.78 658.97 1001.66 
 470 1051.54 449.53 1061.78 
 471 964.80 410.09 1061.78 
 472 906.54 382.67 1061.78 
 473 985.01 238.40 1061.78 
 474 1001.60 306.70 1061.78 
 475 1135.28 77.31 1061.78 
 476 967.97 416.39 1135.28 
 477 936.08 303.62 1135.28 
 478 1191.97 193.23 1135.28 
 479 1045.53 95.53 1191.97 
 480 1204.04 308.73 1191.97 
 481 1033.32 497.55 1204.04 
 482 1114.91 480.19 1204.04 
 483 1014.83 384.93 1204.04 
 484 963.52 482.29 1204.04 
 485 1162.31 416.98 1204.04 
 486 1206.09 675.21 1204.04 
 487 1146.62 787.38 1206.09 
 488 1143.91 225.50 1206.09 
 489 991.70 781.35 1206.09 
 490 1121.43 834.68 1206.09 
 491 1051.40 715.94 1206.09 
 492 1099.03 330.37 1206.09 
 493 1140.80 639.94 1206.09 
 494 1072.89 837.52 1206.09 
 495 1204.33 1205.23 1206.09 
 496 1089.11 634.85 1206.09 
 497 1226.53 1169.08 1206.09 
 498 1143.07 448.36 1226.53 
 499 1254.81 982.96 1226.53 
 500 1069.50 784.61 1254.81 
 501 1274.79 802.94 1254.81 
 502 1139.92 713.70 1274.79 
 503 1288.32 850.69 1274.79 
 504 1209.87 740.39 1288.32 
 505 1097.42 921.19 1288.32 
 506 1209.52 614.52 1288.32 
 507 1147.92 641.84 1288.32 
 508 1211.39 708.66 1288.32 
 509 1211.93 655.70 1288.32 
 510 1139.22 291.24 1288.32 
 511 1389.51 583.18 1288.32 
 512 1227.05 336.00 1389.51 
 513 1194.14 376.21 1389.51 
 514 1222.72 837.31 1389.51 
 515 1235.51 908.34 1389.51 
 516 1251.40 1097.52 1389.51 
 517 1293.12 720.98 1389.51 
 518 1523.54 408.17 1389.51 
 519 1414.75 557.57 1523.54 
 520 1173.07 693.61 1523.54 
 521 1260.05 553.29 1523.54 
 522 1346.59 537.43 1523.54 
 523 1415.66 364.65 1523.54 
 524 1424.54 796.69 1523.54 
 525 1412.34 587.33 1523.54 
 526 1356.49 605.36 1523.54 
 527 1403.13 636.88 1523.54 
 528 1300.25 1085.74 1523.54 
 529 1517.35 1017.06 1523.54 
 530 1424.60 1468.53 1523.54 
 531 1548.77 1489.84 1523.54 
 532 1489.57 1520.53 1548.77 
 533 1636.23 1336.52 1548.77 
 534 1473.64 1113.94 1636.23 
 535 1344.20 1405.86 1636.23 
 536 1407.42 1507.10 1636.23 
 537 1525.42 1571.52 1636.23 
 538 1570.08 1177.64 1636.23 
 539 1602.33 948.03 1636.23 
 540 1330.33 1186.66 1636.23 
 541 1624.62 775.52 1636.23 
 542 1515.39 1163.57 1636.23 
 543 1672.27 998.17 1636.23 
 544 1464.38 1659.64 1672.27 
 545 1566.49 1721.49 1672.27 
 546 1552.53 1720.26 1672.27 
 547 1740.33 1566.50 1672.27 
 548 1693.74 1749.21 1740.33 
 549 1577.09 1329.13 1740.33 
 550 1585.57 1465.93 1740.33 
 551 1480.35 1149.03 1740.33 
 552 1594.98 1134.20 1740.33 
 553 1525.92 1445.31 1740.33 
 554 1755.66 1314.54 1740.33 
 555 1608.04 1473.47 1755.66 
 556 1803.15 1555.78 1755.66 
 557 1628.57 1479.16 1803.15 
 558 1708.76 1584.51 1803.15 
 559 1640.28 1599.63 1803.15 
 560 1636.83 1538.43 1803.15 
 561 1554.71 1468.20 1803.15 
 562 1682.93 1410.08 1803.15 
 563 1839.12 1195.59 1803.15 
 564 1730.00 1220.22 1839.12 
 565 1826.35 1704.10 1839.12 
 566 1714.43 1509.23 1839.12 
 567 1735.14 1551.44 1839.12 
 568 1856.10 1184.95 1839.12 
 569 1664.09 1546.38 1856.10 
 570 1857.69 1424.62 1856.10 
 571 1794.29 1423.55 1857.69 
 572 1824.68 1615.31 1857.69 
 573 1790.31 1394.71 1857.69 
 574 1636.35 1233.22 1857.69 
 575 1877.74 1426.10 1857.69 
 576 1635.06 1248.63 1877.74 
 577 1485.08 1212.78 1877.74 
 578 1909.42 1318.55 1877.74 
 579 1797.40 1394.39 1909.42 
 580 1930.95 905.15 1909.42 
 581 1882.08 1122.17 1930.95 
 582 1861.32 1151.14 1930.95 
 583 1688.00 888.15 1930.95 
 584 1517.17 1035.00 1930.95 
 585 1769.96 944.70 1930.95 
 586 1885.13 1021.98 1930.95 
 587 1892.97 955.92 1930.95 
 588 1722.98 1229.28 1930.95 
 589 1672.70 843.63 1930.95 
 590 2022.53 1241.60 1930.95 
 591 1954.60 1371.26 2022.53 
 592 1859.26 1244.34 2022.53 
 593 1788.35 1509.22 2022.53 
 594 1987.52 1652.35 2022.53 
 595 1970.63 1585.03 2022.53 
 596 1992.67 1572.77 2022.53 
 597 2037.71 1084.78 2022.53 
 598 1774.03 1318.77 2037.71 
 599 1889.16 1096.24 2037.71 
 600 1959.89 1323.24 2037.71 
 601 2072.33 1477.68 2037.71 
 602 2100.97 1476.55 2072.33 
 603 1901.68 1697.57 2100.97 
 604 2137.74 1590.68 2100.97 
 605 2246.65 1649.97 2137.74 
 606 2244.64 1715.75 2246.65 
 607 2187.47 1895.88 2246.65 
 608 1989.67 1294.12 2246.65 
 609 2124.05 1841.51 2246.65 
 610 2176.12 1719.00 2246.65 
 611 2185.52 2034.71 2246.65 
 612 2164.96 2063.09 2246.65 
 613 2220.82 1936.08 2246.65 
 614 2144.41 1747.11 2246.65 
 615 2133.51 1710.91 2246.65 
 616 2198.92 1563.26 2246.65 
 617 2224.03 1772.31 2246.65 
 618 2220.11 1755.21 2246.65 
 619 2272.53 1669.39 2246.65 
 620 2326.69 2012.66 2272.53 
 621 2203.21 1717.03 2326.69 
 622 2132.56 1807.11 2326.69 
 623 2254.28 1737.60 2326.69 
 624 2247.99 1868.56 2326.69 
 625 2271.70 1801.32 2326.69 
 626 2122.62 1422.74 2326.69 
 627 2125.05 2037.80 2326.69 
 628 2272.80 1720.84 2326.69 
 629 2165.93 1437.60 2326.69 
 630 2260.28 1970.92 2326.69 
 631 2193.41 1857.35 2326.69 
 632 2166.35 2058.43 2326.69 
 633 2065.52 2113.77 2326.69 
 634 2155.83 1878.81 2326.69 
 635 2220.40 1984.95 2326.69 
 636 2091.01 1932.23 2326.69 
 637 2234.75 1179.90 2326.69 
 638 2251.94 1269.06 2326.69 
 639 2050.94 1882.34 2326.69 
 640 2226.41 1843.51 2326.69 
 641 2224.33 1896.33 2326.69 
 642 2325.69 1926.29 2326.69 
 643 2406.87 1549.37 2326.69 
 644 2209.85 2002.63 2406.87 
 645 2350.89 2026.27 2406.87 
 646 2092.38 1953.61 2406.87 
 647 2123.13 1912.64 2406.87 
 648 2289.51 1766.56 2406.87 
 649 2363.97 1653.38 2406.87 
 650 2238.55 1665.31 2406.87 
 651 2343.72 1245.86 2406.87 
 652 2328.30 2250.52 2406.87 
 653 2222.81 1589.33 2406.87 
 654 2271.22 1253.34 2406.87 
 655 2271.29 1978.31 2406.87 
 656 2367.34 1848.26 2406.87 
 657 2364.14 2202.69 2406.87 
 658 2371.21 2162.34 2406.87 
 659 2471.47 2019.11 2406.87 
 660 2285.24 2267.88 2471.47 
 661 2442.43 2152.94 2471.47 
 662 2440.33 1554.11 2471.47 
 663 2461.12 1528.93 2471.47 
 664 2597.08 1605.82 2471.47 
 665 2629.43 1646.39 2597.08 
 666 2427.00 1723.63 2629.43 
 667 2202.97 2097.44 2629.43 
 668 2392.31 1444.37 2629.43 
 669 2472.55 1312.31 2629.43 
 670 2258.91 1866.10 2629.43 
 671 2506.23 1798.50 2629.43 
 672 2555.08 2069.84 2629.43 
 673 2415.84 2464.41 2629.43 
 674 2579.84 2684.40 2629.43 
 675 2355.47 1955.24 2629.43 
 676 2426.17 2402.34 2629.43 
 677 2463.49 1811.24 2629.43 
 678 2434.12 1520.72 2629.43 
 679 2367.28 2024.48 2629.43 
 680 2480.41 2028.64 2629.43 
 681 2453.85 1915.56 2629.43 
 682 2561.10 1677.28 2629.43 
 683 2406.32 1287.36 2629.43 
 684 2411.17 1142.44 2629.43 
 685 2521.60 2061.46 2629.43 
 686 2555.44 1303.65 2629.43 
 687 2410.63 1415.06 2629.43 
 688 2498.56 1966.51 2629.43 
 689 2648.76 2467.82 2629.43 
 690 2503.54 1690.36 2648.76 
 691 2532.54 2162.91 2648.76 
 692 2621.59 1843.88 2648.76 
 693 2530.54 1789.09 2648.76 
 694 2529.79 2277.36 2648.76 
 695 2621.56 2080.27 2648.76 
 696 2692.46 1847.31 2648.76 
 697 2185.70 2348.46 2692.46 
 698 2516.80 2495.37 2692.46 
 699 2505.70 2130.26 2692.46 
 700 2569.95 2328.58 2692.46 
 701 2512.90 1760.27 2692.46 
 702 2651.06 2155.26 2692.46 
 703 2674.68 1896.51 2692.46 
 704 2594.18 2050.74 2692.46 
 705 2631.10 2634.89 2692.46 
 706 2661.18 1985.81 2692.46 
 707 2625.13 2181.04 2692.46 
 708 2533.65 2145.64 2692.46 
 709 2546.07 1962.00 2692.46 
 710 2515.30 2264.55 2692.46 
 711 2604.48 2606.05 2692.46 
 712 2710.59 2804.53 2692.46 
 713 2473.94 2438.25 2710.59 
 714 2735.31 2893.26 2710.59 
 715 2701.81 2970.64 2735.31 
 716 2797.03 2874.53 2735.31 
 717 2873.49 2810.33 2797.03 
 718 2685.29 2635.42 2873.49 
 719 2596.38 2850.84 2873.49 
 720 2712.14 2823.53 2873.49 
 721 2789.68 2858.93 2873.49 
 722 2836.46 2910.52 2873.49 
 723 2704.13 2506.55 2873.49 
 724 2590.31 2245.52 2873.49 
 725 2770.04 2438.21 2873.49 
 726 2630.44 2565.46 2873.49 
 727 2678.50 2586.92 2873.49 
 728 2602.40 2615.24 2873.49 
 729 2618.15 2294.89 2873.49 
 730 2588.68 2061.98 2873.49 
 731 2800.69 2487.54 2873.49 
 732 2742.81 2764.73 2873.49 
 733 2744.79 2773.02 2873.49 
 734 2657.35 2741.32 2873.49 
 735 2909.49 2640.31 2873.49 
 736 2720.06 2547.72 2909.49 
 737 2789.24 2750.05 2909.49 
 738 2764.88 2836.86 2909.49 
 739 2634.68 2740.59 2909.49 
 740 2751.62 2670.77 2909.49 
 741 2844.40 2835.56 2909.49 
 742 2980.76 2871.51 2909.49 
 743 2897.21 2828.39 2980.76 
 744 2571.65 2612.54 2980.76 
 745 2855.46 2205.42 2980.76 
 746 2779.38 2705.29 2980.76 
 747 2950.22 2352.13 2980.76 
 748 2780.49 2713.43 2980.76 
 749 2794.02 2575.69 2980.76 
 750 2836.31 2823.66 2980.76 
 751 2951.31 2912.09 2980.76 
 752 2534.49 2965.55 2980.76 
 753 2804.24 2857.27 2980.76 
 754 2769.30 2754.39 2980.76 
 755 2787.92 2733.27 2980.76 
 756 2877.73 2981.10 2980.76 
 757 2911.16 2903.87 2980.76 
 758 2849.93 2909.35 2980.76 
 759 2721.29 2752.51 2980.76 
 760 2895.06 2970.17 2980.76 
 761 2840.15 3016.61 2980.76 
 762 2928.48 3095.82 2980.76 
 763 2727.76 2394.13 2980.76 
 764 2900.33 2870.87 2980.76 
 765 2771.17 2738.14 2980.76 
 766 2715.60 3110.25 2980.76 
 767 2780.76 2934.32 2980.76 
 768 2807.17 2881.15 2980.76 
 769 2911.61 2897.28 2980.76 
 770 2845.84 2981.44 2980.76 
 771 2958.57 2914.94 2980.76 
 772 2951.40 2507.67 2980.76 
 773 2877.48 3101.87 2980.76 
 774 2766.30 2836.88 2980.76 
 775 3018.57 2945.56 2980.76 
 776 2947.07 2837.64 3018.57 
 777 3179.21 2840.07 3018.57 
 778 2648.18 2838.40 3179.21 
 779 2871.44 2511.63 3179.21 
 780 2879.36 2676.99 3179.21 
 781 3010.13 2701.28 3179.21 
 782 2891.50 2698.43 3179.21 
 783 2881.70 2638.35 3179.21 
 784 2656.24 2903.82 3179.21 
 785 2841.35 2665.23 3179.21 
 786 2879.76 2910.90 3179.21 
 787 2729.55 2957.42 3179.21 
 788 2737.35 2889.00 3179.21 
 789 2825.88 3022.64 3179.21 
 790 2807.36 2994.14 3179.21 
 791 2746.31 2943.44 3179.21 
 792 2785.38 2950.48 3179.21 
 793 2668.96 3162.26 3179.21 
 794 2862.39 3214.13 3179.21 
 795 2852.37 3098.29 3179.21 
 796 2808.72 2646.93 3179.21 
 797 2770.70 2954.10 3179.21 
 798 2772.91 2983.82 3179.21 
 799 2933.26 2710.22 3179.21 
