Iter | Sampling Pol | Evaluation Pol | Best (Sampled) 
   0 -5.96 -5.53 -100000000.00 
   1 -5.23 -5.10 -5.96 
   2 -5.37 -4.77 -5.23 
   3 -4.06 -4.81 -5.23 
   4 -4.62 -4.37 -4.06 
   5 -3.91 -4.41 -4.06 
   6 -4.01 -3.87 -3.91 
   7 -3.65 -3.76 -3.91 
   8 -3.73 -3.50 -3.65 
   9 -2.73 -3.37 -3.65 
  10 -2.88 -3.00 -2.73 
  11 -2.93 -3.62 -2.73 
  12 -2.99 -3.52 -2.73 
  13 -3.00 -3.67 -2.73 
  14 -2.00 -3.46 -2.73 
  15 -2.42 -3.40 -2.00 
  16 -2.54 -3.36 -2.00 
  17 -1.80 -1.74 -2.00 
  18 -0.13 -2.82 -1.80 
  19 -0.27 -2.75 -0.13 
  20 -0.19 -3.59 -0.13 
  21  0.83 -0.57 -0.13 
  22  0.43 -1.36  0.83 
  23  0.42 -2.19  0.83 
  24  1.31 -1.89  0.83 
  25  1.27  1.01  1.31 
  26  0.52  0.27  1.31 
  27  3.09 -0.63  1.31 
  28  0.32 -1.41  3.09 
  29  2.60 -0.86  3.09 
  30  0.70 -0.39  3.09 
  31  1.94  2.65  3.09 
  32  5.53  4.88  3.09 
  33  0.97  5.51  5.53 
  34  2.59  5.27  5.53 
  35  3.77  2.59  5.53 
  36  3.49  2.58  5.53 
  37 12.47 10.95  5.53 
  38 11.29 -0.57 12.47 
  39  6.36  2.31 12.47 
  40  5.99 -0.59 12.47 
  41 12.91  8.28 12.47 
  42 13.84  1.15 12.91 
  43  8.33  6.09 13.84 
  44  9.58 10.32 13.84 
  45  6.53  0.80 13.84 
  46 12.99  3.12 13.84 
  47  6.79 -2.08 13.84 
  48  7.54 -2.40 13.84 
  49 24.24  3.33 13.84 
  50 17.44  5.47 24.24 
  51 20.80  4.89 24.24 
  52 19.92  7.37 24.24 
  53 15.56  7.18 24.24 
  54 10.03 11.58 24.24 
  55 13.10 11.13 24.24 
  56 12.87  4.74 24.24 
  57 29.34 14.65 24.24 
  58 20.30 19.73 29.34 
  59 27.60 12.19 29.34 
  60 13.99 16.12 29.34 
  61 25.99 56.91 29.34 
  62 26.24 34.81 29.34 
  63 24.52 98.27 29.34 
  64 16.26 95.98 29.34 
  65 36.59 93.91 29.34 
  66 44.42 97.55 36.59 
  67 50.45 43.00 44.42 
  68 32.39 37.68 50.45 
  69 33.15 72.19 50.45 
  70 44.20 128.86 50.45 
  71 26.86 69.16 50.45 
  72 44.86 129.69 50.45 
  73 32.75 56.47 50.45 
  74 46.28 59.84 50.45 
  75 58.88 80.39 50.45 
  76 48.95 115.57 58.88 
  77 63.52 130.50 58.88 
  78 61.52 145.08 63.52 
  79 60.89 176.73 63.52 
  80 75.58 92.62 63.52 
  81 61.67 93.52 75.58 
  82 64.36 164.84 75.58 
  83 71.65 143.78 75.58 
  84 77.01 125.02 75.58 
  85 97.56 115.74 77.01 
  86 73.34 62.81 97.56 
  87 77.29 124.34 97.56 
  88 90.55 106.78 97.56 
  89 89.02 227.36 97.56 
  90 77.57 169.45 97.56 
  91 79.95 187.20 97.56 
  92 93.16 213.73 97.56 
  93 111.55 242.37 97.56 
  94 80.48 242.14 111.55 
  95 87.10 359.01 111.55 
  96 127.49 188.77 111.55 
  97 102.37 280.23 127.49 
  98 113.51 163.70 127.49 
  99 102.30 120.49 127.49 
 100 96.73 103.89 127.49 
 101 149.53 170.20 127.49 
 102 135.83 82.93 149.53 
 103 142.16 80.74 149.53 
 104 185.24 104.07 149.53 
 105 148.83 45.94 185.24 
 106 137.11 80.94 185.24 
 107 132.87 65.08 185.24 
 108 159.23 132.85 185.24 
 109 180.09 161.97 185.24 
 110 166.69 140.28 185.24 
 111 193.21 122.22 185.24 
 112 158.42 117.02 193.21 
 113 151.65 197.68 193.21 
 114 165.94 155.25 193.21 
 115 214.65 215.40 193.21 
 116 190.55 187.82 214.65 
 117 257.27 162.33 214.65 
 118 187.68 174.20 257.27 
 119 228.85 165.87 257.27 
 120 235.59 141.62 257.27 
 121 242.87 143.95 257.27 
 122 232.99 95.52 257.27 
 123 286.41 207.42 257.27 
 124 286.58 197.67 286.41 
 125 333.76 192.62 286.58 
 126 304.85 307.69 333.76 
 127 356.40 242.49 333.76 
 128 349.86 251.06 356.40 
 129 389.68 247.86 356.40 
 130 458.10 186.30 389.68 
 131 399.54 306.81 458.10 
 132 449.89 369.01 458.10 
 133 510.85 249.20 458.10 
 134 450.30 337.28 510.85 
 135 507.67 403.65 510.85 
 136 453.33 303.53 510.85 
 137 500.72 471.46 510.85 
 138 495.71 316.68 510.85 
 139 493.85 382.57 510.85 
 140 444.71 462.74 510.85 
 141 583.52 446.77 510.85 
 142 513.38 366.28 583.52 
 143 552.33 573.89 583.52 
 144 421.35 505.14 583.52 
 145 538.25 697.47 583.52 
 146 568.54 489.66 583.52 
 147 620.41 580.60 583.52 
 148 632.99 593.14 620.41 
 149 675.74 721.95 632.99 
 150 675.73 956.63 675.74 
 151 595.60 636.91 675.74 
 152 700.88 749.54 675.74 
 153 685.38 536.12 700.88 
 154 763.15 895.20 700.88 
 155 741.86 843.25 763.15 
 156 735.48 815.66 763.15 
 157 762.10 749.04 763.15 
 158 804.77 842.38 763.15 
 159 819.55 770.35 804.77 
 160 845.78 647.59 819.55 
 161 810.88 807.00 845.78 
 162 921.92 933.66 845.78 
 163 942.13 899.41 921.92 
 164 810.27 948.05 942.13 
 165 959.41 852.40 942.13 
 166 1012.34 713.51 959.41 
 167 960.02 763.76 1012.34 
 168 1069.29 736.74 1012.34 
 169 997.16 857.04 1069.29 
 170 1029.32 748.17 1069.29 
 171 1085.99 834.62 1069.29 
 172 1203.40 712.17 1085.99 
 173 1184.15 925.37 1203.40 
 174 1173.53 705.75 1203.40 
 175 978.05 871.95 1203.40 
 176 1203.07 819.42 1203.40 
 177 1275.18 927.08 1203.40 
 178 1228.03 1090.11 1275.18 
 179 1224.21 954.47 1275.18 
 180 1202.22 1301.88 1275.18 
 181 1245.09 1168.86 1275.18 
 182 1076.98 1303.62 1275.18 
 183 1449.96 1385.48 1275.18 
 184 1269.45 1233.91 1449.96 
 185 1364.35 1454.45 1449.96 
 186 1338.32 1436.22 1449.96 
 187 1614.13 1267.11 1449.96 
 188 1544.36 1334.70 1614.13 
 189 1401.13 1439.05 1614.13 
 190 1540.73 1291.85 1614.13 
 191 1611.57 1504.98 1614.13 
 192 1456.63 1630.46 1614.13 
 193 1574.77 1441.04 1614.13 
 194 1518.97 1287.18 1614.13 
 195 1538.71 1374.96 1614.13 
 196 1673.82 1786.78 1614.13 
 197 1650.29 1540.77 1673.82 
 198 1639.35 1560.49 1673.82 
 199 1584.03 1582.19 1673.82 
 200 1664.14 1592.56 1673.82 
 201 1893.43 1492.58 1673.82 
 202 1619.71 1585.57 1893.43 
 203 1799.89 1588.41 1893.43 
 204 1749.99 1536.20 1893.43 
 205 1724.13 1689.20 1893.43 
 206 1750.54 1787.24 1893.43 
 207 1755.98 1764.54 1893.43 
 208 1782.11 1786.07 1893.43 
 209 1809.58 1669.80 1893.43 
 210 1942.45 1504.02 1893.43 
 211 1822.03 1560.77 1942.45 
 212 1777.58 1841.33 1942.45 
 213 1950.66 1633.64 1942.45 
 214 1903.16 1798.16 1950.66 
 215 1868.27 2128.53 1950.66 
 216 2025.14 1993.16 1950.66 
 217 1878.86 2132.08 2025.14 
 218 2168.86 2345.13 2025.14 
 219 2099.28 2377.03 2168.86 
 220 2074.68 2282.20 2168.86 
 221 2120.96 2310.26 2168.86 
 222 2263.76 2264.16 2168.86 
 223 2144.04 2473.55 2263.76 
 224 2135.07 2561.59 2263.76 
 225 2173.54 2683.66 2263.76 
 226 2163.75 2465.31 2263.76 
 227 2245.07 2291.09 2263.76 
 228 2276.79 2554.13 2263.76 
 229 2382.18 2469.08 2276.79 
 230 2356.48 2767.78 2382.18 
 231 2435.02 2438.15 2382.18 
 232 2375.37 2614.38 2435.02 
 233 2494.51 2598.23 2435.02 
 234 2504.00 2838.36 2494.51 
 235 2350.02 3007.31 2504.00 
 236 2490.03 3075.62 2504.00 
 237 2541.59 2893.96 2504.00 
 238 2403.07 2915.02 2541.59 
 239 2597.60 2977.99 2541.59 
 240 2376.07 2990.62 2597.60 
 241 2453.07 2827.85 2597.60 
 242 2577.29 2800.42 2597.60 
 243 2579.79 2712.84 2597.60 
 244 2546.00 2840.16 2597.60 
 245 2588.16 2805.38 2597.60 
 246 2707.75 2949.66 2597.60 
 247 2543.29 2801.98 2707.75 
 248 2710.71 2799.54 2707.75 
 249 2590.79 2896.33 2710.71 
 250 2656.55 2928.65 2710.71 
 251 2803.45 2880.16 2710.71 
 252 2653.75 2944.00 2803.45 
 253 2891.45 2878.91 2803.45 
 254 2807.58 3146.93 2891.45 
 255 2788.89 3139.89 2891.45 
 256 2814.45 3312.87 2891.45 
 257 2612.56 3317.68 2891.45 
 258 2732.17 3298.33 2891.45 
 259 2707.76 3155.60 2891.45 
 260 2837.55 3193.70 2891.45 
 261 2830.17 3312.89 2891.45 
 262 2879.29 3187.12 2891.45 
 263 2811.40 3217.33 2891.45 
 264 2810.37 3073.20 2891.45 
 265 2764.17 3295.24 2891.45 
 266 2789.98 3228.25 2891.45 
 267 2986.99 3127.63 2891.45 
 268 2962.70 2959.15 2986.99 
 269 2943.25 3176.67 2986.99 
 270 3007.81 3338.52 2986.99 
 271 3013.64 3085.82 3007.81 
 272 2927.60 2806.09 3013.64 
 273 3023.81 2931.79 3013.64 
 274 2925.80 3181.16 3023.81 
 275 2812.42 3217.86 3023.81 
 276 2793.78 3424.78 3023.81 
 277 2987.99 3400.10 3023.81 
 278 3011.03 3399.58 3023.81 
 279 2998.36 3460.25 3023.81 
 280 2725.62 3500.81 3023.81 
 281 2874.66 3264.15 3023.81 
 282 2833.46 3119.84 3023.81 
 283 3000.80 3264.79 3023.81 
 284 2996.78 2993.66 3023.81 
 285 3010.28 3385.57 3023.81 
 286 3180.72 3397.98 3023.81 
 287 3044.02 3290.08 3180.72 
 288 2872.03 3344.37 3180.72 
 289 2973.33 3330.87 3180.72 
 290 3029.98 3137.65 3180.72 
 291 2817.04 3067.88 3180.72 
 292 3007.37 3329.00 3180.72 
 293 2894.03 3457.27 3180.72 
 294 3074.31 3606.99 3180.72 
 295 3131.53 3357.02 3180.72 
 296 3170.04 3153.06 3180.72 
 297 3081.04 3280.18 3180.72 
 298 2933.07 3579.53 3180.72 
 299 2949.52 3552.08 3180.72 
