Iter | Sampling Pol | Evaluation Pol | Best (Sampled) 
   0 -5.08 -2.13 -100000000.00 
   1 -4.17 -0.78 -5.08 
   2 -4.14 -4.02 -4.17 
   3 -4.04  0.05 -4.14 
   4 -3.71 -1.96 -4.04 
   5 -2.77 -0.90 -3.71 
   6 -2.98 -1.37 -2.77 
   7 -3.05 -4.19 -2.77 
   8 -2.43 -3.75 -2.77 
   9 -1.36 -2.53 -2.43 
  10 -2.80 -4.60 -1.36 
  11 -2.10 -2.92 -1.36 
  12 -3.39 -1.72 -1.36 
  13 -2.38 -4.04 -1.36 
  14 -1.63 -4.19 -1.36 
  15 -1.74 -3.67 -1.36 
  16 -1.67 -3.47 -1.36 
  17 -2.46 -3.28 -1.36 
  18 -1.52  0.79 -1.36 
  19 -1.79  4.02 -1.36 
  20 -0.75  0.56 -1.36 
  21 -1.26  7.68 -0.75 
  22  0.91 11.33 -0.75 
  23  1.62 14.60  0.91 
  24 -0.28  3.86  1.62 
  25 -1.03  4.12  1.62 
  26  1.09  2.23  1.62 
  27 -0.44 10.35  1.62 
  28 -0.53 10.57  1.62 
  29 -0.70 16.04  1.62 
  30  0.58 11.29  1.62 
  31  4.28 24.27  1.62 
  32  2.31 20.41  4.28 
  33  6.20 18.48  4.28 
  34  5.76  8.79  6.20 
  35  2.38 17.60  6.20 
  36  2.19  3.64  6.20 
  37  3.25  5.24  6.20 
  38  2.34 23.37  6.20 
  39  7.06 29.01  6.20 
  40  4.50 23.59  7.06 
  41  7.84 50.16  7.06 
  42  7.15 20.74  7.84 
  43  9.85 22.63  7.84 
  44  6.77  6.77  9.85 
  45 10.94 14.39  9.85 
  46 16.25 12.98 10.94 
  47 11.79 14.70 16.25 
  48 12.95  9.91 16.25 
  49 13.73 29.22 16.25 
  50 12.02 17.42 16.25 
  51 11.53  5.11 16.25 
  52 10.10 -1.26 16.25 
  53 11.85  0.91 16.25 
  54 17.80  5.29 16.25 
  55 16.62  6.40 17.80 
  56 21.88 12.47 17.80 
  57 16.73 18.78 21.88 
  58 26.26 20.38 21.88 
  59 15.31  8.28 26.26 
  60 23.74 10.23 26.26 
  61 31.34 24.16 26.26 
  62 28.88 15.20 31.34 
  63 25.87 15.94 31.34 
  64 22.74 38.92 31.34 
  65 17.54 13.47 31.34 
  66 26.62 56.39 31.34 
  67 21.69 38.80 31.34 
  68 45.60 49.56 31.34 
  69 30.25 64.65 45.60 
  70 31.60 74.53 45.60 
  71 41.21 58.46 45.60 
  72 44.63 84.96 45.60 
  73 49.01 102.06 45.60 
  74 38.92 160.10 49.01 
  75 53.19 71.20 49.01 
  76 35.46 88.79 53.19 
  77 46.81 72.43 53.19 
  78 55.52 97.62 53.19 
  79 50.11 124.87 55.52 
  80 88.82 100.55 55.52 
  81 55.49 167.52 88.82 
  82 51.92 152.63 88.82 
  83 66.16 128.45 88.82 
  84 72.85 180.68 88.82 
  85 83.20 137.41 88.82 
  86 66.51 133.36 88.82 
  87 75.94 118.32 88.82 
  88 75.34 211.35 88.82 
  89 64.85 139.02 88.82 
  90 97.09 86.93 88.82 
  91 80.23 101.27 97.09 
  92 106.24 106.79 97.09 
  93 111.54 88.81 106.24 
  94 119.42 183.43 111.54 
  95 128.05 63.56 119.42 
  96 116.90 128.39 128.05 
  97 87.96 79.35 128.05 
  98 98.41 82.14 128.05 
  99 127.94 90.59 128.05 
 100 82.10 109.09 128.05 
 101 180.35 247.37 128.05 
 102 195.14 140.00 180.35 
 103 165.72 152.39 195.14 
 104 134.26 97.11 195.14 
 105 120.74 63.41 195.14 
 106 135.54 135.58 195.14 
 107 153.88 238.77 195.14 
 108 139.77 140.80 195.14 
 109 184.86 93.45 195.14 
 110 177.21 101.28 195.14 
 111 152.06 102.51 195.14 
 112 190.49 180.26 195.14 
 113 209.40 139.97 195.14 
 114 189.35 240.44 209.40 
 115 204.73 253.76 209.40 
 116 157.99 213.60 209.40 
 117 175.40 188.52 209.40 
 118 240.33 204.45 209.40 
 119 226.45 135.07 240.33 
 120 233.15 232.34 240.33 
 121 281.95 219.14 240.33 
 122 243.60 222.36 281.95 
 123 285.73 288.74 281.95 
 124 272.32 359.18 285.73 
 125 308.18 363.97 285.73 
 126 280.23 400.67 308.18 
 127 383.19 420.21 308.18 
 128 356.19 420.98 383.19 
 129 296.63 329.80 383.19 
 130 338.96 344.00 383.19 
 131 402.31 248.93 383.19 
 132 327.67 373.48 402.31 
 133 369.66 482.80 402.31 
 134 396.49 498.30 402.31 
 135 470.32 390.79 402.31 
 136 434.77 404.94 470.32 
 137 463.62 461.05 470.32 
 138 404.56 485.16 470.32 
 139 508.08 304.42 470.32 
 140 382.91 340.90 508.08 
 141 549.61 359.19 508.08 
 142 512.31 307.68 549.61 
 143 434.51 335.95 549.61 
 144 383.02 251.86 549.61 
 145 487.98 359.74 549.61 
 146 605.76 268.36 549.61 
 147 682.22 296.53 605.76 
 148 523.39 333.89 682.22 
 149 574.16 290.25 682.22 
 150 545.17 251.16 682.22 
 151 595.72 228.02 682.22 
 152 617.28 341.70 682.22 
 153 538.64 223.40 682.22 
 154 679.17 84.76 682.22 
 155 609.08 360.60 682.22 
 156 717.08 353.79 682.22 
 157 738.18 254.42 717.08 
 158 719.85 197.00 738.18 
 159 684.64 205.47 738.18 
 160 847.89 301.89 738.18 
 161 732.21 341.95 847.89 
 162 839.93 377.97 847.89 
 163 769.81 260.69 847.89 
 164 803.54 318.00 847.89 
 165 810.01 194.13 847.89 
 166 870.68 347.33 847.89 
 167 781.58 374.12 870.68 
 168 985.86 220.25 870.68 
 169 763.63 567.70 985.86 
 170 737.97 391.50 985.86 
 171 965.64 482.12 985.86 
 172 1016.23 469.29 985.86 
 173 1018.08 586.27 1016.23 
 174 1193.43 797.09 1018.08 
 175 841.10 999.87 1193.43 
 176 1179.71 1002.56 1193.43 
 177 1035.49 942.66 1193.43 
 178 1112.79 702.34 1193.43 
 179 1077.87 469.58 1193.43 
 180 1189.00 640.24 1193.43 
 181 1170.98 978.96 1193.43 
 182 1124.41 651.24 1193.43 
 183 1156.32 811.56 1193.43 
 184 1182.37 600.60 1193.43 
 185 1009.31 529.25 1193.43 
 186 1303.93 450.70 1193.43 
 187 1203.17 260.72 1303.93 
 188 1253.98 550.93 1303.93 
 189 1301.42 691.22 1303.93 
 190 1318.18 632.64 1303.93 
 191 1363.78 687.08 1318.18 
 192 1418.09 1093.12 1363.78 
 193 1256.00 850.42 1418.09 
 194 1386.15 529.49 1418.09 
 195 1452.58 391.23 1418.09 
 196 1476.42 588.81 1452.58 
 197 1391.76 518.19 1476.42 
 198 1297.72 819.51 1476.42 
 199 1387.32 609.38 1476.42 
 200 1529.85 1198.89 1476.42 
 201 1463.45 1107.42 1529.85 
 202 1398.08 1283.15 1529.85 
 203 1625.94 1307.10 1529.85 
 204 1517.56 957.91 1625.94 
 205 1558.63 1016.09 1625.94 
 206 1660.30 1097.59 1625.94 
 207 1582.11 961.96 1660.30 
 208 1447.36 1031.30 1660.30 
 209 1597.85 1100.38 1660.30 
 210 1513.35 1142.97 1660.30 
 211 1738.86 1011.65 1660.30 
 212 1823.64 677.71 1738.86 
 213 1965.62 1181.10 1823.64 
 214 1661.24 1292.03 1965.62 
 215 1741.93 1601.86 1965.62 
 216 1864.98 1410.96 1965.62 
 217 1812.09 1582.54 1965.62 
 218 1954.32 1497.83 1965.62 
 219 1846.23 1474.01 1965.62 
 220 1960.18 1451.10 1965.62 
 221 1775.98 1338.80 1965.62 
 222 1969.12 1479.19 1965.62 
 223 1816.84 1455.83 1969.12 
 224 1818.26 1902.99 1969.12 
 225 1935.75 1481.36 1969.12 
 226 1973.74 1492.67 1969.12 
 227 1969.07 1776.40 1973.74 
 228 1900.13 1737.35 1973.74 
 229 2156.80 1047.94 1973.74 
 230 1932.28 1588.88 2156.80 
 231 1993.90 1296.75 2156.80 
 232 2008.53 1967.72 2156.80 
 233 2028.54 1116.63 2156.80 
 234 1957.03 1518.40 2156.80 
 235 2191.31 1225.95 2156.80 
 236 2028.95 1584.85 2191.31 
 237 2160.60 1509.30 2191.31 
 238 2169.47 1577.88 2191.31 
 239 2276.45 1622.25 2191.31 
 240 2084.27 1290.12 2276.45 
 241 2096.44 1075.80 2276.45 
 242 2270.76 976.96 2276.45 
 243 2398.60 1327.16 2276.45 
 244 2347.12 1288.50 2398.60 
 245 2152.40 1749.88 2398.60 
 246 2376.79 1474.81 2398.60 
 247 2570.90 1588.13 2398.60 
 248 2194.73 1479.48 2570.90 
 249 2469.67 1577.60 2570.90 
 250 2516.43 1324.92 2570.90 
 251 2373.18 1874.82 2570.90 
 252 2267.46 1326.18 2570.90 
 253 2547.82 1121.35 2570.90 
 254 2459.54 1852.25 2570.90 
 255 2620.65 1949.25 2570.90 
 256 2606.72 1908.10 2620.65 
 257 2471.03 1919.25 2620.65 
 258 2604.20 1720.48 2620.65 
 259 2623.80 1377.73 2620.65 
 260 2762.55 1839.97 2623.80 
 261 2439.94 1849.36 2762.55 
 262 2585.01 2101.88 2762.55 
 263 2687.82 1997.44 2762.55 
 264 2778.78 1953.51 2762.55 
 265 2585.95 1894.48 2778.78 
 266 2625.50 2610.81 2778.78 
 267 2793.68 2278.66 2778.78 
 268 2544.29 2524.43 2793.68 
 269 2402.19 2486.28 2793.68 
 270 2633.74 1828.24 2793.68 
 271 2710.46 2401.63 2793.68 
 272 2869.77 1976.73 2793.68 
 273 2849.90 1860.81 2869.77 
 274 2778.33 2169.30 2869.77 
 275 2727.21 1824.67 2869.77 
 276 2794.46 1517.12 2869.77 
 277 2704.27 2013.46 2869.77 
 278 2735.95 2123.76 2869.77 
 279 3015.35 2396.60 2869.77 
 280 2683.95 2263.56 3015.35 
 281 2667.83 2076.94 3015.35 
 282 2725.00 1784.65 3015.35 
 283 2812.80 2172.08 3015.35 
 284 2819.34 2146.59 3015.35 
 285 2835.45 2159.72 3015.35 
 286 2867.92 2181.60 3015.35 
 287 2962.46 1938.58 3015.35 
 288 2845.35 2603.57 3015.35 
 289 2650.58 2491.04 3015.35 
 290 2820.05 2429.63 3015.35 
 291 2845.72 2702.75 3015.35 
 292 2925.95 2977.54 3015.35 
 293 2942.25 2640.63 3015.35 
 294 2850.39 2715.49 3015.35 
 295 2707.14 2860.96 3015.35 
 296 2867.93 3001.88 3015.35 
 297 2821.89 2950.00 3015.35 
 298 2919.67 2866.55 3015.35 
 299 2696.54 2691.29 3015.35 
