Iter | Sampling Pol | Evaluation Pol | Best (Sampled) 
   0 -6.00 -5.15 -100000000.00 
   1 -5.86 -3.86 -6.00 
   2 -4.50 -4.41 -5.86 
   3 -5.41 -4.68 -4.50 
   4 -4.75 -5.06 -4.50 
   5 -5.01 -3.95 -4.50 
   6 -4.57 -4.23 -4.50 
   7 -4.75 -4.00 -4.50 
   8 -4.25 -4.15 -4.50 
   9 -4.25 -2.73 -4.25 
  10 -4.19 -4.44 -4.25 
  11 -4.49 -4.25 -4.19 
  12 -3.90 -5.05 -4.19 
  13 -3.72 -5.07 -3.90 
  14 -4.07 -2.86 -3.72 
  15 -4.27 -4.96 -3.72 
  16 -3.48 -4.62 -3.72 
  17 -3.13  1.57 -3.48 
  18 -3.15 -4.40 -3.13 
  19 -2.99 -4.27 -3.13 
  20 -3.26 -3.73 -2.99 
  21 -2.73 -4.80 -2.99 
  22 -2.57 -4.71 -2.73 
  23 -3.10 -4.29 -2.57 
  24 -1.98 -4.25 -2.57 
  25 -2.24 -4.08 -1.98 
  26 -2.68 -3.45 -1.98 
  27 -2.12 -3.46 -1.98 
  28 -2.27 -2.01 -1.98 
  29 -2.87 -4.05 -1.98 
  30 -2.48 -4.02 -1.98 
  31 -2.51 -2.31 -1.98 
  32 -1.43 -3.99 -1.98 
  33 -1.19 -3.47 -1.43 
  34 -1.78 -3.98 -1.19 
  35 -0.63 -4.08 -1.19 
  36 -1.80 -3.93 -0.63 
  37 -0.71 -3.89 -0.63 
  38 -2.06 -2.56 -0.63 
  39 -2.77 -3.78 -0.63 
  40 -0.65 -3.94 -0.63 
  41 -0.58 -3.64 -0.63 
  42 -2.62 -3.86 -0.58 
  43 -0.45 -3.68 -0.58 
  44  0.97 10.50 -0.45 
  45  0.19 -3.08  0.97 
  46 -1.07 -3.28  0.97 
  47  0.28 -3.05  0.97 
  48  0.31 -3.30  0.97 
  49  5.31 -3.11  0.97 
  50  1.63 -2.36  5.31 
  51  4.24 -0.21  5.31 
  52  0.47  1.42  5.31 
  53  1.68 -0.82  5.31 
  54  2.71 -0.89  5.31 
  55  1.53  1.85  5.31 
  56  2.54 11.15  5.31 
  57  3.42 -0.99  5.31 
  58  3.20 14.18  5.31 
  59  4.60  1.21  5.31 
  60  2.74  2.41  5.31 
  61 -0.05  2.10  5.31 
  62  0.45 -0.13  5.31 
  63  1.43 -0.18  5.31 
  64  3.78 11.27  5.31 
  65 10.97  7.25  5.31 
  66  6.11 17.89 10.97 
  67  5.69  1.82 10.97 
  68  1.19 -0.32 10.97 
  69  7.51  1.82 10.97 
  70  5.65  3.62 10.97 
  71 10.53  8.10 10.97 
  72  2.89 -2.50 10.97 
  73  3.64  3.34 10.97 
  74  2.03 28.66 10.97 
  75  3.29  2.35 10.97 
  76  5.25 -0.11 10.97 
  77  4.30  9.69 10.97 
  78  0.22 17.20 10.97 
  79  6.82  8.72 10.97 
  80  2.50  0.83 10.97 
  81  7.19 12.54 10.97 
  82  8.83  2.53 10.97 
  83  3.98  5.21 10.97 
  84  8.08  1.42 10.97 
  85  5.86  7.42 10.97 
  86  9.04  4.84 10.97 
  87  8.04  7.11 10.97 
  88  8.07  7.80 10.97 
  89 13.64  3.03 10.97 
  90 16.68 16.46 13.64 
  91  5.58  7.83 16.68 
  92 10.16  1.11 16.68 
  93  7.49  3.84 16.68 
  94 18.01  5.10 16.68 
  95 17.05  6.49 18.01 
  96 16.20 32.93 18.01 
  97  6.64 17.66 18.01 
  98  8.68 28.56 18.01 
  99 16.23  6.59 18.01 
 100 16.89 39.29 18.01 
 101  5.89 10.37 18.01 
 102  5.13 60.99 18.01 
 103  4.73 22.88 18.01 
 104  6.86 85.56 18.01 
 105  8.39 87.42 18.01 
 106  9.85 100.84 18.01 
 107 13.03 23.70 18.01 
 108  8.38 14.46 18.01 
 109  6.28 20.24 18.01 
 110 11.73 22.02 18.01 
 111  9.69 25.32 18.01 
 112  7.64 27.36 18.01 
 113  6.36 10.81 18.01 
 114 16.35 15.23 18.01 
 115 17.45 27.47 18.01 
 116 12.89 20.95 18.01 
 117  3.67 23.59 18.01 
 118  8.91 37.87 18.01 
 119 16.36 12.57 18.01 
 120 10.72 26.57 18.01 
 121 13.09 44.75 18.01 
 122 34.02 22.93 18.01 
 123 12.07 41.38 34.02 
 124 18.98  3.08 34.02 
 125 23.32  2.67 34.02 
 126 21.34 -0.31 34.02 
 127 30.53  5.77 34.02 
 128 18.56  3.80 34.02 
 129 24.12  9.27 34.02 
 130 13.96  9.86 34.02 
 131 29.60 37.46 34.02 
 132 27.11 38.26 34.02 
 133 25.55 52.65 34.02 
 134 29.77 30.58 34.02 
 135 29.99 24.75 34.02 
 136 22.17 17.76 34.02 
 137 25.98 25.70 34.02 
 138 21.18 28.47 34.02 
 139 33.03 81.68 34.02 
 140 36.32 81.79 34.02 
 141 25.46 37.19 36.32 
 142 26.89 41.80 36.32 
 143 25.44 82.34 36.32 
 144 30.11 62.29 36.32 
 145 26.00 117.70 36.32 
 146 31.32 102.72 36.32 
 147 34.85 125.34 36.32 
 148 48.90 64.85 36.32 
 149 32.05 11.40 48.90 
 150 33.20 16.56 48.90 
 151 31.41 29.88 48.90 
 152 44.47 19.12 48.90 
 153 26.34 24.42 48.90 
 154 24.62 15.28 48.90 
 155 35.82 31.26 48.90 
 156 44.06 39.25 48.90 
 157 56.28 29.94 48.90 
 158 28.73 52.67 56.28 
 159 51.05  7.54 56.28 
 160 50.97  7.94 56.28 
 161 57.91 11.76 56.28 
 162 29.96 14.55 57.91 
 163 41.38 17.51 57.91 
 164 53.71 28.98 57.91 
 165 52.00 17.02 57.91 
 166 64.44 36.03 57.91 
 167 39.76 39.04 64.44 
 168 54.77 63.90 64.44 
 169 43.53 47.78 64.44 
 170 69.53 110.10 64.44 
 171 27.57 40.10 69.53 
 172 72.38 26.50 69.53 
 173 48.10 39.28 72.38 
 174 87.50 36.38 72.38 
 175 57.68 44.75 87.50 
 176 47.71 73.93 87.50 
 177 61.26 48.18 87.50 
 178 86.09 61.33 87.50 
 179 74.02 38.64 87.50 
 180 91.97 90.65 87.50 
 181 82.41 142.48 91.97 
 182 51.96 94.68 91.97 
 183 81.34 66.01 91.97 
 184 79.28 149.80 91.97 
 185 68.33 247.88 91.97 
 186 103.10 250.79 91.97 
 187 72.80 162.35 103.10 
 188 54.22 107.57 103.10 
 189 67.91 150.87 103.10 
 190 88.64 102.97 103.10 
 191 71.02 193.60 103.10 
 192 108.12 173.14 103.10 
 193 83.37 172.14 108.12 
 194 77.42 188.54 108.12 
 195 87.19 175.48 108.12 
 196 84.18 252.54 108.12 
 197 79.60 221.28 108.12 
 198 79.83 173.02 108.12 
 199 86.68 193.44 108.12 
 200 135.78 230.94 108.12 
 201 112.03 205.92 135.78 
 202 88.14 202.78 135.78 
 203 102.79 90.87 135.78 
 204 114.47 236.12 135.78 
 205 96.96 114.93 135.78 
 206 113.70 179.61 135.78 
 207 112.15 85.61 135.78 
 208 89.92 34.38 135.78 
 209 113.56 64.47 135.78 
 210 102.39 86.77 135.78 
 211 114.15 132.54 135.78 
 212 178.13 180.49 135.78 
 213 119.41 164.53 178.13 
 214 124.49 217.93 178.13 
 215 103.25 148.34 178.13 
 216 137.67 262.21 178.13 
 217 159.16 191.84 178.13 
 218 188.65 240.29 178.13 
 219 132.38 139.98 188.65 
 220 161.52 80.03 188.65 
 221 131.16 157.93 188.65 
 222 145.33 110.30 188.65 
 223 97.86 150.64 188.65 
 224 88.66 182.96 188.65 
 225 121.39 178.12 188.65 
 226 138.21 350.34 188.65 
 227 164.30 310.38 188.65 
 228 114.72 261.15 188.65 
 229 143.78 277.10 188.65 
 230 139.44 214.34 188.65 
 231 212.58 147.12 188.65 
 232 190.66 114.18 212.58 
 233 173.39 165.05 212.58 
 234 146.16 167.00 212.58 
 235 174.40 232.32 212.58 
 236 128.99 388.88 212.58 
 237 198.24 234.28 212.58 
 238 244.18 193.39 212.58 
 239 219.94 288.20 244.18 
 240 176.85 221.02 244.18 
 241 166.71 167.45 244.18 
 242 177.26 228.77 244.18 
 243 199.95 218.43 244.18 
 244 212.79 278.44 244.18 
 245 183.09 191.85 244.18 
 246 232.18 206.74 244.18 
 247 228.95 247.12 244.18 
 248 208.51 215.94 244.18 
 249 238.16 256.59 244.18 
 250 211.26 231.15 244.18 
 251 201.70 189.20 244.18 
 252 225.30 162.79 244.18 
 253 222.15 85.73 244.18 
 254 333.33 91.36 244.18 
 255 215.48 195.70 333.33 
 256 227.37 205.51 333.33 
 257 224.22 62.89 333.33 
 258 246.98 43.97 333.33 
 259 168.19 183.66 333.33 
 260 205.65 271.22 333.33 
 261 206.98 220.51 333.33 
 262 189.72 176.05 333.33 
 263 241.17 186.02 333.33 
 264 241.17 150.36 333.33 
 265 282.38 251.55 333.33 
 266 234.22 119.58 333.33 
 267 322.36 247.93 333.33 
 268 282.83 290.44 333.33 
 269 236.89 254.13 333.33 
 270 221.04 141.42 333.33 
 271 252.31 134.81 333.33 
 272 270.45 305.34 333.33 
 273 292.79 326.21 333.33 
 274 269.60 250.10 333.33 
 275 259.92 359.36 333.33 
 276 320.39 422.79 333.33 
 277 235.19 412.61 333.33 
 278 271.84 378.33 333.33 
 279 295.05 314.80 333.33 
 280 277.51 273.67 333.33 
 281 231.09 286.65 333.33 
 282 288.15 225.96 333.33 
 283 363.97 292.19 333.33 
 284 272.63 327.36 363.97 
 285 335.42 316.38 363.97 
 286 311.19 326.42 363.97 
 287 377.04 469.17 363.97 
 288 315.47 363.77 377.04 
 289 312.06 325.39 377.04 
 290 331.52 316.14 377.04 
 291 348.66 315.99 377.04 
 292 374.47 409.67 377.04 
 293 384.80 390.00 377.04 
 294 375.37 415.42 384.80 
 295 342.25 304.32 384.80 
 296 321.44 377.21 384.80 
 297 459.24 356.26 384.80 
 298 418.63 532.16 459.24 
 299 339.78 432.06 459.24 
