Iter | Sampling Pol | Evaluation Pol | Best (Sampled) 
   0 -7.17 -5.50 -100000000.00 
   1 -6.52 -4.49 -7.17 
   2 -5.93 -4.93 -6.52 
   3 -5.29 -4.35 -5.93 
   4 -4.99 -5.30 -5.29 
   5 -4.50 -4.94 -4.99 
   6 -4.00 -5.31 -4.50 
   7 -4.33 -5.09 -4.00 
   8 -4.49 -5.23 -4.00 
   9 -4.07 -5.45 -4.00 
  10 -3.47 -4.66 -4.00 
  11 -3.84 -3.84 -3.47 
  12 -3.38 -3.81 -3.47 
  13 -2.98 -4.05 -3.38 
  14 -3.19 -3.89 -2.98 
  15 -3.34 -4.20 -2.98 
  16 -3.28 -4.48 -2.98 
  17 -3.67 -4.79 -2.98 
  18 -2.12 -4.06 -2.98 
  19 -3.70 -5.82 -2.12 
  20 -3.21 -5.60 -2.12 
  21 -1.96 -5.09 -2.12 
  22 -2.63 -3.43 -1.96 
  23 -2.90 -4.94 -1.96 
  24 -3.05 -4.40 -1.96 
  25 -3.01 -4.01 -1.96 
  26 -2.25 -1.77 -1.96 
  27 -0.81 -1.85 -1.96 
  28 -2.45 -3.56 -0.81 
  29 -1.95 -3.47 -0.81 
  30 -2.54 -2.55 -0.81 
  31 -2.31 -3.61 -0.81 
  32 -2.87 -3.69 -0.81 
  33 -1.74 -3.64 -0.81 
  34 -2.17 -1.27 -0.81 
  35 -2.05 -3.55 -0.81 
  36 -1.68 -3.74 -0.81 
  37 -1.66 -4.03 -0.81 
  38 -2.02 -3.88 -0.81 
  39 -0.64 -3.54 -0.81 
  40 -1.31 -1.68 -0.64 
  41  0.08 -2.47 -0.64 
  42 -0.87 -3.20  0.08 
  43 -0.70 -3.43  0.08 
  44  0.20 -3.71  0.08 
  45 -0.84 -1.65  0.20 
  46 -0.25 -3.74  0.20 
  47  0.66 -3.48  0.20 
  48  0.83 -3.61  0.66 
  49  1.12 -1.49  0.83 
  50  1.04 -3.30  1.12 
  51 -0.12 -3.09  1.12 
  52  0.79 -2.33  1.12 
  53  1.75  0.09  1.12 
  54  1.74 -2.29  1.75 
  55  1.78 -3.18  1.75 
  56  0.52  0.83  1.78 
  57  2.75 -1.42  1.78 
  58  2.80  1.59  2.75 
  59  2.34  1.33  2.80 
  60  2.05  3.59  2.80 
  61  5.94  2.57  2.80 
  62  2.39  4.69  5.94 
  63  4.19  6.67  5.94 
  64  1.44  2.62  5.94 
  65  5.11 -0.88  5.94 
  66  4.00  1.01  5.94 
  67  3.30  2.17  5.94 
  68  7.00  3.23  5.94 
  69  3.72  1.23  7.00 
  70  5.64  3.01  7.00 
  71  4.67 10.35  7.00 
  72  2.91  6.70  7.00 
  73  7.90  6.41  7.00 
  74  4.90 28.40  7.90 
  75  5.10  7.10  7.90 
  76  8.01  2.53  7.90 
  77 10.95  3.83  8.01 
  78  6.76 11.52 10.95 
  79  5.12  3.03 10.95 
  80 10.18  4.71 10.95 
  81 12.40  8.18 10.95 
  82  8.67 10.07 12.40 
  83 12.17 15.56 12.40 
  84  9.62  7.99 12.40 
  85  6.47 10.75 12.40 
  86 13.85 55.70 12.40 
  87 23.05 29.44 13.85 
  88 16.26 38.10 23.05 
  89  7.70 10.41 23.05 
  90 22.59 83.32 23.05 
  91 18.29 66.97 23.05 
  92 16.33 19.07 23.05 
  93 17.98 15.06 23.05 
  94 11.40 10.68 23.05 
  95 17.02 31.68 23.05 
  96 20.92 36.95 23.05 
  97 10.62  7.79 23.05 
  98 19.09  9.46 23.05 
  99 18.30 22.64 23.05 
 100 18.43 36.54 23.05 
 101 16.86  8.76 23.05 
 102 15.24 12.77 23.05 
 103 36.66 13.55 23.05 
 104 28.03 22.79 36.66 
 105 14.94 11.78 36.66 
 106 22.03 33.41 36.66 
 107 20.39 14.80 36.66 
 108 31.03 21.58 36.66 
 109 18.22 29.62 36.66 
 110 33.94 10.99 36.66 
 111 26.83  9.90 36.66 
 112 31.13 28.55 36.66 
 113 22.46 31.94 36.66 
 114 21.45 44.36 36.66 
 115 27.37 31.02 36.66 
 116 26.23 24.34 36.66 
 117 31.00 83.07 36.66 
 118 31.93 16.84 36.66 
 119 49.24 16.08 36.66 
 120 28.69 21.18 49.24 
 121 23.53 24.78 49.24 
 122 25.99 38.60 49.24 
 123 37.97 55.89 49.24 
 124 21.45 90.67 49.24 
 125 33.92 38.04 49.24 
 126 34.46 52.02 49.24 
 127 42.42 39.60 49.24 
 128 30.78 30.02 49.24 
 129 34.75 14.29 49.24 
 130 22.37 24.85 49.24 
 131 33.03 44.99 49.24 
 132 46.26 46.39 49.24 
 133 32.97 84.18 49.24 
 134 29.28 68.56 49.24 
 135 35.65 12.71 49.24 
 136 32.00 14.58 49.24 
 137 34.09 41.15 49.24 
 138 53.75 27.20 49.24 
 139 41.45 25.66 53.75 
 140 54.85 49.91 53.75 
 141 43.22 44.30 54.85 
 142 36.10 71.75 54.85 
 143 43.55 44.91 54.85 
 144 41.58 39.28 54.85 
 145 59.22 26.45 54.85 
 146 52.70  8.00 59.22 
 147 37.33 26.18 59.22 
 148 67.19 13.87 59.22 
 149 50.82 11.96 67.19 
 150 45.62 11.69 67.19 
 151 44.85 27.13 67.19 
 152 46.38 29.66 67.19 
 153 37.92 42.73 67.19 
 154 68.97 100.27 67.19 
 155 59.57 144.11 68.97 
 156 42.97 63.95 68.97 
 157 49.05 69.35 68.97 
 158 37.96 131.52 68.97 
 159 52.52 51.13 68.97 
 160 62.67 57.04 68.97 
 161 54.72 87.67 68.97 
 162 46.12 68.57 68.97 
 163 36.54 39.69 68.97 
 164 52.66 36.35 68.97 
 165 47.30 30.70 68.97 
 166 53.32 113.75 68.97 
 167 46.18 34.69 68.97 
 168 64.57 37.68 68.97 
 169 66.45 128.26 68.97 
 170 42.94 67.19 68.97 
 171 56.52 95.10 68.97 
 172 75.80 34.79 68.97 
 173 50.70 41.90 75.80 
 174 65.34 63.96 75.80 
 175 65.65 39.87 75.80 
 176 74.35 26.41 75.80 
 177 51.08 37.19 75.80 
 178 59.30 47.12 75.80 
 179 86.76 80.01 75.80 
 180 51.79 86.22 86.76 
 181 105.22 102.42 86.76 
 182 90.36 73.84 105.22 
 183 69.50 46.49 105.22 
 184 74.13 11.10 105.22 
 185 79.14 18.01 105.22 
 186 98.77 46.68 105.22 
 187 96.61 54.04 105.22 
 188 105.51 34.35 105.22 
 189 90.13 52.05 105.51 
 190 117.62 47.99 105.51 
 191 99.91 50.21 117.62 
 192 109.05 29.84 117.62 
 193 84.95 30.01 117.62 
 194 95.82 43.60 117.62 
 195 146.05 77.54 117.62 
 196 138.18 40.70 146.05 
 197 86.26 29.78 146.05 
 198 78.08 121.90 146.05 
 199 128.12 75.55 146.05 
 200 154.83 106.07 146.05 
 201 145.11 108.83 154.83 
 202 101.55 186.02 154.83 
 203 158.05 112.56 154.83 
 204 121.27 121.81 158.05 
 205 107.86 152.59 158.05 
 206 145.62 88.41 158.05 
 207 149.98 63.70 158.05 
 208 151.98 92.05 158.05 
 209 129.23 43.10 158.05 
 210 121.87 85.45 158.05 
 211 139.02 101.58 158.05 
 212 180.25 87.17 158.05 
 213 162.12 131.03 180.25 
 214 116.75 45.53 180.25 
 215 92.87 86.06 180.25 
 216 138.16 44.19 180.25 
 217 119.04 97.63 180.25 
 218 231.99 103.30 180.25 
 219 131.84 49.03 231.99 
 220 130.46 87.60 231.99 
 221 189.38 103.93 231.99 
 222 122.16 67.05 231.99 
 223 142.74 177.46 231.99 
 224 110.58 84.09 231.99 
 225 111.21 217.64 231.99 
 226 100.72 90.55 231.99 
 227 170.67 123.43 231.99 
 228 165.01 55.05 231.99 
 229 128.56 138.73 231.99 
 230 142.43 70.45 231.99 
 231 150.07 80.37 231.99 
 232 121.26 12.84 231.99 
 233 152.60 55.65 231.99 
 234 164.56 101.40 231.99 
 235 168.04 67.37 231.99 
 236 144.99 197.93 231.99 
 237 234.35 72.72 231.99 
 238 204.92 208.21 234.35 
 239 228.79 170.28 234.35 
 240 172.93 171.49 234.35 
 241 198.07 131.45 234.35 
 242 214.65 140.91 234.35 
 243 212.45 178.46 234.35 
 244 181.48 72.00 234.35 
 245 203.00 91.40 234.35 
 246 235.61 178.21 234.35 
 247 248.97 254.64 235.61 
 248 272.64 363.64 248.97 
 249 259.91 391.13 272.64 
 250 238.26 454.78 272.64 
 251 243.38 448.29 272.64 
 252 198.94 362.60 272.64 
 253 233.87 365.75 272.64 
 254 282.37 404.12 272.64 
 255 189.97 386.61 282.37 
 256 291.70 346.36 282.37 
 257 197.12 319.43 291.70 
 258 246.79 244.77 291.70 
 259 278.86 375.10 291.70 
 260 246.45 312.39 291.70 
 261 178.82 315.67 291.70 
 262 267.33 249.99 291.70 
 263 177.26 378.98 291.70 
 264 234.13 279.49 291.70 
 265 218.62 412.80 291.70 
 266 343.28 302.87 291.70 
 267 328.75 396.17 343.28 
 268 287.08 452.94 343.28 
 269 330.38 439.12 343.28 
 270 303.60 478.96 343.28 
 271 326.30 613.37 343.28 
 272 276.46 402.38 343.28 
 273 270.44 383.53 343.28 
 274 234.22 493.78 343.28 
 275 357.95 645.58 343.28 
 276 230.42 562.88 357.95 
 277 284.30 466.28 357.95 
 278 267.67 484.71 357.95 
 279 362.99 353.06 357.95 
 280 241.56 563.62 362.99 
 281 228.02 557.26 362.99 
 282 280.70 618.74 362.99 
 283 342.95 588.91 362.99 
 284 264.10 539.52 362.99 
 285 268.80 511.64 362.99 
 286 316.62 611.19 362.99 
 287 324.22 538.11 362.99 
 288 376.14 316.26 362.99 
 289 300.85 290.86 376.14 
 290 319.16 389.94 376.14 
 291 318.72 494.82 376.14 
 292 366.45 444.45 376.14 
 293 332.74 618.26 376.14 
 294 366.23 591.88 376.14 
 295 320.21 615.42 376.14 
 296 381.20 526.37 376.14 
 297 405.70 513.83 381.20 
 298 309.86 626.07 405.70 
 299 302.27 496.37 405.70 
 276 318.29 363.42 -100000000.00 
 277 298.74 336.90 318.29 
 278 247.39 333.09 318.29 
 279 343.90 455.30 318.29 
 280 256.44 544.32 343.90 
 281 241.41 577.38 343.90 
 282 282.44 402.02 343.90 
 283 234.49 499.57 343.90 
 284 258.41 643.22 343.90 
 285 363.90 523.29 343.90 
 286 268.35 413.88 363.90 
 287 300.38 364.16 363.90 
 288 312.16 542.47 363.90 
 289 293.42 377.04 363.90 
 290 435.79 594.77 363.90 
 291 236.78 411.36 435.79 
 292 323.82 609.11 435.79 
 293 374.18 487.67 435.79 
 294 512.93 563.13 435.79 
 295 318.31 573.16 512.93 
 296 463.17 458.14 512.93 
 297 294.82 523.24 512.93 
 298 340.86 458.60 512.93 
 299 388.57 474.54 512.93 
 300 346.08 784.57 512.93 
 301 354.26 604.18 512.93 
 302 394.29 420.12 512.93 
 303 411.78 541.57 512.93 
 304 342.12 438.93 512.93 
 305 327.92 706.86 512.93 
 306 389.56 532.02 512.93 
 307 386.69 685.05 512.93 
 308 394.36 700.39 512.93 
 309 377.72 495.82 512.93 
 310 413.02 544.47 512.93 
 311 490.09 694.43 512.93 
 312 492.60 557.58 512.93 
 313 460.72 529.54 512.93 
 314 373.34 690.42 512.93 
 315 415.64 890.02 512.93 
 316 467.80 603.01 512.93 
 317 558.92 733.23 512.93 
 318 492.27 737.46 558.92 
 319 460.88 607.21 558.92 
 320 460.24 731.12 558.92 
 321 430.18 811.94 558.92 
 322 556.94 761.31 558.92 
 323 543.69 721.27 558.92 
 324 526.96 553.83 558.92 
 325 488.94 863.69 558.92 
 326 541.92 671.79 558.92 
 327 499.93 671.36 558.92 
 328 526.31 866.72 558.92 
 329 589.92 459.69 558.92 
 330 697.27 535.29 589.92 
 331 614.33 603.70 697.27 
 332 555.61 651.86 697.27 
 333 616.75 802.44 697.27 
 334 670.94 969.43 697.27 
 335 575.22 892.55 697.27 
 336 603.72 1000.03 697.27 
 337 657.89 970.07 697.27 
 338 586.19 947.94 697.27 
 339 516.90 763.35 697.27 
 340 556.34 783.59 697.27 
 341 590.97 710.78 697.27 
 342 655.63 694.30 697.27 
 343 550.52 594.09 697.27 
 344 661.34 630.08 697.27 
 345 565.79 759.57 697.27 
 346 630.42 626.82 697.27 
 347 644.31 737.82 697.27 
 348 619.54 647.78 697.27 
 349 607.29 644.73 697.27 
 350 632.50 539.33 697.27 
 351 635.91 789.22 697.27 
 352 676.41 804.67 697.27 
 353 595.06 658.07 697.27 
 354 642.81 744.24 697.27 
 355 698.42 576.35 697.27 
 356 733.53 604.23 698.42 
 357 682.74 661.88 733.53 
 358 764.76 728.80 733.53 
 359 805.56 746.93 764.76 
 360 859.56 682.29 805.56 
 361 717.67 1035.00 859.56 
 362 823.43 884.00 859.56 
 363 956.27 938.92 859.56 
 364 962.74 942.43 956.27 
 365 878.23 957.75 962.74 
 366 785.36 1003.69 962.74 
 367 880.58 1049.57 962.74 
 368 920.74 1029.57 962.74 
 369 961.46 1086.42 962.74 
 370 1025.08 1197.15 962.74 
 371 963.30 1049.81 1025.08 
 372 830.85 1110.77 1025.08 
 373 832.65 1007.17 1025.08 
 374 991.47 837.41 1025.08 
 375 986.21 1147.21 1025.08 
 376 1015.33 1144.32 1025.08 
 377 1016.08 1077.33 1025.08 
 378 1038.47 1169.74 1025.08 
 379 961.37 1124.83 1038.47 
 380 1010.05 1230.61 1038.47 
 381 944.32 1225.74 1038.47 
 382 1185.67 1300.88 1038.47 
 383 989.73 1291.20 1185.67 
 384 1075.70 1254.57 1185.67 
 385 1095.16 1501.44 1185.67 
 386 1026.59 1231.71 1185.67 
 387 1154.02 1257.57 1185.67 
 388 1183.39 1251.32 1185.67 
 389 1027.54 1349.17 1185.67 
 390 1175.07 1336.40 1185.67 
 391 1129.39 1449.37 1185.67 
 392 1110.33 1362.97 1185.67 
 393 1118.99 1421.48 1185.67 
 394 1289.51 1512.50 1185.67 
 395 1205.48 1462.14 1289.51 
 396 1224.68 1302.34 1289.51 
 397 1274.04 1374.23 1289.51 
 398 1204.33 1398.60 1289.51 
 399 1194.50 1091.15 1289.51 
 400 1278.51 1287.20 1289.51 
 401 1339.33 1244.21 1289.51 
 402 1194.61 1215.91 1339.33 
 403 1275.09 1286.92 1339.33 
 404 1255.37 1200.28 1339.33 
 405 1300.55 1158.17 1339.33 
 406 1243.83 1080.80 1339.33 
 407 1204.44 1358.17 1339.33 
 408 1255.40 1240.05 1339.33 
 409 1213.79 1352.70 1339.33 
 410 1309.87 1508.12 1339.33 
 411 1431.00 1598.58 1339.33 
 412 1128.56 1417.17 1431.00 
 413 1516.49 1403.08 1431.00 
 414 1414.38 1425.43 1516.49 
 415 1364.96 1496.96 1516.49 
 416 1251.28 1612.28 1516.49 
 417 1264.81 1610.64 1516.49 
 418 1294.70 1637.97 1516.49 
 419 1406.40 1697.91 1516.49 
 420 1494.34 1696.46 1516.49 
 421 1402.88 1693.65 1516.49 
 422 1585.63 1725.08 1516.49 
 423 1442.80 1702.18 1585.63 
 424 1556.62 1660.42 1585.63 
 425 1471.40 1824.74 1585.63 
 426 1542.97 1865.65 1585.63 
 427 1447.08 1631.63 1585.63 
 428 1551.45 1790.57 1585.63 
 429 1392.85 1686.39 1585.63 
 430 1626.70 1890.36 1585.63 
 431 1441.69 1804.23 1626.70 
 432 1510.44 1799.57 1626.70 
 433 1416.42 1347.38 1626.70 
 434 1386.40 1721.51 1626.70 
 435 1646.35 1728.15 1626.70 
 436 1539.53 1565.10 1646.35 
 437 1447.39 1622.74 1646.35 
 438 1530.00 1712.33 1646.35 
 439 1680.30 1249.12 1646.35 
 440 1565.56 1345.47 1680.30 
 441 1643.46 1406.43 1680.30 
 442 1767.47 1507.92 1680.30 
 443 1363.55 1388.05 1767.47 
 444 1738.45 1481.06 1767.47 
 445 1474.97 1687.88 1767.47 
 446 1588.86 1896.12 1767.47 
 447 1484.17 1739.47 1767.47 
 448 1700.86 1998.06 1767.47 
 449 1758.29 1677.16 1767.47 
 450 1650.21 1707.40 1767.47 
 451 1609.82 1827.07 1767.47 
 452 1648.56 2072.16 1767.47 
 453 1819.56 1932.89 1767.47 
 454 1667.05 1681.94 1819.56 
 455 1794.11 1593.49 1819.56 
 456 1527.53 1493.74 1819.56 
 457 1762.49 1707.34 1819.56 
 458 1621.65 1834.65 1819.56 
 459 1543.48 1977.07 1819.56 
 460 1649.92 1747.05 1819.56 
 461 1639.60 1849.02 1819.56 
 462 1569.94 1894.58 1819.56 
 463 1732.79 1777.83 1819.56 
 464 1712.37 2140.39 1819.56 
 465 1653.03 2223.20 1819.56 
 466 1688.13 2334.21 1819.56 
 467 1807.55 2191.38 1819.56 
 468 1664.53 2142.54 1819.56 
 469 1872.17 2218.77 1819.56 
 470 1604.41 2051.40 1872.17 
 471 1996.81 2113.25 1872.17 
 472 1771.78 1798.45 1996.81 
 473 1660.83 2015.28 1996.81 
 474 1848.81 1904.90 1996.81 
 475 1778.14 1918.08 1996.81 
 476 1885.34 1991.87 1996.81 
 477 1942.23 2053.95 1996.81 
 478 1904.42 1967.41 1996.81 
 479 2015.29 1876.75 1996.81 
 480 1967.23 1973.17 2015.29 
 481 1930.18 2124.16 2015.29 
 482 2043.29 1772.97 2015.29 
 483 1989.91 2067.71 2043.29 
 484 2019.00 2124.57 2043.29 
 485 1986.06 1920.64 2043.29 
 486 1951.22 1901.20 2043.29 
 487 2093.41 1987.45 2043.29 
 488 2025.48 2101.04 2093.41 
 489 2035.71 2092.51 2093.41 
 490 1878.34 2232.03 2093.41 
 491 1830.12 2221.17 2093.41 
 492 1954.14 2077.00 2093.41 
 493 2105.64 1978.80 2093.41 
 494 2324.78 2295.80 2105.64 
 495 2068.37 2473.49 2324.78 
 496 1994.55 2348.97 2324.78 
 497 2116.90 2466.64 2324.78 
 498 2028.71 2382.52 2324.78 
 499 1936.66 2491.83 2324.78 
